
 72

((monodelphis_domestica: 0.013515, (notamacropus_eugenii: 0.012884, sarcophilus_harrisii: 0.017983): 0.002596): 0.021381, (((choloepus_hoffmanni: 0.015832, dasypus_novemcinctus: 0.018707): 0.004502, (echinops_telfairi: 0.028870, (procavia_capensis: 0.015793, loxodonta_africana: 0.012762): 0.002493): 0.003678): 0.000534, (((sorex_araneus: 0.025839, erinaceus_europaeus: 0.024339): 0.004464, ((pteropus_vampyrus: 0.011578, myotis_lucifugus: 0.020851): 0.002770, (((felis_catus: 0.000701, (panthera_tigris_altaica: 0.001442, panthera_pardus: 0.000380): 0.000445): 0.004709, (canis_familiaris: 0.006825, (mustela_putorius_furo: 0.007098, ailuropoda_melanoleuca: 0.006714): 0.001067): 0.001325): 0.003653, (equus_caballus: 0.010855, (vicugna_pacos: 0.012727, (sus_scrofa: 0.009042, (tursiops_truncatus: 0.008646, (bos_taurus: 0.003364, (ovis_aries: 0.003384, capra_hircus: 0.001626): 0.002058): 0.007184): 0.001354): 0.000724): 0.002498): 0.000378): 0.000240): 0.000497): 0.001676, (((oryctolagus_cuniculus: 0.013498, ochotona_princeps: 0.018526): 0.007064, (ictidomys_tridecemlineatus: 0.010444, (((fukomys_damarensis: 0.008285, heterocephalus_glaber_female: 0.007294): 0.002671, ((cavia_porcellus: 0.000638, cavia_aperea: 0.005407): 0.009679, (chinchilla_lanigera: 0.006223, octodon_degus: 0.010159): 0.001204): 0.001897): 0.007530, (dipodomys_ordii: 0.019813, (jaculus_jaculus: 0.017225, (nannospalax_galili: 0.010674, (((mesocricetus_auratus: 0.006528, cricetulus_griseus_chok1gshd: 0.004222): 0.002318, (peromyscus_maniculatus_bairdii: 0.006570, microtus_ochrogaster: 0.007510): 0.000461): 0.001862, ((mus_pahari: 0.002815, (mus_caroli: 0.001384, (mus_musculus: 0.000659, mus_spretus: 0.000727): 0.000697): 0.001139): 0.002492, rattus_norvegicus: 0.007336): 0.004076): 0.006118): 0.002667): 0.002520): 0.001501): 0.000508): 0.001609): 0.000927, (tupaia_belangeri: 0.018013, ((otolemur_garnettii: 0.012500, (propithecus_coquereli: 0.004634, microcebus_murinus: 0.005575): 0.002869): 0.002649, (carlito_syrichta: 0.014203, (((aotus_nancymaae: 0.003230, callithrix_jacchus: 0.002936): 0.000116, (saimiri_boliviensis_boliviensis: 0.003007, cebus_capucinus: 0.002608): 0.000338): 0.003078, (((chlorocebus_sabaeus: 0.001167, ((papio_anubis: 0.000858, (cercocebus_atys: 0.001174, mandrillus_leucophaeus: 0.000868): 0.000130): 0.000131, (macaca_nemestrina: 0.000683, (macaca_mulatta: 0.000672, macaca_fascicularis: 0.000247): 0.000123): 0.000404): 0.000348): 0.000416, (colobus_angolensis_palliatus: 0.001601, (rhinopithecus_roxellana: 0.000418, rhinopithecus_bieti: 0.000985): 0.000986): 0.000577): 0.001751, (nomascus_leucogenys: 0.003027, (pongo_abelii: 0.002450, (gorilla_gorilla: 0.001131, ((pan_troglodytes: 0.000403, pan_paniscus: 0.000602): 0.000546, homo_sapiens: 0.000691): 0.000146): 0.000713): 0.000221): 0.000806): 0.001320): 0.004006): 0.000804): 0.001129): 0.000269): 0.001618): 0.001562): 0.029366, ornithorhynchus_anatinus: 0.084738);

  0.021381  0.013515  0.002596  0.012884  0.017983  0.029366  0.000534  0.004502  0.015832  0.018707  0.003678  0.028870  0.002493  0.015793  0.012762  0.001562  0.001676  0.004464  0.025839  0.024339  0.000497  0.002770  0.011578  0.020851  0.000240  0.003653  0.004709  0.000701  0.000445  0.001442  0.000380  0.001325  0.006825  0.001067  0.007098  0.006714  0.000378  0.010855  0.002498  0.012727  0.000724  0.009042  0.001354  0.008646  0.007184  0.003364  0.002058  0.003384  0.001626  0.001618  0.000927  0.007064  0.013498  0.018526  0.001609  0.010444  0.000508  0.007530  0.002671  0.008285  0.007294  0.001897  0.009679  0.000638  0.005407  0.001204  0.006223  0.010159  0.001501  0.019813  0.002520  0.017225  0.002667  0.010674  0.006118  0.001862  0.002318  0.006528  0.004222  0.000461  0.006570  0.007510  0.004076  0.002492  0.002815  0.001139  0.001384  0.000697  0.000659  0.000727  0.007336  0.000269  0.018013  0.001129  0.002649  0.012500  0.002869  0.004634  0.005575  0.000804  0.014203  0.004006  0.003078  0.000116  0.003230  0.002936  0.000338  0.003007  0.002608  0.001320  0.001751  0.000416  0.001167  0.000348  0.000131  0.000858  0.000130  0.001174  0.000868  0.000404  0.000683  0.000123  0.000672  0.000247  0.000577  0.001601  0.000986  0.000418  0.000985  0.000806  0.003027  0.000221  0.002450  0.000713  0.001131  0.000146  0.000546  0.000403  0.000602  0.000691  0.084738

 -19.695454 -0.284860 -6.455935  1.452772 15.763220  3.890440 -12.556837 -7.537715 -0.531748 12.387686  4.370454 11.360136 -5.453271  5.024301 13.582292  2.826805 24.694551 -11.469257 -2.324133  2.136606  4.970791  7.402138 12.465781 16.777197 -13.230923  8.518425 10.029678 45.863420  7.968573 12.471055 12.400499 23.819618 11.655118 -0.809387  9.737712  8.751557 -9.914841  8.872330  4.812232  8.221388 16.286358  6.331621  0.000000  7.368249  8.368354 12.966962  8.717864 12.196311 51.753257  5.569609 16.990201 -15.333015  6.138377  9.509585  9.986333  7.382787  1.982710  8.929342  7.653652  3.057346  6.407331 27.310447 43.500139 37.061629 30.799935  4.381254  4.498235  4.655882 10.870843  5.817268 21.032147  1.016263 55.210571  6.634701  1.231127 28.938203 21.677517 31.987023 37.875307  0.828495 32.744374 35.893690 29.440193 28.706325 33.897859 36.577939 35.955174 39.897987 136.153408 39.384933  6.314610 -74.457844  1.811391  9.302720 21.744651 33.224062 23.058588 27.273113 27.756986 -19.151229  0.422409 27.828186 24.037958 -7.002732 29.390754 29.538639  5.781560 27.549493 26.222847 30.721046 26.858870 74.158296 29.190843 91.964084 103.391184  5.685501 101.705808  5.609289  6.560129 84.017896  3.313246 -6.760571  6.347355 107.773991 17.871076 29.047999 28.423888 27.332210 86.741799 27.284376 30.148793 48.790535  6.308227 24.718315 28.456980 27.805232 73.357468 106.826198 110.770068 95.943722 -0.824226


Hessian

 -7.042e+07 -3.171e+06 -1.041e+07 -1.999e+06 -5.717e+05  -3.05e+07 -3.506e+05  1.147e+06  1.317e+06   2.38e+06 -6.887e+05   1.31e+06  5.311e+05  1.062e+06  2.491e+06 -2.022e+06 -6.276e+05  1.736e+05  8.906e+05  8.009e+05 -2.288e+06  3.658e+05  1.388e+06   2.18e+06 -2.966e+06 -8.018e+05 -1.874e+04  2.793e+06   8.32e+05  4.306e+06  2.613e+06 -1.828e+05  7.775e+05  -1.59e+05  1.319e+06  2.647e+06  2.519e+05  1.678e+06 -5.498e+05  1.202e+06 -1.249e+06  9.612e+05 -2.128e+05  2.098e+06  1.809e+05   2.53e+06  1.383e+06  4.182e+06  4.083e+06 -1.217e+06  -2.56e+06  2.194e+05  2.182e+06  1.128e+06 -1.685e+06  1.847e+05 -1.849e+06 -3.579e+05 -1.977e+05  1.793e+06  1.434e+06  5.401e+05  1.236e+06  3.537e+06  3.938e+06  1.302e+06  1.317e+06   1.73e+06 -1.706e+06  1.297e+06 -1.931e+06  1.141e+06 -1.035e+06  6.607e+05  1.638e+05  -1.45e+04  4.722e+05   1.97e+06  1.414e+06 -4.806e+05  1.288e+06  1.265e+06      -9229 -1.098e+05  9.798e+05  4.734e+05  8.768e+05  2.048e+05  2.695e+06  1.388e+06  2.123e+06 -2.361e+06  1.037e+06 -1.218e+06 -5.703e+05  1.573e+06  1.127e+06  2.313e+06  1.738e+06 -1.952e+06  1.105e+06 -3.924e+05  8.682e+04  2.075e+06  3.003e+06  1.602e+06  1.833e+06  2.017e+06  3.092e+06  1.169e+05  2.848e+04  9.095e+05  2.557e+06  3.657e+06  4.849e+05  4.221e+06  4.372e+06  5.588e+06  4.182e+06  3.706e+06  3.846e+06  4.079e+06  5.803e+06  4.751e+06  1.183e+06  3.251e+06  2.147e+06  4.682e+06  5.012e+06  3.969e+05  3.266e+06  3.536e+05   3.21e+06  1.301e+06  2.572e+06  1.359e+06  3.487e+06  3.624e+06  4.561e+06  3.047e+06  4.698e+05
 -3.171e+06 -1.649e+08 -3.607e+07 -5.467e+06 -4.509e+06 -8.146e+05  1.771e+06  2.128e+06  1.579e+06   2.33e+06  1.613e+06  2.022e+06  1.446e+06  1.922e+06  2.233e+06  1.733e+06  1.378e+06  1.659e+06  1.326e+06  1.561e+06  9.285e+05  2.495e+06  2.677e+06   2.88e+06  1.696e+06  6.256e+05  1.121e+06  2.024e+06 -7.144e+05  2.029e+06 -2.615e+05  9.269e+05   1.58e+06   3.37e+05  1.369e+06  2.166e+06  1.655e+05  2.067e+06  2.103e+06  1.418e+06  2.485e+06  1.344e+06  2.468e+06   2.61e+06  1.727e+06  1.489e+06  2.438e+06  3.248e+06  1.978e+06  1.234e+06  5.482e+05  1.697e+06  2.302e+06  1.838e+06  5.542e+05   1.59e+06  5.712e+05  1.649e+06  1.885e+06  2.289e+06  2.608e+06  2.273e+06  1.676e+06  3.303e+06   2.81e+06 -2.369e+05  1.694e+06  2.217e+06    1.6e+06   2.03e+06  6.737e+05  2.125e+06   1.49e+06  1.908e+06  1.453e+06  1.911e+05  8.128e+05  2.095e+06  1.823e+06 -2.011e+06  1.478e+06  1.244e+06  7.767e+05  4.107e+05  2.184e+06  7.632e+05  1.608e+06 -1.954e+05  3.267e+05  5.765e+05  1.744e+06  6.592e+05  1.697e+06  1.546e+06  8.819e+05  1.897e+06   1.94e+06  1.951e+06  1.903e+06  5.814e+05  1.677e+06  1.613e+06   1.55e+06 -1.815e+06  3.138e+06  7.519e+05   1.88e+06  2.233e+06   3.31e+06  1.385e+06  2.207e+06  5.878e+04  4.442e+05  9.086e+05 -6.036e+05  1.694e+06  3.207e+06  3.639e+06  2.467e+06  1.453e+06  1.199e+06  3.717e+06 -3.489e+05  1.496e+06  2.335e+06  1.991e+06  2.583e+06  2.726e+06  3.589e+06  1.252e+05  3.377e+06  1.659e+06  2.339e+06 -2.368e+05  3.257e+06  6.002e+05  1.654e+06  4.505e+06  1.839e+06  1.772e+06  8.797e+05
 -1.041e+07 -3.607e+07  -4.14e+08 -3.014e+07 -3.166e+07 -5.618e+06 -5.819e+05   1.95e+06  1.619e+06  2.682e+06  7.286e+05  1.731e+06  8.844e+05   1.11e+06  2.521e+06 -6.076e+05 -1.861e+06  8.444e+05  1.205e+06   1.47e+06  -1.25e+06  1.766e+06  2.062e+06  2.827e+06 -7.664e+04  3.873e+05 -2.192e+05    3.5e+06 -1.419e+06  3.907e+06  2.316e+06 -1.076e+06  6.308e+05 -2.226e+05  1.595e+06  2.609e+06 -1.852e+06  1.803e+06 -3.662e+05  1.055e+06  1.195e+06  2.304e+06  1.113e+06  1.792e+06  9.994e+05  8.788e+05  2.577e+06  4.147e+06  4.198e+06 -8.818e+05 -1.302e+06  7.063e+05  2.407e+06  1.328e+06 -6.286e+05  1.561e+06  2.801e+05  1.001e+06  1.013e+06  2.113e+06   2.12e+06  2.449e+06   1.23e+06  3.595e+06  3.969e+06  5.912e+05  1.737e+06  2.122e+06  1.278e+06  2.045e+06  5.219e+05   1.34e+06 -5.277e+05  1.326e+06  1.301e+06  1.155e+06  1.132e+06  2.538e+06  1.213e+06 -3.508e+06 -1.057e+05   2.09e+06 -2.036e+05  7.128e+05  2.336e+06 -5.996e+05  1.156e+06 -1.809e+05   1.85e+06  9.929e+05  1.622e+06 -1.829e+06  1.099e+06 -5.441e+05  7.944e+05  1.591e+06  1.962e+06  2.653e+06  1.792e+06 -1.297e+06  1.601e+06  2.774e+05  2.763e+05 -9.727e+05  2.891e+06  2.714e+06  3.293e+06  2.708e+06   3.33e+06 -3.082e+05   6.67e+05  2.805e+06  1.972e+06  2.101e+06 -7.588e+06  2.587e+06  3.537e+06  3.612e+06  4.954e+06  4.898e+06  1.505e+06  2.098e+06  4.191e+06  4.514e+06  1.903e+06  2.308e+06  2.954e+06  2.789e+06  3.276e+06 -1.012e+06  2.466e+06 -1.047e+04  2.573e+06  7.253e+05    3.3e+06  4.237e+06  3.085e+06  5.569e+06  3.652e+06  2.418e+06  1.073e+06
 -1.999e+06 -5.467e+06 -3.014e+07 -1.503e+08  -4.17e+06 -9.091e+05  1.071e+06  2.222e+06   9.66e+05  2.548e+06  1.078e+06  1.745e+06  1.218e+06  8.809e+05  2.607e+06   6.45e+05   1.45e+06  1.133e+06  1.304e+06  1.144e+06  5.175e+05  1.313e+06  6.864e+05  2.337e+06  9.124e+05  1.651e+06  1.735e+06  2.264e+06  1.504e+06  3.898e+06  1.295e+06  1.163e+06  2.042e+06    8.3e+05   2.45e+06   2.18e+06 -2.896e+06  2.267e+06  1.277e+06   7.15e+05  1.274e+06   2.09e+06  1.595e+06  1.854e+05  1.494e+06  2.433e+06  1.876e+06  2.658e+06  2.517e+06  2.626e+05  4.226e+05  1.429e+06  2.353e+06  9.218e+05 -1.933e+04  1.502e+06 -9.178e+05  1.317e+06  2.014e+06  2.043e+06  1.918e+06  1.966e+06  2.015e+06  2.735e+06  2.346e+06  1.466e+06  1.826e+06  1.116e+06  1.273e+06  2.167e+06  1.497e+06  1.833e+06   1.51e+06  1.607e+06  1.829e+06  1.269e+06  1.882e+06  2.103e+06  1.792e+06  1.192e+06  1.448e+06  1.877e+06   1.54e+06  1.258e+06  2.097e+06  9.475e+05  1.813e+06  1.655e+06  8.425e+05  1.996e+06   2.43e+06  1.476e+06  1.275e+06  1.257e+05  1.483e+06  2.144e+06  1.889e+06  2.011e+06  1.907e+06  9.246e+05  2.114e+06  1.587e+06  1.195e+06 -2.326e+06  2.746e+06  1.865e+06  1.731e+06  2.134e+06  2.641e+06  1.055e+06  1.615e+06  1.141e+06  1.963e+06  2.474e+06  2.373e+06  1.652e+06  4.846e+06  2.725e+06  3.434e+06  3.379e+06  2.535e+06  2.299e+06  2.994e+06  1.242e+06  2.228e+06  2.344e+06   2.21e+06  1.345e+06   2.82e+06 -6.295e+05  2.081e+06       -675  1.073e+06  1.045e+06  2.079e+06  3.813e+05   1.89e+06  4.596e+06  2.512e+06  1.725e+06  1.248e+06
 -5.717e+05 -4.509e+06 -3.166e+07  -4.17e+06 -1.166e+08  6.783e+05  2.074e+06  2.263e+06  1.662e+06  1.979e+06  2.702e+06  2.228e+06  2.338e+06  2.125e+06  2.046e+06  1.608e+06  2.664e+06  2.105e+06  1.664e+06  1.953e+06  1.527e+06  2.903e+06  2.871e+06  2.126e+06  2.241e+06  2.162e+06  2.751e+06    1.6e+06  5.928e+05  1.758e+06  3.885e+06  1.527e+06  1.592e+06  1.007e+06  1.786e+06  1.307e+06  1.816e+06  2.419e+06  2.885e+06  1.504e+06  2.146e+06  2.424e+06   2.37e+06  2.954e+06  2.386e+06  1.489e+06  2.551e+06  1.219e+06  1.922e+06  2.993e+06  1.581e+06  2.586e+06  2.258e+06  2.127e+06   2.65e+06  1.954e+06   9.98e+04  2.662e+06  2.335e+06  2.115e+06  2.211e+06   2.02e+06  2.114e+06  2.876e+06  1.628e+06   2.03e+06  2.555e+06  2.488e+06  2.085e+06  2.111e+06   2.67e+06   2.34e+06  2.353e+06  2.109e+06  2.378e+06  2.007e+06  2.155e+06  2.227e+06   1.98e+06  2.687e+06  2.214e+06  2.611e+06  2.484e+06  1.649e+06  3.366e+06  3.314e+06   2.13e+06  2.878e+06  2.346e+06  2.732e+06  2.549e+06  1.457e+06  1.754e+06  2.432e+06  2.102e+06  2.046e+06  2.848e+06  2.624e+06  2.118e+06  1.246e+06    1.6e+06  1.789e+06    2.6e+06 -1.428e+06  1.547e+06  2.176e+06  2.977e+06  1.348e+06  2.771e+06  2.667e+06  1.084e+06  2.265e+06  1.055e+06  1.502e+06 -2.437e+05  1.027e+06 -2.159e+06  3.656e+06  2.497e+04  3.798e+06  1.233e+06   1.63e+06  1.075e+06  2.991e+06  2.149e+06  2.285e+06   2.91e+06  1.378e+06  2.157e+06  2.078e+06  2.889e+06  3.462e+06  2.421e+06  3.286e+06  2.426e+06  1.987e+06  2.726e+06  4.092e+06  9.704e+05   2.73e+06  1.077e+06
  -3.05e+07 -8.146e+05 -5.618e+06 -9.091e+05  6.783e+05 -6.166e+07 -6.503e+05  4.287e+05  1.192e+06  2.006e+06  -9.33e+05  8.693e+05      -1228  7.342e+05  2.282e+06 -3.581e+06 -1.613e+06 -1.189e+06  4.539e+05  4.121e+05 -3.458e+06 -4.805e+05  1.209e+06  1.573e+06 -4.183e+06 -2.299e+06 -4.351e+05  2.223e+06  1.219e+06  4.312e+06  1.967e+06 -1.155e+06  4.277e+05  -1.24e+06  8.145e+05  2.127e+06 -2.454e+06  1.114e+06 -1.711e+06  9.434e+05 -2.694e+06  4.041e+05 -1.126e+06  1.709e+06 -6.115e+05  2.537e+06  1.082e+06  3.818e+06  3.605e+06 -2.248e+06  -4.17e+06 -8.427e+05  1.731e+06   6.48e+05 -2.935e+06 -5.257e+04 -4.482e+06   -1.2e+06 -4.479e+05  1.857e+06   1.63e+06 -4.691e+05  7.261e+05  3.491e+06  4.008e+06  7.469e+05  9.369e+05  1.407e+06 -2.937e+06  9.543e+05 -2.309e+06  8.859e+05 -1.656e+06   4.49e+05 -4.086e+05  4.692e+05  4.289e+04  1.672e+06  1.265e+06 -1.744e+06  9.414e+05  7.639e+05 -7.344e+05 -3.969e+05  6.383e+05  9.874e+04  4.966e+05   -2.1e+05  2.487e+06  1.592e+06  2.123e+06  -2.78e+06  7.692e+05 -2.272e+06 -6.678e+05  1.381e+06  2.737e+05  2.167e+06  1.397e+06 -3.257e+06    6.7e+05 -1.216e+06 -3.456e+05  2.114e+06  2.752e+06  1.713e+06   1.89e+06  1.789e+06  2.653e+06 -2.291e+04  4.839e+05  2.533e+05  2.296e+06  1.711e+06  1.546e+06  3.886e+06  2.887e+06  5.109e+06  4.624e+06  3.649e+06  4.189e+06  3.722e+06  5.466e+06  3.891e+06  1.055e+06  3.073e+06  1.679e+06  3.798e+06  4.874e+06      -5220  3.182e+06  8.506e+05  3.046e+06  1.486e+06  2.574e+06 -5.094e+04  2.935e+06  4.354e+06  4.872e+06  1.948e+06  7.183e+05
 -3.506e+05  1.771e+06 -5.819e+05  1.071e+06  2.074e+06 -6.503e+05 -2.494e+09 -5.381e+07 -6.688e+06 -1.972e+07 -1.245e+08 -2.585e+06 -6.444e+07 -7.348e+06 -1.436e+07 -4.727e+08 -2.542e+07 -1.401e+07 -4.607e+06 -4.329e+06 -3.794e+07 -2.531e+07 -1.102e+07 -4.232e+06 -7.811e+07 -2.318e+07 -1.553e+07 -1.024e+07 -1.475e+07  4.607e+06 -9.455e+06 -2.624e+07 -9.658e+06 -1.925e+07 -9.501e+06 -6.691e+06 -6.319e+07  -1.17e+07 -3.592e+07 -4.921e+06 -3.566e+07 -1.257e+07  -3.08e+07 -8.752e+06 -1.646e+07  3.137e+05 -5.114e+06 -3.709e+05   1.67e+06 -3.448e+07 -3.313e+07  -1.44e+07 -5.727e+06  -5.12e+06  -3.11e+07 -1.125e+07 -4.225e+07 -1.534e+07 -1.008e+07 -2.667e+06  -1.77e+06  -9.28e+06 -5.641e+06  2.086e+06  4.502e+06 -8.825e+06 -4.721e+06 -6.206e+05 -2.695e+07 -5.208e+06 -1.904e+07 -4.108e+06 -1.743e+07 -4.752e+06 -9.329e+06  -4.64e+06 -5.756e+06 -1.154e+06 -2.672e+06  -2.56e+06  -2.56e+06 -2.778e+06 -3.966e+06 -7.616e+06 -3.681e+06 -1.288e+06   4.89e+05 -6.337e+06 -6.496e+05 -5.201e+05 -9.296e+05 -4.242e+07 -6.557e+06 -3.789e+07 -2.056e+07 -7.126e+06 -2.185e+07 -8.434e+06 -8.627e+06 -4.184e+07 -6.105e+06 -2.294e+07 -1.013e+07 -6.192e+06  1.026e+06 -5.336e+06  3.103e+05 -4.149e+06 -4.487e+06 -1.112e+07 -9.473e+06 -1.174e+07 -2.274e+06  1.582e+06 -9.156e+06 -5.997e+05  9.348e+05  2.276e+05  3.476e+06 -1.075e+07  4.522e+05  7.627e+05  4.746e+06  1.111e+07 -2.137e+06 -1.106e+06  1.897e+06  8.485e+06  3.733e+06   -9.9e+06 -6.992e+05 -1.149e+07  1.141e+06 -5.036e+06 -4.028e+06 -1.691e+07  -1.36e+07  6.676e+06  7.312e+06  3.671e+06  1.284e+06
  1.147e+06  2.128e+06   1.95e+06  2.222e+06  2.263e+06  4.287e+05 -5.381e+07 -3.165e+08 -1.886e+07 -6.334e+07 -1.686e+06  1.524e+04 -1.033e+06  1.201e+05  1.489e+04 -2.567e+07 -1.381e+07 -3.209e+06 -4.286e+05 -3.776e+05  -2.31e+07  -8.31e+06 -2.148e+06 -5.722e+05 -2.324e+07 -9.119e+06 -5.463e+06 -9.272e+04 -3.316e+06  2.609e+06 -3.477e+06 -5.892e+06 -1.965e+06 -7.334e+06 -2.857e+06 -1.057e+05 -1.872e+07  -2.47e+06 -1.177e+07 -4.688e+05 -1.227e+07 -3.264e+06  -8.41e+06 -1.721e+06 -5.512e+06  9.941e+05 -2.812e+06  1.346e+06 -2.979e+05 -1.268e+07 -1.646e+07 -4.469e+06       9715 -1.426e+05 -1.063e+07 -2.765e+06 -1.506e+07 -4.524e+06 -2.136e+06 -2.352e+05   6.56e+05 -2.056e+06 -2.684e+05  2.382e+06  3.961e+06  -2.78e+06 -3.373e+05  2.112e+05 -8.889e+06 -5.142e+05  -6.26e+06 -1.741e+05 -2.787e+06 -5.141e+05 -7.388e+05  3.762e+05 -4.989e+05  7.619e+05  8.717e+05 -3.518e+06  4.992e+04  1.088e+05 -1.383e+06  -1.42e+06  6.714e+05  7.724e+05  5.524e+05  1.569e+06  2.111e+05  3.463e+06  1.358e+06  -1.82e+07 -1.075e+06 -1.216e+07 -7.763e+06   -1.3e+06 -5.592e+06 -3.997e+05 -2.107e+06 -1.229e+07 -1.319e+06 -8.043e+06 -3.139e+06 -5.044e+06  1.817e+06 -2.054e+06 -5.334e+06  2.818e+05 -2.526e+05 -5.259e+06 -9.294e+05 -3.247e+06 -1.722e+06  -1.01e+06  5.282e+05  3.074e+06 -7.474e+05  2.996e+06  2.583e+06 -3.193e+06  7.911e+05  1.772e+06  3.852e+06   9.33e+05  1.776e+06  1.014e+06 -1.528e+05  2.164e+06  3.155e+06 -1.467e+06  8.605e+05  -2.43e+06  7.416e+05  -2.56e+06  1.334e+06 -8.919e+05  2.952e+04   2.54e+06  3.261e+06 -3.443e+04  1.448e+06
  1.317e+06  1.579e+06  1.619e+06   9.66e+05  1.662e+06  1.192e+06 -6.688e+06 -1.886e+07 -9.806e+07  1.281e+06 -2.722e+05    7.1e+05 -1.627e+05 -2.272e+05  8.509e+05 -3.833e+06 -1.894e+06  -1.26e+05  7.622e+05   7.02e+05 -3.929e+06 -1.537e+06 -7.746e+05  1.137e+06 -4.346e+06 -8.542e+05  3.093e+05  7.188e+05 -4.021e+05  1.615e+06 -8.178e+04 -1.498e+05  7.016e+05   5.84e+05  8.593e+05  3.561e+05 -4.156e+06  1.603e+05 -2.632e+06 -7.895e+05 -1.213e+06  2.701e+05  -9.49e+05  -8.32e+05 -5.059e+05  7.695e+05   1.35e+06  1.231e+06 -4.309e+05 -1.462e+06 -1.504e+06  1.019e+05  1.188e+06  8.271e+05 -1.831e+06  5.523e+05 -5.561e+06   5.82e+05    8.5e+05  7.035e+05  1.016e+06  6.082e+05  1.304e+06  2.057e+06   2.18e+06  1.303e+06  1.427e+06  1.008e+06 -5.353e+05   1.14e+06  1.935e+05  1.235e+06  1.566e+05  9.903e+05  1.325e+06  1.768e+06  7.823e+05  1.653e+06  1.157e+06  1.053e+06  1.917e+06  1.545e+06  9.444e+05  1.242e+06  1.226e+06  1.384e+06  2.315e+06  2.782e+06   1.29e+06   6.37e+04  1.827e+06 -2.631e+06   5.44e+04 -1.492e+06 -1.268e+06  9.381e+05 -8.997e+05  9.048e+05  9.187e+05 -1.924e+06  8.986e+05 -1.177e+06 -1.523e+05 -2.589e+06  7.047e+04  6.933e+05  3.517e+05  1.145e+06  9.712e+05  -1.08e+06  1.017e+05 -2.946e+05  -5.54e+04  2.018e+06 -1.043e+06 -2.818e+05 -9.504e+05  2.337e+06  1.556e+06  5.833e+05 -1.281e+06  -5.74e+05  1.694e+06   3.04e+06 -5.016e+05  1.123e+06   1.83e+06  1.448e+06  7.117e+05 -3.208e+05    1.5e+06 -2.803e+06  -2.44e+05 -5.699e+05  9.825e+05 -1.329e+06  1.315e+06  1.971e+06 -1.854e+06  7.474e+05  1.069e+06
   2.38e+06   2.33e+06  2.682e+06  2.548e+06  1.979e+06  2.006e+06 -1.972e+07 -6.334e+07  1.281e+06 -1.264e+08  8.079e+05  1.059e+06  7.427e+05  1.131e+06   7.75e+05  -1.01e+07 -5.748e+06 -5.206e+05  9.056e+05  9.548e+05 -8.177e+06 -2.508e+06  6.627e+05  1.805e+05 -1.051e+07 -2.591e+06 -1.538e+06 -1.649e+06 -1.858e+06  1.746e+06 -4.529e+06 -3.554e+06 -1.349e+06 -2.979e+06   -9.3e+05 -2.569e+05 -8.116e+06   5.13e+04 -4.315e+06   8.24e+05 -5.854e+06 -6.817e+05 -3.535e+06  7.927e+05 -1.695e+06  7.733e+05 -6.169e+05  1.405e+06 -2.414e+05 -5.952e+06 -6.886e+06 -1.281e+06   6.33e+05  1.213e+06 -3.635e+06 -5.424e+04 -5.721e+06 -9.694e+05  2.296e+05   1.41e+06  1.382e+06 -4.796e+05  1.039e+06  3.252e+06  2.716e+06 -2.346e+05  4.318e+05  1.096e+06 -3.927e+06  7.884e+05 -1.282e+06  1.221e+06 -4.717e+05  1.236e+06  2.147e+06  1.875e+06  1.704e+06  2.072e+06  2.038e+06  1.021e+06  1.598e+06   1.99e+06  1.342e+06  1.559e+06  2.549e+06  3.227e+06  2.995e+06  2.338e+06   1.91e+06  4.338e+06   2.18e+06 -6.933e+06   6.05e+05 -5.302e+06 -2.906e+06  2.832e+05 -1.777e+06  9.467e+05 -4.958e+05 -4.899e+06  7.278e+04  -1.98e+06 -1.618e+05 -5.056e+06  1.386e+06  4.526e+05   -6.9e+05  3.312e+05   8.04e+05 -7.497e+05  8.247e+05  1.389e+04  -1.27e+06  8.132e+05  1.383e+06  1.769e+06 -1.708e+06  3.323e+05  1.542e+06 -7.892e+06  2.848e+06  1.239e+06  1.641e+06 -1.243e+06  2.761e+06  1.664e+06  8.669e+05  1.534e+06  3.724e+06 -1.288e+06  1.163e+06  1.205e+06  1.099e+06 -5.546e+05   7.24e+05  7.641e+05     -1e+06 -3.346e+06  1.499e+06  1.043e+06  1.544e+06
 -6.887e+05  1.613e+06  7.286e+05  1.078e+06  2.702e+06  -9.33e+05 -1.245e+08 -1.686e+06 -2.722e+05  8.079e+05 -5.667e+08 -4.188e+06 -1.572e+08 -9.499e+06 -2.294e+07 -6.101e+07  -1.66e+07  -9.36e+06 -2.467e+06 -2.697e+06 -2.688e+07  -1.56e+07 -6.015e+06 -2.325e+06 -3.763e+07 -1.369e+07 -9.508e+06 -6.275e+06 -6.385e+06  4.874e+06  2.169e+05 -1.304e+07 -5.258e+06 -9.205e+06 -5.342e+06 -2.057e+06 -2.673e+07 -5.178e+06  -1.94e+07 -2.534e+06  -2.09e+07 -7.002e+06  -1.65e+07 -3.477e+06 -1.133e+07 -8.551e+05 -3.959e+06  3.061e+06  1.556e+06 -1.864e+07 -3.002e+07 -1.024e+07 -1.578e+06  -3.12e+06  -2.17e+07 -7.811e+06 -2.621e+07 -9.656e+06 -4.289e+06 -6.731e+05 -7.828e+05 -8.934e+06 -3.407e+06  2.304e+06  4.873e+06 -7.761e+06 -2.823e+06 -1.649e+06 -1.885e+07 -2.549e+06 -1.601e+07 -2.966e+06 -1.118e+07 -2.179e+06 -6.626e+06 -4.042e+06 -3.565e+06  5.603e+05   1.89e+04 -4.389e+06 -1.711e+06 -2.161e+06 -4.048e+06 -3.779e+06 -1.585e+06 -2.723e+06 -1.325e+06 -2.464e+06  7.504e+05  8.583e+04   6.07e+05 -2.794e+07  -4.08e+06 -1.817e+07 -1.625e+07 -4.385e+06 -1.036e+07  -3.07e+06 -4.285e+06 -2.249e+07 -3.738e+06 -1.112e+07 -7.339e+06 -3.667e+06  1.682e+06 -2.977e+06 -7.594e+06 -2.501e+06  8.284e+05 -8.209e+06 -5.671e+06 -2.881e+06 -2.221e+06  1.769e+06 -8.116e+06  4.528e+06 -3.245e+06  4.591e+06  4.382e+06  3.054e+06  3.828e+06  2.696e+06  4.484e+06  1.251e+06 -2.945e+06   1.77e+05  -7.13e+05  3.005e+06  5.243e+06  -7.43e+06  7.023e+05 -7.586e+06  5.703e+05 -3.618e+06  2.023e+06 -5.196e+06  2.087e+06   2.93e+06  5.201e+06 -1.941e+04  1.311e+06
   1.31e+06  2.022e+06  1.731e+06  1.745e+06  2.228e+06  8.693e+05 -2.585e+06  1.524e+04    7.1e+05  1.059e+06 -4.188e+06 -6.868e+07 -1.377e+05 -6.711e+05  1.152e+06  -2.69e+06 -2.169e+06 -3.109e+06 -2.706e+05 -8.621e+04 -1.416e+06 -1.585e+06       5593  7.284e+05 -2.986e+06 -1.394e+06 -1.051e+06  3.664e+05 -3.474e+05  3.069e+06  -3.29e+05 -1.995e+06 -1.154e+05 -2.537e+06  2.462e+05  7.407e+05  -3.58e+06  4.066e+05 -2.446e+06  1.565e+05 -2.965e+06 -3.671e+05 -2.241e+06  7.811e+05 -1.285e+06  1.702e+06  1.449e+05  2.629e+06  2.193e+06 -2.049e+06 -4.835e+06 -1.957e+06  5.473e+05  8.648e+04 -2.326e+06      -9934 -4.296e+06 -1.371e+06 -1.884e+05  1.213e+06  1.266e+06 -7.088e+05  6.313e+05  2.047e+06  2.733e+06  1.866e+05  4.232e+05  7.067e+05 -3.621e+06  5.949e+05 -1.915e+06  5.164e+05  -1.27e+06  5.769e+05 -3.717e+05  4.528e+05   1.68e+05  1.359e+06  7.272e+05  -1.27e+05  7.909e+05  9.389e+05 -2.316e+05       4701   1.01e+06  9.854e+04  3.011e+05   2.26e+05  1.596e+06  2.305e+06   1.38e+06 -4.501e+06 -4.403e+05 -1.988e+06 -1.576e+06  8.961e+05 -2.481e+05  1.329e+06  1.201e+05 -3.168e+06 -1.716e+05 -1.058e+06 -6.775e+04 -8.446e+05  1.893e+06   6.04e+05  1.787e+05  1.043e+06  1.706e+06 -1.136e+06  1.081e+06  5.628e+05  1.915e+06  1.711e+06  1.331e+06  2.525e+06  4.954e+06  2.494e+06  2.802e+06 -8.365e+05  1.744e+06 -6.251e+04  3.245e+06  2.598e+06   6.12e+05   1.58e+06  1.925e+06  3.307e+06  2.594e+06 -5.237e+05  1.861e+06 -8.231e+05  2.068e+06  1.643e+06      2e+06 -1.072e+06  2.484e+06  2.885e+05  2.307e+06  1.566e+06  1.014e+06
  5.311e+05  1.446e+06  8.844e+05  1.218e+06  2.338e+06      -1228 -6.444e+07 -1.033e+06 -1.627e+05  7.427e+05 -1.572e+08 -1.377e+05 -6.084e+08 -2.222e+07 -5.437e+07 -3.022e+07 -1.275e+07 -4.716e+06  -6.89e+05 -9.155e+05 -2.744e+07 -9.779e+06 -3.233e+06 -8.735e+05  -3.01e+07  -9.84e+06 -7.486e+06 -2.136e+06 -7.293e+06  4.749e+06 -7.584e+06 -9.015e+06 -4.134e+06 -7.869e+06 -2.076e+06 -1.734e+06 -3.458e+07 -4.687e+06 -1.272e+07 -2.022e+06 -1.465e+07 -4.268e+06 -1.284e+07  -3.42e+06 -6.358e+06 -2.093e+06 -3.328e+06    1.9e+06  3.414e+05 -1.459e+07 -1.602e+07 -6.219e+06 -3.512e+05  -1.04e+06 -1.398e+07 -5.498e+06 -2.006e+07 -6.543e+06 -2.842e+06 -8.914e+04  2.987e+05 -3.948e+06 -2.494e+06  7.837e+05  4.048e+06 -7.126e+06 -1.773e+06 -6.388e+05 -1.262e+07 -1.508e+06 -9.266e+06 -1.267e+06 -7.875e+06 -1.585e+06 -3.215e+06 -2.662e+06 -1.267e+06  3.461e+05  1.805e+06  1.019e+06 -4.961e+05 -1.885e+06 -3.217e+06 -1.303e+06 -5.368e+05  4.214e+05 -1.311e+06 -3.194e+06 -2.095e+06  1.414e+06  3.334e+04 -2.212e+07 -1.372e+06 -1.948e+07 -1.121e+07 -2.851e+06 -9.156e+06 -3.577e+06 -2.682e+06 -1.837e+07 -2.266e+06 -9.202e+06 -6.247e+06 -1.259e+07  4.304e+05 -1.658e+06 -3.653e+06 -6.371e+05  -2.03e+06 -7.934e+06 -6.639e+06 -2.825e+06 -1.196e+06 -1.109e+06 -8.682e+06  3.223e+05 -6.576e+06  1.713e+06  3.505e+06 -5.755e+06  2.011e+06 -3.592e+06 -9.048e+05  1.233e+06 -3.922e+06   1.59e+06  6.739e+05  5.831e+06  3.579e+06 -7.408e+06  -8.84e+05 -6.316e+06  2.044e+05 -3.914e+06  5.122e+05 -1.074e+07  -4.04e+06 -3.104e+06 -6.394e+05 -2.833e+05  1.471e+06
  1.062e+06  1.922e+06   1.11e+06  8.809e+05  2.125e+06  7.342e+05 -7.348e+06  1.201e+05 -2.272e+05  1.131e+06 -9.499e+06 -6.711e+05 -2.222e+07 -1.476e+08  6.033e+05 -6.534e+06 -3.336e+06 -2.322e+06 -1.781e+05 -1.482e+05 -5.176e+06 -4.395e+06 -3.156e+06  7.472e+05 -7.551e+06 -4.169e+06  -3.07e+06 -5.037e+05 -1.181e+06   4.54e+06  1.574e+06 -3.635e+06  -2.11e+05 -1.955e+06 -5.716e+05  5.203e+05 -1.005e+07 -4.963e+05 -6.348e+06 -1.058e+06 -6.378e+06 -1.406e+06 -4.129e+06 -2.454e+06 -3.033e+06  9.294e+05 -2.439e+06  2.588e+06   8.84e+05 -3.749e+06 -8.453e+06 -3.094e+06  7.865e+05 -7.283e+05 -4.925e+06 -1.194e+06 -1.016e+07 -3.126e+06  -1.02e+06  7.946e+05  1.063e+06  -1.25e+06 -3.415e+04  2.354e+06  3.226e+06 -1.873e+06 -8.246e+05 -1.538e+05 -4.109e+06  5.049e+05 -3.494e+06 -4.095e+05 -3.752e+06 -3.003e+05  -1.24e+06 -4.234e+05 -5.754e+05  1.489e+06  6.614e+05 -1.445e+06  2.563e+05 -1.933e+04 -1.876e+06 -8.666e+05 -2.193e+05 -1.012e+06 -3.429e+05  4.563e+05 -2.806e+05  5.149e+05  3.881e+05 -7.179e+06 -6.187e+05 -5.076e+06 -3.651e+06 -7.284e+05  -2.21e+06  1.847e+05 -4.697e+05 -5.241e+06 -4.923e+05 -3.267e+06 -2.213e+06 -2.672e+06  7.385e+05 -5.862e+05 -2.234e+06  4.847e+05  1.052e+06 -2.466e+06 -2.169e+06 -2.248e+06 -9.774e+05  4.998e+05 -6.358e+05  1.927e+06  5.167e+05  3.211e+06  2.998e+06  1.539e+06  3.765e+06 -2.872e+05  2.346e+06  1.289e+06  1.558e+06  1.306e+06  4.072e+05  3.328e+06   3.87e+06 -2.824e+06  1.562e+06 -2.663e+06  -1.06e+06 -1.354e+06  1.153e+06 -6.223e+05  1.004e+06  3.471e+06  2.988e+06 -6.918e+05  1.296e+06
  2.491e+06  2.233e+06  2.521e+06  2.607e+06  2.046e+06  2.282e+06 -1.436e+07  1.489e+04  8.509e+05   7.75e+05 -2.294e+07  1.152e+06 -5.437e+07  6.033e+05 -2.107e+08 -7.257e+06 -2.309e+06  3.979e+05  1.168e+06   1.38e+06 -5.687e+06 -8.122e+05  1.246e+06 -2.182e+05 -1.259e+07 -2.278e+06 -8.678e+05  2.225e+05 -1.777e+06  7.088e+05 -1.819e+06 -5.384e+06 -1.047e+06 -2.987e+06  6.352e+05  -2.87e+06 -1.084e+07 -2.599e+06  -2.91e+06  4.519e+05 -2.825e+06 -2.398e+04 -2.439e+06  8.704e+05 -8.041e+05 -2.066e+06 -8.122e+05 -1.261e+06 -1.153e+06 -3.184e+06 -3.958e+06 -1.428e+05  3.216e+05  1.566e+06 -4.888e+06 -1.755e+05 -7.111e+06  3.749e+05  4.066e+05  7.806e+05  1.468e+06  8.868e+05  8.229e+05   2.15e+06  2.103e+06 -7.719e+05  7.157e+05  1.563e+06 -1.573e+06  1.307e+06 -1.011e+06  1.353e+06  -8.52e+05  1.836e+06   1.78e+06  1.317e+06  2.007e+06  1.605e+06  2.182e+06 -2.408e+06  1.865e+06  9.133e+05  1.642e+06   1.98e+06  2.932e+06  1.827e+06  3.644e+06  2.097e+06 -2.723e+06  3.311e+06  1.437e+06 -5.938e+06  6.966e+05 -4.919e+06 -2.608e+06 -7.758e+05 -1.422e+06 -7.952e+04  6.335e+05 -4.846e+06  5.453e+05 -1.204e+06  3.906e+05 -1.057e+07  9.221e+05 -5.605e+05 -1.546e+06 -7.076e+05  -8.71e+05 -1.302e+06 -2.087e+05  -1.09e+06 -4.463e+06 -1.879e+06 -4.326e+06 -4.855e+06 -1.372e+06   1.02e+05 -6.244e+05 -7.353e+06   3.74e+05  4.361e+05 -4.671e+06 -1.285e+06 -2.055e+06  1.922e+06  1.335e+05 -1.158e+06  2.573e+06 -1.615e+06  2.354e+06 -1.389e+06  6.904e+05 -8.557e+05  1.475e+06  1.227e+06  -4.44e+06 -7.939e+05  2.799e+05 -2.385e+06  1.616e+06
 -2.022e+06  1.733e+06 -6.076e+05   6.45e+05  1.608e+06 -3.581e+06 -4.727e+08 -2.567e+07 -3.833e+06  -1.01e+07 -6.101e+07  -2.69e+06 -3.022e+07 -6.534e+06 -7.257e+06 -1.465e+09 -3.112e+07 -1.124e+07 -2.565e+06 -3.926e+06 -3.669e+07 -1.842e+07 -8.087e+06 -3.127e+06 -6.451e+07 -2.091e+07 -1.405e+07 -7.544e+06 -1.009e+07  2.728e+06 -1.044e+07  -1.81e+07 -7.836e+06 -1.583e+07 -7.524e+06 -3.881e+06  -4.55e+07 -1.065e+07 -2.827e+07 -3.021e+06 -2.697e+07 -1.009e+07 -2.081e+07 -5.461e+06 -1.394e+07 -1.023e+06 -5.602e+06 -1.087e+05  2.028e+06 -3.449e+07 -3.206e+07 -1.256e+07 -3.193e+06 -4.297e+06 -2.309e+07 -8.117e+06 -3.135e+07 -1.545e+07 -7.775e+06 -1.477e+06 -1.687e+06 -1.064e+07 -3.217e+06  7.073e+05  4.659e+06 -5.962e+06 -5.186e+06 -1.411e+06 -2.129e+07 -5.038e+06 -1.596e+07 -2.675e+06 -1.492e+07 -4.429e+06 -7.506e+06 -8.282e+06 -5.589e+06 -1.431e+06     -2e+06 -6.691e+06 -3.908e+06 -3.714e+06 -8.905e+06  -9.27e+06 -2.816e+06 -5.801e+06 -7.676e+05 -7.182e+06 -4.229e+06  5.979e+05 -2.415e+06  -3.58e+07 -5.224e+06  -3.52e+07 -2.139e+07 -6.902e+06 -1.313e+07 -5.657e+06 -6.213e+06 -3.433e+07 -5.814e+06 -2.163e+07 -9.755e+06 -1.162e+07  1.746e+06 -5.816e+06 -2.982e+06 -4.581e+06 -1.402e+06 -1.398e+07 -6.848e+06 -8.594e+05 -9.791e+05 -1.851e+06 -5.716e+06  1.268e+06  2.001e+06   1.58e+06   1.65e+06 -1.359e+06  3.693e+06 -4.729e+06  3.415e+06  8.432e+06  1.441e+06  3.901e+05 -5.002e+06  4.519e+06  2.178e+06 -1.036e+07  2.759e+06 -6.544e+06 -4.322e+06  -7.89e+06 -2.522e+06 -1.125e+07 -9.661e+05  1.118e+06  4.048e+05 -6.798e+06  9.345e+05
 -6.276e+05  1.378e+06 -1.861e+06   1.45e+06  2.664e+06 -1.613e+06 -2.542e+07 -1.381e+07 -1.894e+06 -5.748e+06  -1.66e+07 -2.169e+06 -1.275e+07 -3.336e+06 -2.309e+06 -3.112e+07 -1.595e+09 -1.651e+06 -7.108e+05 -1.231e+06 -5.658e+08  -1.61e+07 -7.408e+06 -1.696e+06 -2.119e+08 -3.911e+07 -2.105e+07 -6.952e+06  -1.12e+07  3.977e+06 -1.321e+07 -2.667e+07 -1.135e+07  -2.03e+07 -7.955e+06 -4.558e+06  -8.12e+07 -1.218e+07 -3.557e+07 -3.609e+06 -3.396e+07 -1.199e+07 -2.345e+07 -7.072e+06 -1.274e+07  -2.82e+06 -1.017e+07  3.243e+06  -6.25e+05 -1.112e+08 -3.511e+07  -1.51e+07 -5.337e+06 -3.832e+06 -3.045e+07 -1.131e+07 -3.714e+07 -1.708e+07 -6.074e+06 -1.447e+06  -5.65e+05 -6.913e+06 -4.539e+06  3.427e+06  4.962e+06 -8.911e+06 -4.316e+06 -4.478e+06 -2.461e+07 -5.255e+06 -1.906e+07 -3.453e+06 -1.063e+07 -3.307e+06 -4.989e+06 -4.476e+06 -4.903e+06   4.13e+05 -2.152e+06 -6.173e+06 -2.437e+06 -5.097e+06 -5.766e+06 -6.014e+06 -7.493e+05 -1.217e+05  4.139e+05 -1.183e+05 -7.778e+06   4.88e+06 -1.113e+06 -6.026e+07 -6.127e+06 -4.475e+07 -2.765e+07 -6.662e+06 -1.889e+07 -5.484e+06 -8.886e+06 -4.353e+07 -6.082e+06 -2.788e+07 -1.192e+07 -1.402e+07 -4.825e+05 -7.502e+06 -1.607e+07 -2.765e+06 -2.579e+06 -1.368e+07 -7.061e+06 -8.637e+06 -2.924e+06 -4.639e+06 -9.386e+06  3.905e+05  4.392e+06 -3.094e+05  2.762e+06 -8.336e+06 -2.688e+06 -1.164e+07  1.095e+06 -6.813e+06 -3.196e+06  -1.49e+06 -3.055e+06  2.593e+06  1.089e+06 -1.012e+07 -5.913e+05 -2.339e+07 -1.378e+05 -9.667e+06 -1.772e+05 -1.746e+07  1.337e+06  -1.06e+07  7.067e+05 -5.909e+06  1.508e+06
  1.736e+05  1.659e+06  8.444e+05  1.133e+06  2.105e+06 -1.189e+06 -1.401e+07 -3.209e+06  -1.26e+05 -5.206e+05  -9.36e+06 -3.109e+06 -4.716e+06 -2.322e+06  3.979e+05 -1.124e+07 -1.651e+06 -2.485e+08 -2.377e+07 -3.411e+07 -2.189e+07 -9.066e+06 -4.397e+06 -2.226e+06 -1.494e+07  -1.01e+07 -6.624e+06 -1.197e+06 -2.211e+06  3.938e+06 -1.185e+07 -1.023e+07 -5.244e+06 -1.087e+07 -4.225e+06 -2.132e+06 -1.528e+07 -4.247e+06 -1.384e+07 -5.111e+06 -1.766e+07 -4.716e+06 -8.901e+06 -2.722e+06 -8.395e+06 -2.027e+05 -2.599e+06  2.494e+06  1.825e+06 -8.406e+06 -2.297e+07 -8.278e+06 -1.342e+06 -2.616e+06  -1.25e+07  -4.38e+06 -2.397e+07 -7.061e+06 -6.898e+06 -7.533e+05 -2.546e+06  -4.61e+06 -1.997e+06  2.494e+06  3.687e+06 -6.023e+06 -2.015e+06 -1.513e+06 -1.526e+07 -2.562e+06  -9.71e+06 -1.535e+06 -7.172e+06 -1.962e+06 -4.456e+06 -3.581e+06  -7.13e+06 -5.461e+06 -6.655e+05 -9.661e+06 -2.225e+06  -1.29e+06 -4.104e+06 -4.416e+06 -9.197e+05 -3.353e+06 -2.615e+06 -1.104e+06 -1.764e+06  9.218e+04 -4.809e+05 -1.532e+07  -4.52e+06 -8.909e+06 -7.692e+06   -1.6e+06 -6.654e+06 -2.093e+05 -3.516e+06 -1.118e+07 -3.383e+06 -6.659e+06 -4.015e+06 -3.526e+06 -1.743e+05 -1.626e+06 -6.002e+05 -1.853e+06  4.975e+05 -4.589e+06 -1.867e+07 -1.636e+07 -4.363e+05 -1.732e+07 -1.073e+06  2.418e+06 -2.558e+05  -3.53e+05   2.12e+06  -1.41e+07  4.788e+06  2.119e+06  4.698e+06  1.538e+06  1.641e+05  6.534e+05  8.881e+05  2.148e+06  4.472e+06 -6.814e+06  1.225e+06 -3.698e+06  1.117e+06 -1.382e+06  1.165e+06 -2.801e+06  3.803e+05 -1.012e+07  2.782e+06  -1.99e+06  1.011e+06
  8.906e+05  1.326e+06  1.205e+06  1.304e+06  1.664e+06  4.539e+05 -4.607e+06 -4.286e+05  7.622e+05  9.056e+05 -2.467e+06 -2.706e+05  -6.89e+05 -1.781e+05  1.168e+06 -2.565e+06 -7.108e+05 -2.377e+07 -6.137e+07  1.804e+06 -3.875e+06 -2.828e+06 -6.306e+05  2.103e+04 -3.944e+06 -2.698e+06 -1.975e+06 -1.681e+05 -1.292e+06  2.295e+06  1.688e+06 -3.211e+06 -7.938e+05 -2.525e+06 -6.042e+05  3.957e+05 -5.456e+06 -4.036e+05 -4.915e+06  -1.73e+05 -4.903e+06 -1.488e+06 -3.329e+06    5.6e+04 -2.615e+06  1.118e+06 -3.374e+05  1.845e+06  2.142e+06 -2.638e+06 -7.029e+06  -2.87e+06 -6.885e+04 -5.672e+05 -3.504e+06 -6.307e+05 -7.436e+06 -2.273e+06 -9.676e+05  5.199e+05  1.282e+06  -2.04e+06 -2.245e+05  2.283e+06  2.495e+06 -5.887e+05 -4.099e+05  1.689e+05 -4.071e+06 -5.847e+05  -2.68e+06  -9.72e+04 -1.917e+06 -1.015e+05 -9.849e+05 -2.385e+05 -2.166e+05  5.329e+05  9.704e+05 -2.671e+06 -2.932e+05 -2.051e+04 -1.014e+06 -1.443e+06  1.244e+05 -1.025e+06 -3.684e+05  1.161e+05  1.032e+06 -3.503e+05  4.365e+05 -2.961e+06 -8.147e+05 -1.962e+06 -1.859e+06  1.492e+05 -7.471e+05  9.085e+05 -4.507e+05 -3.473e+06 -4.382e+05 -2.164e+06  -1.04e+06 -4.767e+05  1.813e+06  2.493e+05 -6.318e+05  6.675e+05   1.53e+06 -8.561e+05  2.097e+05  -1.19e+06  1.195e+06  2.531e+05 -6.191e+04  2.396e+06   1.67e+06  3.152e+06  1.777e+06   1.21e+06  2.766e+06   2.82e+06  3.157e+06  1.977e+06  5.887e+05  1.301e+06  1.243e+06  3.126e+06  3.455e+06  4.831e+05  1.641e+06  1.435e+05  1.839e+06  6.424e+05  2.124e+06  4.779e+05  1.991e+06  1.429e+06  2.914e+06  1.343e+06   8.55e+05
  8.009e+05  1.561e+06   1.47e+06  1.144e+06  1.953e+06  4.121e+05 -4.329e+06 -3.776e+05   7.02e+05  9.548e+05 -2.697e+06 -8.621e+04 -9.155e+05 -1.482e+05   1.38e+06 -3.926e+06 -1.231e+06 -3.411e+07  1.804e+06 -7.351e+07 -6.288e+06 -2.868e+06 -6.751e+05      -1951 -6.185e+06 -3.909e+06 -2.328e+06  4.738e+05 -1.209e+06  2.926e+06  1.745e+06 -3.259e+06 -1.169e+06 -1.926e+06 -5.398e+05   1.73e+05 -6.345e+06 -4.893e+05 -4.617e+06 -2.254e+05 -4.758e+06 -1.187e+06 -3.164e+06 -5.536e+05 -2.255e+06  1.119e+06 -5.686e+05  2.641e+06  2.101e+06  -3.66e+06 -6.401e+06 -2.602e+06  4.377e+05 -3.606e+05 -4.025e+06  -1.48e+06 -6.374e+06 -2.548e+06 -1.208e+06  3.842e+05  5.198e+05 -1.007e+06  6.007e+04  1.704e+06  2.752e+06 -5.068e+05 -1.763e+05  1.831e+05 -4.686e+06 -3.991e+05 -3.649e+06 -7.277e+04 -2.735e+06 -3.953e+04 -1.735e+06 -7.695e+05  -1.12e+06  6.266e+05  8.341e+05 -2.301e+06  1.364e+04 -1.515e+05 -1.095e+06 -1.076e+06  5.686e+05 -7.812e+04 -5.652e+05 -1.469e+05  7.546e+05  5.232e+05  1.051e+06 -6.469e+06 -6.128e+05 -3.689e+06 -2.679e+06   3.24e+05 -1.296e+06  6.973e+05 -3.744e+05 -4.848e+06 -7.027e+05 -2.893e+06 -1.176e+06 -7.025e+05   1.46e+06  1.567e+05  5.645e+05  7.605e+05  1.459e+06 -2.088e+06 -1.236e+06 -1.004e+06  1.174e+06  8.166e+05  1.552e+06  2.773e+06  1.762e+06  3.502e+06  3.047e+06   1.37e+06  2.627e+06  6.528e+05  3.301e+06  2.305e+06 -1.101e+05  1.545e+06  8.764e+05  2.629e+06  3.716e+06 -4.383e+05  1.543e+06 -1.668e+06  1.448e+06  1.407e+05  1.377e+06  3.547e+05  1.439e+06  1.813e+06  3.063e+06 -2.399e+05  1.001e+06
 -2.288e+06  9.285e+05  -1.25e+06  5.175e+05  1.527e+06 -3.458e+06 -3.794e+07  -2.31e+07 -3.929e+06 -8.177e+06 -2.688e+07 -1.416e+06 -2.744e+07 -5.176e+06 -5.687e+06 -3.669e+07 -5.658e+08 -2.189e+07 -3.875e+06 -6.288e+06   -3.5e+09 -3.389e+07  -9.38e+06 -5.525e+06 -5.454e+08 -5.715e+07 -3.197e+07 -1.538e+07  -2.07e+07  2.815e+06 -1.293e+07 -3.884e+07 -1.923e+07 -3.196e+07 -1.783e+07 -1.105e+07   -1.5e+08 -2.253e+07 -6.172e+07 -6.132e+06 -6.981e+07 -1.528e+07 -3.944e+07 -1.358e+07 -2.574e+07 -1.111e+07  -1.22e+07 -2.572e+06 -2.921e+06 -1.071e+08 -6.334e+07  -1.44e+07 -7.318e+06 -5.115e+06 -4.472e+07 -1.619e+07 -5.193e+07  -2.17e+07 -8.316e+06 -1.202e+06 -4.382e+06 -1.505e+07 -5.081e+06  1.078e+06   2.32e+06 -9.179e+06 -4.499e+06 -5.622e+06  -2.94e+07 -7.696e+06 -2.098e+07 -4.677e+06 -1.173e+07 -5.576e+06 -1.038e+07 -7.237e+06 -6.366e+06 -1.636e+06 -8.264e+05 -2.899e+07  -4.03e+06 -7.221e+06 -8.327e+06 -7.259e+06 -1.788e+06 -2.076e+06 -2.992e+06 -3.004e+05 -2.393e+07  4.213e+06 -5.598e+06 -9.851e+07 -6.904e+06 -7.455e+07 -4.096e+07 -1.209e+07     -3e+07 -8.521e+06 -9.086e+06 -7.002e+07 -1.132e+07 -3.111e+07 -1.693e+07 -1.012e+07 -5.905e+06 -1.128e+07 -3.746e+06 -4.841e+06 -4.432e+06 -1.771e+07 -7.152e+06 -1.551e+07 -2.003e+07 -7.411e+06 -1.759e+07  1.272e+05 -6.459e+06  -1.27e+07  5.797e+06 -2.558e+07 -4.355e+06 -1.793e+07  2.835e+06 -4.897e+07 -1.489e+07 -1.326e+06 -1.685e+06  9.184e+05  5.215e+06 -1.846e+07 -6.764e+06  -1.99e+07 -1.007e+07 -1.058e+07 -3.063e+06 -1.008e+06 -2.753e+07 -2.816e+06 -1.441e+06  1.079e+05  1.488e+06
  3.658e+05  2.495e+06  1.766e+06  1.313e+06  2.903e+06 -4.805e+05 -2.531e+07  -8.31e+06 -1.537e+06 -2.508e+06  -1.56e+07 -1.585e+06 -9.779e+06 -4.395e+06 -8.122e+05 -1.842e+07  -1.61e+07 -9.066e+06 -2.828e+06 -2.868e+06 -3.389e+07 -7.167e+08 -6.995e+07 -2.473e+07  -9.24e+07 -2.221e+07 -1.492e+07 -5.542e+06 -6.254e+06  3.801e+06 -1.148e+07 -1.879e+07 -6.993e+06 -1.693e+07 -8.007e+06  -5.71e+06 -3.845e+07 -9.259e+06 -3.403e+07 -3.973e+06 -2.847e+07 -9.472e+06 -2.261e+07 -7.422e+06 -1.087e+07 -2.761e+06  -6.45e+06   1.41e+06 -4.611e+06 -1.996e+07  -3.21e+07 -1.087e+07 -2.521e+06 -2.142e+06  -2.23e+07 -8.327e+06 -4.374e+07 -1.012e+07 -5.574e+06 -1.793e+06 -6.297e+05 -6.806e+06 -1.798e+06  2.223e+06   4.98e+06 -6.991e+06 -2.822e+06 -3.376e+06  -2.11e+07  -3.79e+06 -1.481e+07 -2.316e+06 -1.009e+07 -1.636e+06 -4.637e+06 -1.385e+06 -2.751e+06 -1.026e+05  1.008e+06 -1.102e+07 -2.031e+06  -2.05e+06 -6.313e+06 -5.278e+06 -1.216e+06 -6.135e+06  1.015e+06 -4.915e+05  2.127e+06 -1.515e+06 -7.584e+05 -3.402e+07 -5.431e+06 -2.281e+07 -1.753e+07 -4.701e+06 -1.578e+07 -3.847e+06 -9.349e+06 -2.436e+07 -4.733e+06 -1.473e+07 -9.178e+06 -2.551e+07 -2.323e+06 -4.048e+06 -7.268e+06 -3.599e+06  2.622e+05 -8.164e+06   -6.7e+06 -8.394e+06 -5.215e+06  1.052e+06  9.629e+05 -2.816e+06 -1.542e+07  2.563e+06  6.642e+05   8.22e+05   2.21e+06  4.364e+06 -2.996e+06 -5.032e+05  -3.67e+06 -1.184e+06 -3.223e+06  1.361e+06  4.561e+05 -4.032e+06 -1.776e+06  -2.33e+07 -4.922e+06  -3.88e+06  -4.12e+05 -3.396e+06  -2.48e+06  1.831e+06  1.958e+06 -2.764e+06  1.346e+06
