
 32

(((((((((cabassous_centralis: 0.003400, cabassous_unicinctus: 0.003408): 0.010939, cabassous_chacoensis: 0.012605): 0.003007, cabassous_tatouay: 0.015939): 0.014478, (tolypeutes_tricinctus: 0.027836, tolypeutes_matacus: 0.028127): 0.009137): 0.001629, priodontes_maximus: 0.031508): 0.007414, (calyptophractus_retusus: 0.029570, chlamyphorus_truncatus: 0.034862): 0.011322): 0.003911, (((chaetophractus_vellerosus: 0.012653, zaedyus_pichiy: 0.008704): 0.003032, chaetophractus_villosus: 0.011124): 0.002464, euphractus_sexcinctus: 0.012967): 0.029208): 0.010734, (((((dasypus_sabanicola: 0.001737, dasypus_yepesi: 0.002630): 0.007266, dasypus_pilosus: 0.008552): 0.001702, (dasypus_hybridus: 0.000130, dasypus_septemcinctus: 0.000446): 0.011884): 0.001641, dasypus_novemcinctus: 0.010308): 0.017854, dasypus_kappleri: 0.014728): 0.042376): 0.028466, ((((bradypus_variegatus: 0.031743, bradypus_pygmaeus: 0.033066): 0.031721, bradypus_torquatus: 0.074384): 0.024938, (choloepus_hoffmanni: 0.021722, choloepus_didactylus: 0.022557): 0.032743): 0.030873, (((tamandua_tetradactyla: 0.007001, tamandua_mexicana: 0.004035): 0.029102, myrmecophaga_tridactyla: 0.034313): 0.046487, cyclopes_didactylus: 0.096335): 0.028589): 0.013289, ((zaglossus_bruijni: 0.009659, tachyglossus_aculeatus: 0.014666): 0.046886, ornithorhynchus_anatinus: 0.047901): 0.290144);

  0.028466  0.010734  0.003911  0.007414  0.001629  0.014478  0.003007  0.010939  0.003400  0.003408  0.012605  0.015939  0.009137  0.027836  0.028127  0.031508  0.011322  0.029570  0.034862  0.029208  0.002464  0.003032  0.012653  0.008704  0.011124  0.012967  0.042376  0.017854  0.001641  0.001702  0.007266  0.001737  0.002630  0.008552  0.011884  0.000130  0.000446  0.010308  0.014728  0.013289  0.030873  0.024938  0.031721  0.031743  0.033066  0.074384  0.032743  0.021722  0.022557  0.028589  0.046487  0.029102  0.007001  0.004035  0.034313  0.096335  0.290144  0.046886  0.009659  0.014666  0.047901

  0.000000  0.000000 -0.010418  0.000000 -0.012113  0.006276 -0.010120  0.005686  0.005293  0.009662  0.008982  0.008952  0.000000  0.006955  0.007325  0.006895  0.000000  0.000000  0.006363  0.005390 -0.007657 -0.010845  0.000000  0.005753  0.005163  0.005028  0.000000  0.000000 -0.010660  0.000000  0.000000  0.000000  0.000000  0.000000  0.000000  0.028500  0.034091  0.000000  0.000000  0.000000  0.000000  0.000000  0.000000  0.000000  0.000000  0.000000  0.000000  0.000000  0.000000  0.000000  0.000000 -0.005391  0.000000  0.000000  0.000000  0.000000  0.000000 -0.020173 -0.010143  0.000000  0.000000


Hessian

 -9.652e+04 -1.217e+04      -3668       6120      -1477       1117       9352       1613 -1.494e+04  1.237e+04       2692       5337      949.3      -5403      -2105     -748.5      -8402      -5726     -342.3     -178.9       4137       6267       3846       7172     -43.03       7907       3875       5814       8611       3565       6048       7617 -1.428e+04       4436       4994  1.332e+04  1.817e+04     -388.9       6375 -5.322e+04      -9645      62.51       2769       1612       1004       2744      544.4       1065       6264      -2689      -2264       1432       2403       7904       1318     -601.9       1181      891.2       6827     -400.2      999.5
 -1.217e+04  -2.78e+05 -3.618e+04 -1.413e+04 -6.365e+04  -2.02e+04      829.3      -3835  -4.64e+04  -3.25e+04       2851       2519 -2.377e+04      -6191     -519.7      -4258      -2221      -5682      -6710      -4447      -6842      -8255       5174 -1.312e+04 -1.845e+04       7115  -3.17e+04       7734  1.097e+04  1.032e+04  1.307e+04  1.342e+04 -4.481e+04      -7837    1.6e+04  2.447e+04  2.125e+04  1.147e+04       3870  -1.18e+04      -7433       2802       4321      -2540       5521       5513       3007     -704.9       7019      -4070     -947.8       5636      -8660      -2882       4766      177.1      730.2       2897       8494       5217       2678
      -3668 -3.618e+04 -6.994e+05 -8.073e+04 -2.628e+04      -4029 -2.789e+04 -2.851e+04  1.497e+04 -3.242e+04      -7187     -602.8 -2.247e+04 -1.566e+04 -1.983e+04      -8704 -2.152e+04 -1.532e+04 -1.173e+04  -5.68e+04  -1.92e+04      54.11 -2.302e+04 -2.488e+04 -1.336e+04      256.5      -9453      -1737  1.124e+04 -8.881e+04 -1.649e+04       7732  2.382e+04      -1671       1188  2.636e+04  2.249e+04      -1927      -2700      -2237      -5686       2915      -9363       4354       6044       4967       4353       1323       9273       1653      -5661       5298       9394       6680       8246       4447       2251       6600       7473  1.045e+04       6822
       6120 -1.413e+04 -8.073e+04 -5.477e+05 -1.112e+05 -2.425e+04 -1.126e+04 -4.388e+04  1.885e+04 -5.642e+04       4162 -1.496e+04 -3.496e+04     -861.8      -5570      -9641 -3.569e+04 -1.632e+04 -1.097e+04 -1.424e+04       6906 -3.785e+04 -1.348e+04       8804 -2.956e+04      -2187  -1.38e+04      -3816      -5138       7842       2168 -2.147e+04  2.525e+04       9427      -5934  2.793e+04  2.398e+04      -1331 -1.056e+04       3586      -6120      -1414       2274      -2079      -2451       4938      -8993       3008       6997       2795       1466       4055      -3102 -4.188e+04       5154       3844      -54.8       5151 -1.814e+04       6552       1385
      -1477 -6.365e+04 -2.628e+04 -1.112e+05 -1.607e+06 -7.235e+04 -5.573e+04 -6.265e+04       5283       4329 -2.441e+04 -1.603e+04 -5.726e+04 -1.039e+04 -1.538e+04 -3.966e+04 -1.682e+04      -6256       5673      -3615       4927 -1.433e+04   1.25e+04       8430 -1.793e+04  1.086e+04 -1.759e+04  1.083e+04       3648  2.529e+04 -1.694e+04 -1.708e+05  1.048e+04 -3.531e+04  1.576e+04  2.726e+04  2.284e+04  1.689e+04  1.277e+04      -3925      -5998       1103       6987       3480  1.197e+04       6490       4396 -1.316e+04 -1.584e+04       4089      -8269 -1.445e+04   2.31e+04  1.951e+04  1.038e+04       1484       2945       5625      -6330       4335       5165
       1117  -2.02e+04      -4029 -2.425e+04 -7.235e+04 -3.269e+05 -5.229e+04 -2.104e+04      -8124 -2.996e+04 -2.732e+04 -1.762e+04 -2.273e+04   -1.2e+04 -1.029e+04 -1.115e+04 -3.094e+04 -1.351e+04     -502.7 -1.305e+04 -2.531e+04  1.143e+04      -3576       3492      -4726 -1.057e+04      -2766      -5119 -3.532e+04   2.17e+04       2337 -2.001e+04     -556.1       7925       1940  2.765e+04  2.383e+04 -2.047e+04 -2.155e+04      -3229       3996       3476       1778       4668       9198       1577       6528       7629  1.609e+04       4652       2506       3057  1.751e+04 -1.708e+04       7708      336.3      -12.4      36.37  1.082e+04  1.137e+04      -1836
       9352      829.3 -2.789e+04 -1.126e+04 -5.573e+04 -5.229e+04 -1.219e+06 -3.271e+04  -1.92e+04 -1.688e+04 -4.048e+04 -9.287e+04 -1.967e+04 -2.265e+04 -2.635e+04  -1.16e+04       3099      -3688  -1.01e+04  -2.66e+04 -5.459e+04       8969  1.915e+04 -2.399e+04  1.146e+04 -1.555e+04       2021  1.229e+04       5533  2.692e+04 -3.992e+04  2.839e+04  2.965e+04 -8.144e+04  1.138e+04  3.033e+04  2.629e+04 -3.119e+04      -1309       6014      -7704       7390       2787  1.353e+04  1.392e+04     -699.9       4002  1.583e+04  1.566e+04       1488      -3805       2393  1.819e+04  2.245e+04      -3954       2553       4124       8900  2.223e+04  1.431e+04       8727
       1613      -3835 -2.851e+04 -4.388e+04 -6.265e+04 -2.104e+04 -3.271e+04 -5.001e+05      -9322      -6834 -3.341e+04 -3.685e+04 -1.761e+04 -2.419e+04      -3363  -1.21e+04      -9366      -6550     -699.3 -1.037e+04      -2738  2.131e+04 -1.544e+04  -2.63e+04 -2.554e+04      -7665      -1504      -3548      369.7 -4.516e+04      -8964       5849  2.618e+04       4556      -7544  2.748e+04  2.364e+04       2188       -214       2768      892.7       1285      -2537       2837       3526       1984       2510       3104      236.6      349.2      -5360       7620  1.061e+04       6989       5984      195.1       2799       3386       5407  1.341e+04       2235
 -1.494e+04  -4.64e+04  1.497e+04  1.885e+04       5283      -8124  -1.92e+04      -9322 -1.768e+06 -2.076e+05 -4.357e+04  1.534e+04  -1.36e+04       2277  1.807e+04       1830      -2219      977.9      -5131  2.094e+04       1468 -1.057e+05  1.734e+04       3166 -2.248e+04  2.431e+04       7014       9597  2.774e+04  2.792e+04      -1179 -1.361e+05  1.956e+04  -3.69e+04       1251  2.713e+04  2.308e+04       1308       7442      -5456  1.062e+04       2158      -2120     -958.8      -3654       6204 -1.616e+04       9524       8440      -3363       8206 -1.373e+04    1.3e+04 -4.504e+04 -1.806e+04      810.5       1949      -5968       1870   1.87e+04      -7889
  1.237e+04  -3.25e+04 -3.242e+04 -5.642e+04       4329 -2.996e+04 -1.688e+04      -6834 -2.076e+05 -1.765e+06 -2.002e+04      642.8      -1147       9145 -1.423e+04       4782 -2.899e+04 -1.301e+04     -946.1  2.093e+04  2.381e+04 -1.382e+04 -1.652e+04  2.677e+04 -7.027e+04       5838  1.225e+04       9379  2.982e+04  2.625e+04       9097 -1.374e+05 -8.164e+04 -3.963e+04       4729  2.772e+04  2.367e+04  2.645e+04       7446      638.1      -5794       3908  1.056e+04       1485       6089      1e+04       3210  2.168e+04  1.188e+04      -1043  1.396e+04 -1.433e+04      -6018    1.8e+04 -1.235e+04       4883       5188 -1.008e+04 -2.636e+04      -1813 -1.562e+04
       2692       2851      -7187       4162 -2.441e+04 -2.732e+04 -4.048e+04 -3.341e+04 -4.357e+04 -2.002e+04 -4.394e+05 -1.985e+04       4491       7834 -1.366e+04 -1.386e+04       7123 -1.684e+04       2766      -2268 -2.589e+04  1.484e+04     -1e+04      -5882  1.138e+04       8687 -1.094e+04  -1.09e+04      -3877  1.967e+04 -1.736e+04      -2570  2.625e+04      -7184  1.424e+04  2.691e+04   2.31e+04      94.38      -5812       2470       7490       4832       7509       6527       3920       3500       6777       8576       8105       5865       6018       1686  1.275e+04      -8379       6851       4452      858.6       1374       2037       1133      134.9
       5337       2519     -602.8 -1.496e+04 -1.603e+04 -1.762e+04 -9.287e+04 -3.685e+04  1.534e+04      642.8 -1.985e+04 -3.402e+05 -2.726e+04  -1.17e+04      614.3      -9021      -6666      -4721      660.5      -4883       2332      -3471       3387 -1.261e+04      -7253       5162      -2395      -5855  -1.72e+04  1.425e+04 -2.168e+04 -1.559e+04  2.226e+04  -1.05e+04  -2.12e+04  2.714e+04  2.344e+04 -1.152e+04  -1.44e+04       4829       7713       8394       2572       2633       8029       5465       7341      226.2       8161       6265       2566       5769       4919     -25.03      -4619      950.9       1996     -240.7  1.203e+04  1.092e+04      -2132
      949.3 -2.377e+04 -2.247e+04 -3.496e+04 -5.726e+04 -2.273e+04 -1.967e+04 -1.761e+04  -1.36e+04      -1147       4491 -2.726e+04 -4.593e+05 -2.098e+04 -2.028e+04      -3203 -2.527e+04 -2.455e+04 -1.146e+04      -7037  1.038e+04       6983       3083      561.5 -1.865e+04       6659 -1.458e+04 -1.104e+04   1.49e+04  1.888e+04       4642      -5661      -9483       -905  1.954e+04  2.517e+04   1.49e+04       1696      -6797 -1.042e+04      -4746       6186       6144       5770       6709       1891      85.09      -8896       4325       -770       3060      -5461  1.314e+04 -2.748e+04     -518.5       2424       2938       5276     -647.8  1.237e+04       3395
      -5403      -6191 -1.566e+04     -861.8 -1.039e+04   -1.2e+04 -2.265e+04 -2.419e+04       2277       9145       7834  -1.17e+04 -2.098e+04 -1.841e+05      -2422      -9921      -6769      -1633       2983       -300       1248  1.066e+04       6980       9329       3413       1811      568.7      862.6       1783  -1.72e+04 -1.333e+04       4904      -5046 -1.268e+04      476.2   2.28e+04  -5.43e+04      -2391       1025      -6193      -2064     -55.99       2626       6193       1959       2070       1140       3453       5093       4316      643.4       5915       4295  1.189e+04       1392      591.6       1476       1175      -5963       1757       1987
      -2105     -519.7 -1.983e+04      -5570 -1.538e+04 -1.029e+04 -2.635e+04      -3363  1.807e+04 -1.423e+04 -1.366e+04      614.3 -2.028e+04      -2422 -1.834e+05     -659.4 -1.009e+04      -5450       1639      -5881      -5592      -1332      -3274       7691 -1.329e+04       2526       1308 -1.366e+04      -3042       5077      -7011 -1.544e+04      -4839       9073     -46.74  2.452e+04  1.904e+04 -1.207e+04       2655      -4832      -1764       4645       5590       8506       5469       4011       4310      848.1       5096       2438       5301     -367.7  1.018e+04      -8199       2932       3503       1232       1362      -2831      -5711       2298
     -748.5      -4258      -8704      -9641 -3.966e+04 -1.115e+04  -1.16e+04  -1.21e+04       1830       4782 -1.386e+04      -9021      -3203      -9921     -659.4 -1.653e+05      -3865      -8835      -2197      -4460      -4277       3755      -6601 -1.862e+04      -6655      -2271      -1666       3823  1.274e+04  1.458e+04      -2147 -3.645e+04  1.393e+04       3740     -620.3  2.549e+04  2.216e+04       5326       2230      10.94       4287       3162       7733       7652       7415       3967       3463       5975       3818       4539       3045      -1913      -5615      -1372       2394       1506       1263      314.6       4056       6586     -958.7
      -8402      -2221 -2.152e+04 -3.569e+04 -1.682e+04 -3.094e+04       3099      -9366      -2219 -2.899e+04       7123      -6666 -2.527e+04      -6769 -1.009e+04      -3865 -3.619e+05 -2.087e+04 -1.695e+04      -3855       5145      -5178   1.12e+04      -8182 -1.578e+04  1.199e+04      -2342 -1.421e+04 -1.654e+04 -4.639e+04       2387  -1.53e+04  2.231e+04      -5746       2758  2.698e+04  2.326e+04      -9576       3493 -1.887e+04      -4995       2145      -1244       2475       8135       5564       2775  1.035e+04  1.057e+04       1747      -1774      -2339  1.337e+04 -1.427e+04     -302.2     -430.9     -48.29      84.59       4540       8362       2466
      -5726      -5682 -1.532e+04 -1.632e+04      -6256 -1.351e+04      -3688      -6550      977.9 -1.301e+04 -1.684e+04      -4721 -2.455e+04      -1633      -5450      -8835 -2.087e+04 -1.603e+05      -2026      -4166      -8684      -7677       5828       7192 -2.095e+04      -5225       1830 -1.229e+04   1.04e+04       9651       1207       3496       1269      96.32        249  2.527e+04  2.194e+04       3648      -1460      -5682       1964      -1200       4025       1911       5393       5159       1543       4476       5971       1462      174.7       3470   1.56e+04       9491       1894       2875       2164       2545      771.7       5894       2100
     -342.3      -6710 -1.173e+04 -1.097e+04       5673     -502.7  -1.01e+04     -699.3      -5131     -946.1       2766      660.5 -1.146e+04       2983       1639      -2197 -1.695e+04      -2026 -1.373e+05      -5228 -1.533e+04      -3134      -1681      -5924 -1.536e+04      -6988      -2482       2196       9298 -2.136e+04       6093      -7755       2745       5104      -2081  2.459e+04  2.139e+04      -1403       7556       4076       1602       3768       2947       5362       3474       5360       2356       1847       4542      -1915      710.1       4373       9449        500       2125       1961      705.4       1898      -3031       7706       2572
     -178.9      -4447  -5.68e+04 -1.424e+04      -3615 -1.305e+04  -2.66e+04 -1.037e+04  2.094e+04  2.093e+04      -2268      -4883      -7037       -300      -5881      -4460      -3855      -4166      -5228 -1.586e+05 -3.392e+04      -7638 -1.745e+04 -1.133e+04 -2.525e+04      431.7      -3026      -4809       4005  1.069e+04 -1.398e+04 -1.707e+04  2.434e+04      535.4      -3631  2.611e+04  2.275e+04      -9278      -6491     -961.9      996.6       6000       8651       8885       8647       4475       4731       8214       5719       2931        505       3906      -6452       1823       3419       1494        887       4658       6563       8293       3083
       4137      -6842  -1.92e+04       6906       4927 -2.531e+04 -5.459e+04      -2738       1468  2.381e+04 -2.589e+04       2332  1.038e+04       1248      -5592      -4277       5145      -8684 -1.533e+04 -3.392e+04 -1.383e+06 -5.601e+04 -1.174e+04   -2.6e+04 -4.014e+04  -1.56e+05      450.8     -839.9  2.516e+04  2.503e+04 -4.811e+04  2.118e+04   2.74e+04      -3694      -1825  2.758e+04  2.356e+04      -1426       8178       4332      -5189       7996  1.172e+04  1.538e+04      -5391       5628  1.041e+04     -350.7       7077       6523      -1039       8394       2172       4473       2700       2303       1625      -3431      -8180 -3.094e+04      -4237
       6267      -8255      54.11 -3.785e+04 -1.433e+04  1.143e+04       8969  2.131e+04 -1.057e+05 -1.382e+04  1.484e+04      -3471       6983  1.066e+04      -1332       3755      -5178      -7677      -3134      -7638 -5.601e+04 -1.455e+06 -2.347e+04  -4.49e+04 -9.833e+04 -4.348e+04      -2134  1.353e+04  2.451e+04  2.643e+04 -1.861e+04 -1.351e+05  2.499e+04 -4.817e+04  2.274e+04  2.774e+04  2.368e+04  2.099e+04       7110      -5745       2554 -1.203e+04  1.226e+04  1.939e+04       6900       5125     -350.2       3563  1.203e+04       5755  1.061e+04     -322.5       7106  1.546e+04      -1931      -4590      593.3     -618.3       9152  1.842e+04      -2209
       3846       5174 -2.302e+04 -1.348e+04   1.25e+04      -3576  1.915e+04 -1.544e+04  1.734e+04 -1.652e+04     -1e+04       3387       3083       6980      -3274      -6601   1.12e+04       5828      -1681 -1.745e+04 -1.174e+04 -2.347e+04  -4.67e+05 -2.396e+04 -1.459e+04      -4580      -1642       3665 -2.454e+04 -3.354e+04      -3129  2.546e+04  2.755e+04 -1.004e+04      -3486  2.686e+04  2.306e+04 -2.037e+04       1017       2448       4762       4309       9811       7171      -3464      553.6       8377       9144       8122       2098       4969       1564 -1.135e+04      -9690       6762       1898       1549      -2347       8357       -245      -4220
       7172 -1.312e+04 -2.488e+04       8804       8430       3492 -2.399e+04  -2.63e+04       3166  2.677e+04      -5882 -1.261e+04      561.5       9329       7691 -1.862e+04      -8182       7192      -5924 -1.133e+04   -2.6e+04  -4.49e+04 -2.396e+04 -6.646e+05 -3.156e+04 -3.096e+04       1044      -9126  2.736e+04  1.328e+04       3855  2.592e+04  2.926e+04  2.648e+04 -3.544e+04  2.843e+04  2.457e+04  1.173e+04      -6285  1.014e+04       6172       7859       3443      -1430       5549       5784       5978  1.178e+04       9272      -4608      -4579      -5321 -1.771e+04      -8361       4623       4768       2907       3455   1.05e+04  1.813e+04       2002
     -43.03 -1.845e+04 -1.336e+04 -2.956e+04 -1.793e+04      -4726  1.146e+04 -2.554e+04 -2.248e+04 -7.027e+04  1.138e+04      -7253 -1.865e+04       3413 -1.329e+04      -6655 -1.578e+04 -2.095e+04 -1.536e+04 -2.525e+04 -4.014e+04 -9.833e+04 -1.459e+04 -3.156e+04 -5.074e+05 -2.992e+04       1906 -1.907e+04 -2.066e+04  2.392e+04 -1.503e+04  2.744e+04  2.918e+04  1.803e+04      932.3  2.841e+04  2.456e+04      -2845  -1.47e+04       1886       3735  1.421e+04       7130       -737       4633       1490       1876       3428  1.433e+04      908.1       2032       5736  -1.63e+04  1.977e+04      -5257       2403     -318.3       3271 -1.624e+04      -4172       3699
       7907       7115      256.5      -2187  1.086e+04 -1.057e+04 -1.555e+04      -7665  2.431e+04       5838       8687       5162       6659       1811       2526      -2271  1.199e+04      -5225      -6988      431.7  -1.56e+05 -4.348e+04      -4580 -3.096e+04 -2.992e+04 -4.168e+05      -7999      -7521   2.07e+04  1.608e+04       8129  2.006e+04       3500       3724 -2.823e+04  2.753e+04  2.378e+04       5048      -8944       2221      -1523       8295       7515       4911  1.015e+04       3010   1.02e+04      326.7       4836       2199       4960       7067      -9053      -2460       5453       2766      905.2       1875      938.6       5299      930.5
       3875  -3.17e+04      -9453  -1.38e+04 -1.759e+04      -2766       2021      -1504       7014  1.225e+04 -1.094e+04      -2395 -1.458e+04      568.7       1308      -1666      -2342       1830      -2482      -3026      450.8      -2134      -1642       1044       1906      -7999 -9.714e+04       5502       2592 -1.714e+04       2182      -2044 -1.355e+04     -206.1      -1020  2.304e+04 -3.487e+04       1526     -958.1       2747      -1630       3137       4016      348.4       3865       4045      254.2       4696       5040      -4105      -2151      -2552      -1068       2625      730.3      501.5     -52.68       2487      -4019      967.9       1927
       5814       7734      -1737      -3816  1.083e+04      -5119  1.229e+04      -3548       9597       9379  -1.09e+04      -5855 -1.104e+04      862.6 -1.366e+04       3823 -1.421e+04 -1.229e+04       2196      -4809     -839.9  1.353e+04       3665      -9126 -1.907e+04      -7521       5502 -2.495e+05 -4.988e+04 -4.322e+04 -1.495e+04       4089 -3.377e+04  -2.22e+04 -6.991e+04  2.659e+04  2.194e+04 -1.387e+04 -5.895e+04      -1307      686.2       6348       8035       8023  1.056e+04       7301       5802      885.9  1.045e+04       5325       4272     -955.5       1840      -9791       2510      -2360       2091       7527      -9528      -7005       6786
       8611  1.097e+04  1.124e+04      -5138       3648 -3.532e+04       5533      369.7  2.774e+04  2.982e+04      -3877  -1.72e+04   1.49e+04       1783      -3042  1.274e+04 -1.654e+04   1.04e+04       9298       4005  2.516e+04  2.451e+04 -2.454e+04  2.736e+04 -2.066e+04   2.07e+04       2592 -4.988e+04 -2.136e+06  -1.26e+05  -5.37e+04  2.774e+04  2.421e+04 -1.052e+04 -4.095e+04  2.783e+04  2.325e+04 -1.926e+05 -2.229e+04  1.173e+04       8890      424.7       8937 -1.365e+04       7477       3628      -4282       8861  1.108e+04 -1.488e+04       2231       5688  2.079e+04  2.334e+04       4797       4559       -667       1088  2.154e+04  1.725e+04      -5223
       3565  1.032e+04 -8.881e+04       7842  2.529e+04   2.17e+04  2.692e+04 -4.516e+04  2.792e+04  2.625e+04  1.967e+04  1.425e+04  1.888e+04  -1.72e+04       5077  1.458e+04 -4.639e+04       9651 -2.136e+04  1.069e+04  2.503e+04  2.643e+04 -3.354e+04  1.328e+04  2.392e+04  1.608e+04 -1.714e+04 -4.322e+04  -1.26e+05 -2.449e+06 -4.212e+04  1.205e+04      -2975 -3.735e+04 -1.272e+05  2.713e+04  2.271e+04 -8.817e+04 -3.457e+04      -1847      978.1     -473.8       3205       1766  1.998e+04  1.544e+04      549.5 -1.619e+04 -2.127e+04       7820      -6716      107.6       7860  2.516e+04       1851      -4718       2039     -477.6 -1.653e+04  1.009e+04      826.3
       6048  1.307e+04 -1.649e+04       2168 -1.694e+04       2337 -3.992e+04      -8964      -1179       9097 -1.736e+04 -2.168e+04       4642 -1.333e+04      -7011      -2147       2387       1207       6093 -1.398e+04 -4.811e+04 -1.861e+04      -3129       3855 -1.503e+04       8129       2182 -1.495e+04  -5.37e+04 -4.212e+04 -8.215e+05      -6567       9609 -2.611e+04 -4.494e+04  2.592e+04  2.108e+04 -7.304e+04       3131       7799      -5318       4171       2610       7565       9464       1785       2094      -1785  1.171e+04      -4458      -8707       8871  1.685e+04     -267.2      -2722       1999       1054       1982  1.044e+04 -1.386e+04      -1265
       7617  1.342e+04       7732 -2.147e+04 -1.708e+05 -2.001e+04  2.839e+04       5849 -1.361e+05 -1.374e+05      -2570 -1.559e+04      -5661       4904 -1.544e+04 -3.645e+04  -1.53e+04       3496      -7755 -1.707e+04  2.118e+04 -1.351e+05  2.546e+04  2.592e+04  2.744e+04  2.006e+04      -2044       4089  2.774e+04  1.205e+04      -6567 -3.624e+06 -1.729e+05       4001      -5260  2.643e+04  2.136e+04  1.615e+04  2.026e+04       7858  -1.88e+04       8164  1.435e+04  1.357e+04       8082       -756      -1886 -4.466e+04  1.078e+04       8795       1422     -163.5 -1.551e+04  -5.55e+04      -9737      -3804       2862       2797  1.444e+04      -9744       2303
 -1.428e+04 -4.481e+04  2.382e+04  2.525e+04  1.048e+04     -556.1  2.965e+04  2.618e+04  1.956e+04 -8.164e+04  2.625e+04  2.226e+04      -9483      -5046      -4839  1.393e+04  2.231e+04       1269       2745  2.434e+04   2.74e+04  2.499e+04  2.755e+04  2.926e+04  2.918e+04       3500 -1.355e+04 -3.377e+04  2.421e+04      -2975       9609 -1.729e+05 -2.455e+06 -4.216e+04 -1.247e+04  2.599e+04  2.094e+04  2.094e+04 -2.538e+04      -4140       -723     -728.8  1.152e+04      -5549       1050      -2937       7966 -3.336e+04 -1.199e+04      -7117     -108.7       5568 -5.416e+04  -1.85e+04       8277       8699       2742  1.147e+04 -7.875e+04 -1.245e+04       6026
       4436      -7837      -1671       9427 -3.531e+04       7925 -8.144e+04       4556  -3.69e+04 -3.963e+04      -7184  -1.05e+04       -905 -1.268e+04       9073       3740      -5746      96.32       5104      535.4      -3694 -4.817e+04 -1.004e+04  2.648e+04  1.803e+04       3724     -206.1  -2.22e+04 -1.052e+04 -3.735e+04 -2.611e+04       4001 -4.216e+04 -7.044e+05 -2.311e+04  2.792e+04   2.31e+04 -5.671e+04       1873       6503      687.6 -1.364e+04       6159       4657       1902       3708      -2173       -860  1.105e+04      -1664      -3226      -1046 -2.289e+04      -2314      -8970      -3323      929.9       9948  1.027e+04       9237       5563
       4994    1.6e+04       1188      -5934  1.576e+04       1940  1.138e+04      -7544       1251       4729  1.424e+04  -2.12e+04  1.954e+04      476.2     -46.74     -620.3       2758        249      -2081      -3631      -1825  2.274e+04      -3486 -3.544e+04      932.3 -2.823e+04      -1020 -6.991e+04 -4.095e+04 -1.272e+05 -4.494e+04      -5260 -1.247e+04 -2.311e+04 -4.935e+05 -3.713e+04  1.712e+04 -1.505e+04  -1.81e+04      -6778     -279.8       6106       8485       8835   1.05e+04       5020       3741  1.291e+04       7848       1855       6732      263.1       3295  2.463e+04       1983       1431       3109       4515       6567       3013       5088
  1.332e+04  2.447e+04  2.636e+04  2.793e+04  2.726e+04  2.765e+04  3.033e+04  2.748e+04  2.713e+04  2.772e+04  2.691e+04  2.714e+04  2.517e+04   2.28e+04  2.452e+04  2.549e+04  2.698e+04  2.527e+04  2.459e+04  2.611e+04  2.758e+04  2.774e+04  2.686e+04  2.843e+04  2.841e+04  2.753e+04  2.304e+04  2.659e+04  2.783e+04  2.713e+04  2.592e+04  2.643e+04  2.599e+04  2.792e+04 -3.713e+04  -4.65e+07 -1.976e+06  2.637e+04  2.673e+04  1.063e+04       6004      -9488  1.113e+04  1.956e+04   1.95e+04  1.341e+04 -1.471e+05  1.452e+04  1.579e+04  1.228e+04       9182  2.238e+04  2.418e+04   2.69e+04  2.212e+04 -3.978e+04       7768  1.909e+04  2.513e+04  2.342e+04  1.951e+04
  1.817e+04  2.125e+04  2.249e+04  2.398e+04  2.284e+04  2.383e+04  2.629e+04  2.364e+04  2.308e+04  2.367e+04   2.31e+04  2.344e+04   1.49e+04  -5.43e+04  1.904e+04  2.216e+04  2.326e+04  2.194e+04  2.139e+04  2.275e+04  2.356e+04  2.368e+04  2.306e+04  2.457e+04  2.456e+04  2.378e+04 -3.487e+04  2.194e+04  2.325e+04  2.271e+04  2.108e+04  2.136e+04  2.094e+04   2.31e+04  1.712e+04 -1.976e+06   -1.5e+07  2.161e+04   2.19e+04  1.788e+04  1.283e+04 -4.796e+04       2561  1.696e+04  1.694e+04 -1.916e+04       3377 -7.895e+04  1.197e+04   1.85e+04  1.798e+04  2.063e+04  2.026e+04  2.292e+04  2.025e+04  1.469e+04       8841  1.719e+04  2.139e+04  1.975e+04  1.761e+04
     -388.9  1.147e+04      -1927      -1331  1.689e+04 -2.047e+04 -3.119e+04       2188       1308  2.645e+04      94.38 -1.152e+04       1696      -2391 -1.207e+04       5326      -9576       3648      -1403      -9278      -1426  2.099e+04 -2.037e+04  1.173e+04      -2845       5048       1526 -1.387e+04 -1.926e+05 -8.817e+04 -7.304e+04  1.615e+04  2.094e+04 -5.671e+04 -1.505e+04  2.637e+04  2.161e+04 -5.492e+05       1269      -3461      202.9       8459       5878       8751       7107       3435      -2458       5528      209.5       1119       2441      -9490 -1.795e+04 -2.222e+04      -1986       2750      347.3       5429  2.118e+04  1.646e+04     -478.3
       6375       3870      -2700 -1.056e+04  1.277e+04 -2.155e+04      -1309       -214       7442       7446      -5812  -1.44e+04      -6797       1025       2655       2230       3493      -1460       7556      -6491       8178       7110       1017      -6285  -1.47e+04      -8944     -958.1 -5.895e+04 -2.229e+04 -3.457e+04       3131  2.026e+04 -2.538e+04       1873  -1.81e+04  2.673e+04   2.19e+04       1269 -2.982e+05       3802       1047       5585       6252       6178       7809       4818       5061       2224       2220       1638       7094      -1237       1233       5257      -9023       4864        684       1998       1776       9259      -1902
 -5.322e+04  -1.18e+04      -2237       3586      -3925      -3229       6014       2768      -5456      638.1       2470       4829 -1.042e+04      -6193      -4832      10.94 -1.887e+04      -5682       4076     -961.9       4332      -5745       2448  1.014e+04       1886       2221       2747      -1307  1.173e+04      -1847       7799       7858      -4140       6503      -6778  1.063e+04  1.788e+04      -3461       3802 -1.368e+05 -1.301e+04      119.3       3652       2027       1909       2654      846.6       7099       7013      -4083      -3314     -52.71      -1724      -4654      626.4      392.9      561.4       1856       9573       5576       1777
      -9645      -7433      -5686      -6120      -5998       3996      -7704      892.7  1.062e+04      -5794       7490       7713      -4746      -2064      -1764       4287      -4995       1964       1602      996.6      -5189       2554       4762       6172       3735      -1523      -1630      686.2       8890      978.1      -5318  -1.88e+04       -723      687.6     -279.8       6004  1.283e+04      202.9       1047 -1.301e+04 -8.962e+04      -6316     -319.8      -1068      531.2      119.6      -7872      -2847      -1978      -6552      -2350       2504       8432  1.092e+04      551.6      -1422      515.4       2792       9214       3179       2403
      62.51       2802       2915      -1414       1103       3476       7390       1285       2158       3908       4832       8394       6186     -55.99       4645       3162       2145      -1200       3768       6000       7996 -1.203e+04       4309       7859  1.421e+04       8295       3137       6348      424.7     -473.8       4171       8164     -728.8 -1.364e+04       6106      -9488 -4.796e+04       8459       5585      119.3      -6316 -1.201e+05 -1.475e+04     -149.8      -2033      -5219 -1.259e+04      -3546      -2105       2968       3343       3978  1.478e+04  1.456e+04       2551       1830       1091       5159       4269       6314       4291
       2769       4321      -9363       2274       6987       1778       2787      -2537      -2120  1.056e+04       7509       2572       6144       2626       5590       7733      -1244       4025       2947       8651  1.172e+04  1.226e+04       9811       3443       7130       7515       4016       8035       8937       3205       2610  1.435e+04  1.152e+04       6159       8485  1.113e+04       2561       5878       6252       3652     -319.8 -1.475e+04   -1.1e+05      -3628      -4095      -5096      -1045      -2339      -2365       3125       3208       4317  1.382e+04       8243       4604       1521       1414       3194       8018       5127       4338
       1612      -2540       4354      -2079       3480       4668  1.353e+04       2837     -958.8       1485       6527       2633       5770       6193       8506       7652       2475       1911       5362       8885  1.538e+04  1.939e+04       7171      -1430       -737       4911      348.4       8023 -1.365e+04       1766       7565  1.357e+04      -5549       4657       8835  1.956e+04  1.696e+04       8751       6178       2027      -1068     -149.8      -3628 -1.356e+05 -2.475e+04     -480.8       1846       4003       1120       4885       2692       3615       5874       1351     -86.06       2010       1702       2260       8246       7227       4593
       1004       5521       6044      -2451  1.197e+04       9198  1.392e+04       3526      -3654       6089       3920       8029       6709       1959       5469       7415       8135       5393       3474       8647      -5391       6900      -3464       5549       4633  1.015e+04       3865  1.056e+04       7477  1.998e+04       9464       8082       1050       1902   1.05e+04   1.95e+04  1.694e+04       7107       7809       1909      531.2      -2033      -4095 -2.475e+04 -1.316e+05      -2327      -3574       3520      -4340       4672       2078       5779  1.207e+04  1.322e+04       3677       3024       1433       3217       2079     -893.9       5104
       2744       5513       4967       4938       6490       1577     -699.9       1984       6204      1e+04       3500       5465       1891       2070       4011       3967       5564       5159       5360       4475       5628       5125      553.6       5784       1490       3010       4045       7301       3628  1.544e+04       1785       -756      -2937       3708       5020  1.341e+04 -1.916e+04       3435       4818       2654      119.6      -5219      -5096     -480.8      -2327 -5.159e+04       1503       1489      -2010       2183       3013       6364       2007       3626       3920       2629       1120       3357       1249       1267       3647
      544.4       3007       4353      -8993       4396       6528       4002       2510 -1.616e+04       3210       6777       7341      85.09       1140       4310       3463       2775       1543       2356       4731  1.041e+04     -350.2       8377       5978       1876   1.02e+04      254.2       5802      -4282      549.5       2094      -1886       7966      -2173       3741 -1.471e+05       3377      -2458       5061      846.6      -7872 -1.259e+04      -1045       1846      -3574       1503 -1.081e+05      -3198      -3890       2536      417.9      -4432  1.349e+04  1.451e+04      444.4      347.5       1371       2037  1.129e+04       6957       1999
       1065     -704.9       1323       3008 -1.316e+04       7629  1.583e+04       3104       9524  2.168e+04       8576      226.2      -8896       3453      848.1       5975  1.035e+04       4476       1847       8214     -350.7       3563       9144  1.178e+04       3428      326.7       4696      885.9       8861 -1.619e+04      -1785 -4.466e+04 -3.336e+04       -860  1.291e+04  1.452e+04 -7.895e+04       5528       2224       7099      -2847      -3546      -2339       4003       3520       1489      -3198 -2.045e+05 -4.969e+04       4739      -1849      87.02       5913 -1.568e+04      735.2      635.1       2747       3774     -275.5       3784       4897
       6264       7019       9273       6997 -1.584e+04  1.609e+04  1.566e+04      236.6       8440  1.188e+04       8105       8161       4325       5093       5096       3818  1.057e+04       5971       4542       5719       7077  1.203e+04       8122       9272  1.433e+04       4836       5040  1.045e+04  1.108e+04 -2.127e+04  1.171e+04  1.078e+04 -1.199e+04  1.105e+04       7848  1.579e+04  1.197e+04      209.5       2220       7013      -1978      -2105      -2365       1120      -4340      -2010      -3890 -4.969e+04 -2.013e+05       6432       3050       5216     -677.7       1985       5310      254.4       2781       4803       -583       8887       6085
      -2689      -4070       1653       2795       4089       4652       1488      349.2      -3363      -1043       5865       6265       -770       4316       2438       4539       1747       1462      -1915       2931       6523       5755       2098      -4608      908.1       2199      -4105       5325 -1.488e+04       7820      -4458       8795      -7117      -1664       1855  1.228e+04   1.85e+04       1119       1638      -4083      -6552       2968       3125       4885       4672       2183       2536       4739       6432 -9.348e+04 -1.053e+04      -2025      -1608       4961      -2173      -2764      349.9     -387.6       4358      -6279     -306.4
      -2264     -947.8      -5661       1466      -8269       2506      -3805      -5360       8206  1.396e+04       6018       2566       3060      643.4       5301       3045      -1774      174.7      710.1        505      -1039  1.061e+04       4969      -4579       2032       4960      -2151       4272       2231      -6716      -8707       1422     -108.7      -3226       6732       9182  1.798e+04       2441       7094      -3314      -2350       3343       3208       2692       2078       3013      417.9      -1849       3050 -1.053e+04  -6.49e+04      -3326      -7611      -2684      -2701      -1133     -199.9       1811       6557       2605       3038
       1432       5636       5298       4055 -1.445e+04       3057       2393       7620 -1.373e+04 -1.433e+04       1686       5769      -5461       5915     -367.7      -1913      -2339       3470       4373       3906       8394     -322.5       1564      -5321       5736       7067      -2552     -955.5       5688      107.6       8871     -163.5       5568      -1046      263.1  2.238e+04  2.063e+04      -9490      -1237     -52.71       2504       3978       4317       3615       5779       6364      -4432      87.02       5216      -2025      -3326 -1.233e+05       5941      -2413 -3.426e+04     -255.2      902.6       1435       9143       3558      -1426
       2403      -8660       9394      -3102   2.31e+04  1.751e+04  1.819e+04  1.061e+04    1.3e+04      -6018  1.275e+04       4919  1.314e+04       4295  1.018e+04      -5615  1.337e+04   1.56e+04       9449      -6452       2172       7106 -1.135e+04 -1.771e+04  -1.63e+04      -9053      -1068       1840  2.079e+04       7860  1.685e+04 -1.551e+04 -5.416e+04 -2.289e+04       3295  2.418e+04  2.026e+04 -1.795e+04       1233      -1724       8432  1.478e+04  1.382e+04       5874  1.207e+04       2007  1.349e+04       5913     -677.7      -1608      -7611       5941 -7.888e+05  -2.67e+05      -1926       2435       2202       1523 -2.123e+04      -4208       2065
       7904      -2882       6680 -4.188e+04  1.951e+04 -1.708e+04  2.245e+04       6989 -4.504e+04    1.8e+04      -8379     -25.03 -2.748e+04  1.189e+04      -8199      -1372 -1.427e+04       9491        500       1823       4473  1.546e+04      -9690      -8361  1.977e+04      -2460       2625      -9791  2.334e+04  2.516e+04     -267.2  -5.55e+04  -1.85e+04      -2314  2.463e+04   2.69e+04  2.292e+04 -2.222e+04       5257      -4654  1.092e+04  1.456e+04       8243       1351  1.322e+04       3626  1.451e+04 -1.568e+04       1985       4961      -2684      -2413  -2.67e+05 -1.164e+06      -3094      -4475       1540     -619.7 -3.962e+04 -2.403e+04      -2109
       1318       4766       8246       5154  1.038e+04       7708      -3954       5984 -1.806e+04 -1.235e+04       6851      -4619     -518.5       1392       2932       2394     -302.2       1894       2125       3419       2700      -1931       6762       4623      -5257       5453      730.3       2510       4797       1851      -2722      -9737       8277      -8970       1983  2.212e+04  2.025e+04      -1986      -9023      626.4      551.6       2551       4604     -86.06       3677       3920      444.4      735.2       5310      -2173      -2701 -3.426e+04      -1926      -3094  -1.09e+05      -1184       1556      997.2      604.5      -4280       1941
