
 52

((((((((((((amblysomus_hottentotus: 0.001063, amblysomus_corriae: 0.000000): 0.000000, amblysomus_marleyi: 0.000000): 0.000000, amblysomus_septentrionalis: 0.000000): 0.000000, amblysomus_robustus: 0.000000): 0.001059, ((neamblysomus_gunningi: 0.001844, neamblysomus_julianae: 0.000000): 0.005610, carpitalpa_arendsi: 0.001808): 0.005640): 0.002148, (((chrysospalax_trevelyani: 0.000000, calcochloris_obtusirostris: 0.005228): 0.003123, chrysospalax_villosus: 0.003741): 0.003194, (chlorotalpa_sclateri: 0.000000, chlorotalpa_duthieae: 0.000000): 0.005564): 0.000000): 0.003028, eremitalpa_granti: 0.006114): 0.001562, ((cryptochloris_wintoni: 0.002374, chrysochloris_asiatica: 0.001314): 0.002089, chrysochloris_stuhlmanni: 0.013072): 0.005473): 0.034928, ((((((limnogale_mergulus: 0.010322, microgale_brevicaudata: 0.016905): 0.001761, microgale_talazaci: 0.017899): 0.015452, geogale_aurita: 0.023966): 0.001474, oryzorictes: 0.022938): 0.005665, ((tenrec_ecaudatus: 0.033238, hemicentetes_semispinosus: 0.009530): 0.003806, (setifer_setosus: 0.007249, echinops_telfairi: 0.009692): 0.008120): 0.013106): 0.021853, (potamogale_velox: 0.023624, micropotamogale_lamottei: 0.021280): 0.054463): 0.015764): 0.002961, ((((elephantulus_rufescens: 0.016811, elephantulus_intufi: 0.011484): 0.006779, (elephantulus_myurus: 0.010362, elephantulus_edwardii: 0.006908): 0.008403): 0.003079, (((macroscelides_flavicaudatus: 0.002240, macroscelides_proboscideus: 0.002277): 0.006205, macroscelides_micus: 0.007120): 0.002469, (petrosaltator_rozeti: 0.008883, petrodromus_tetradactylus: 0.013854): 0.006400): 0.004483): 0.032229, ((rhynchocyon_petersi: 0.000000, rhynchocyon_cirnei_reichardi: 0.000000): 0.000599, rhynchocyon_udzungwensis: 0.000382): 0.055116): 0.021708): 0.001328, orycteropus_afer: 0.046950): 0.000000, ((((loxodonta_africana: 0.003099, loxodonta_cyclotis: 0.002078): 0.000000, elephas_maximus: 0.002798): 0.024242, (trichechus_manatus: 0.004878, dugong_dugon: 0.007890): 0.019667): 0.001227, ((heterohyrax_brucei: 0.002371, procavia_capensis: 0.003935): 0.001072, dendrohyrax_dorsalis: 0.003186): 0.047301): 0.012449, ((zaglossus_bruijni: 0.000000, tachyglossus_aculeatus: 0.018418): 0.007057, ornithorhynchus_anatinus: 0.011862): 0.207665);

  0.000000  0.001328  0.002961  0.034928  0.001562  0.003028  0.002148  0.001059  0.000000  0.000000  0.000000  0.001063  0.000000  0.000000  0.000000  0.000000  0.005640  0.005610  0.001844  0.000000  0.001808  0.000000  0.003194  0.003123  0.000000  0.005228  0.003741  0.005564  0.000000  0.000000  0.006114  0.005473  0.002089  0.002374  0.001314  0.013072  0.015764  0.021853  0.005665  0.001474  0.015452  0.001761  0.010322  0.016905  0.017899  0.023966  0.022938  0.013106  0.003806  0.033238  0.009530  0.008120  0.007249  0.009692  0.054463  0.023624  0.021280  0.021708  0.032229  0.003079  0.006779  0.016811  0.011484  0.008403  0.010362  0.006908  0.004483  0.002469  0.006205  0.002240  0.002277  0.007120  0.006400  0.008883  0.013854  0.055116  0.000599  0.000000  0.000000  0.000382  0.046950  0.012449  0.001227  0.024242  0.000000  0.003099  0.002078  0.002798  0.019667  0.004878  0.007890  0.047301  0.001072  0.002371  0.003935  0.003186  0.207665  0.007057  0.000000  0.018418  0.011862

 -358.409885 -0.040110  0.006384  0.011952 -0.027315  0.022052  0.000000  0.000000 -495.084818 -495.084818 -495.084818 -0.041865 -286.632855 -286.632855 -286.632855 -286.632855  0.000000  0.000000  0.000000 -284.630948  0.000000 -325.643920  0.000000  0.000000 -205.768445  0.000000  0.000000  0.000000 -263.571562 -286.369902  0.000000  0.018091 -0.065202 -0.006823  0.000000  0.000000 -0.130940  0.158357  0.000000  0.000000 -0.008025  0.000000 -0.011811  0.000000  0.000000  0.000000 -0.014795  0.021115  0.000000  0.000000  0.000000  0.038541  0.000000  0.000000  0.000000  0.000000  0.000000  0.000000  0.000000  0.007689 -0.006938 -0.014311  0.000000  0.000000  0.000000  0.000000 -0.009417  0.015532  0.000000  0.000000  0.024101  0.000000  0.000000  0.000000  0.000000 -0.007034 -0.030395 -1660.830587 -1522.817168 -0.000145 -0.008062 -0.088825 -0.016278  0.022306 -1176.362700  0.086026  0.000000 -0.123927  0.000000 -0.075737 -0.016315  0.101570  0.118180  0.000000  0.078707  0.000000  0.000000  0.000000 -4.892063 -0.008573  0.000000


Hessian

 -1.047e+06 -6.277e+05 -4.515e+05      -7725       7205       7050       3429       3083       1090       1090       1090       3517     -154.1     -154.1     -154.1     -154.1      -1457      480.7      558.5     -151.7        615     -113.6      718.1      759.6      96.32      465.2      -2666      336.4     -129.5     -153.7      -3339       5391       5606      627.9       5642      386.2 -4.305e+05 -4.217e+05       1995       3153       1839       2005       1719      176.4      460.4       1654     -901.9 -4.224e+05       6503       4815       2658 -4.198e+05       3112 -4.156e+05     -870.6        337      -1973 -1.506e+04       1012       7002       8149       7005       2671       2863       3093       2960       3587       6297       6212       3021       6457       2758       3187       3376       3164       7050       5751       3856      522.2       3726      -5854 -7.479e+05 -1.793e+05 -6.738e+04  -2.04e+04 -3.967e+04      628.1  1.805e+04      -2520 -1.331e+04       5835       3019       7085  1.369e+04       8938       2866  1.679e+04       3806      262.2       3356  2.053e+04
 -6.277e+05 -4.352e+06  -1.26e+06 -4.165e+04 -1.775e+04 -1.807e+04 -2.516e+04 -2.602e+04 -1.447e+04 -1.447e+04 -1.447e+04 -2.481e+04      858.7      858.7      858.7      858.7 -8.612e+04       2775       3342      832.7       2444       1414       4288       4549       1742       2904      -2890       2818      905.6      859.6       2929      -9285      -8874       3392      -8805       2889 -8.651e+05  -8.27e+05  1.194e+04   1.13e+04       7852       7780       8526       3783       3950       6168  1.132e+04 -8.195e+05  1.607e+04  1.179e+04       8457 -7.922e+05  1.159e+04 -7.926e+05      -3034       1311      -3205 -7.361e+04 -1.106e+04      -8732       8042 -1.152e+04       -191 -4.099e+04       3576 -3.608e+04 -4.659e+04      -9823       2004       3475       2654       2742       2447       5955       4532     -125.8       1393       2326       2562  1.015e+04 -2.557e+04  -8.53e+05 -3.215e+05 -1.291e+05 -3.751e+04 -7.299e+04       1196  4.528e+04      -9848  1.435e+04  1.084e+04      -1080        657       7910  1.927e+04       9991  4.622e+04  1.005e+04      499.4       9188  4.762e+04
 -4.515e+05  -1.26e+06 -2.468e+06 -1.386e+05       5585       5334       6131       5601       1913       1913       1913       6392     -75.82     -75.82     -75.82     -75.82     -2.723       1357       1632     -70.01       1611      641.7       2373       2932      909.3       1002      840.5       1058      -36.5     -75.08       1317  1.536e+04  1.582e+04       1403  1.562e+04      280.4 -8.879e+05 -8.328e+05       7205       8378       5908      -5622      -5417       4320       2266       2926       8153 -8.275e+05       7159       4247       6900  -8.17e+05       7893 -8.164e+05       4858      386.2       5227      747.8  1.299e+04      -1810  -2.02e+04      -2855       1334      -3707       2826       1671       2752 -4.626e+04  1.031e+04       1945  1.175e+04       1621      -2757       3562       4099       1507 -3.033e+04       3322       1812       5127      979.2 -6.675e+05 -2.152e+05 -1.193e+05 -5.277e+04 -1.021e+05       1196   2.56e+04       7837       4214 -2.001e+04       6310       2060  2.304e+04  1.709e+04       7485  3.981e+04       5658      462.9       4925  4.772e+04
      -7725 -4.165e+04 -1.386e+05 -2.428e+05 -2.074e+04 -2.067e+04 -1.687e+04 -1.743e+04 -1.014e+04 -1.014e+04 -1.014e+04 -1.673e+04      -16.4      -16.4      -16.4      -16.4       1286       1406       1677     -10.41       1732      43.32      -7088      -2213      -3151      -4224       1030       1118      9.837     -15.73      -3835       2848       4070     -714.9      -1526      -1598       7566       5012       1334       3486      -1417      -1561      -1490       1145       1336       2992       4115       3290      -2123       2337      -7367       5684       1216       5978       4244      48.03       5312       2808       6902       8339       8253       5747       1511       1167       1177       1266       6817       6489       6419      449.2       6643      889.9       3284     -237.7       2828       5414 -3.115e+04       2893       1005       3380       1982 -1.255e+04       8744       9546       9107  1.735e+04 -1.556e-06  1.904e+04      -1173     -391.1       3156       8305      -3124       5837       6823       6860       2973       4284  1.546e-06       4284       6596
       7205 -1.775e+04       5585 -2.074e+04 -1.499e+06 -8.356e+05 -8.293e+05 -8.299e+05 -4.367e+05 -4.367e+05 -4.367e+05 -8.321e+05      793.1      793.1      793.1      793.1       2909       3015       3289      799.4       3386      735.5       3295       1599       1102       2821       2709       2707      839.5      793.9        899 -1.051e+05 -8.569e+04       2675 -8.582e+04       2438       2090  1.296e+04       6628       6734       3740       2519       3378       5320       2666 -2.081e+04       6525  1.393e+04       2409       7317      -1448  1.225e+04       5956       9007       5879       2678       5929      176.4       7000       4947       5687       4181        856       1039        774      867.9       9386       9881       7137     -104.6       7292      394.5       2906       1849       1876       8607  1.284e+04       1874      327.4       7552       9245  1.004e+04  2.519e+04  1.953e+04  1.682e+04  3.204e+04 -9.756e-07  2.148e+04      -3177  1.879e+04  2.224e+04       8536       2524 -3.947e+04   2.09e+04       6218       5812     -588.2  1.364e-06     -588.2       7563
       7050 -1.807e+04       5334 -2.067e+04 -8.356e+05 -1.177e+06 -8.323e+05 -8.309e+05 -4.373e+05 -4.373e+05 -4.373e+05 -1.136e+06      592.1      592.1      592.1      592.1       2521       2630       2904      598.4       3001      130.5       1876 -1.462e+05      332.1       2662      192.5       1536      421.7      591.7 -1.567e+04 -8.941e+04 -8.549e+04 -2.386e+04   -1.5e+05      -2503       1857  1.273e+04       6405       6874       3614       4168       3194       5130       2489      -2120       6336   1.37e+04       2175       7080      -1684  1.201e+04       5722       8772       5651       2443       5707     -51.74       6773       4719       5459       3953        856       1039        774      867.9       9152       9646       6902     -104.6       7057      394.5       2906       1849       1876       8371  1.261e+04       1751      327.4       7552       8657       9777  2.495e+04  1.894e+04      -6956 -1.325e+04 -1.062e-06  1.868e+04      -3397   1.82e+04  2.259e+04       8256       2243 -3.978e+04  1.972e+04       6218       8153       1753  1.327e-06       1753       7563
       3429 -2.516e+04       6131 -1.687e+04 -8.293e+05 -8.323e+05 -1.313e+06 -8.928e+05 -4.647e+05 -4.647e+05 -4.647e+05 -8.875e+05      795.2      795.2      795.2      795.2       2024       3015       3294      802.1       3375     -63.23       3897       1266       1569       3730       2777       2768      132.5      827.1       3666 -8.438e+04 -8.387e+04       3517 -8.505e+04       3477       1476  1.229e+04 -5.692e+04       4949       2167       5301       4380       6295       3644 -1.464e+04       5516  1.051e+04       3241       8161     -563.7   1.31e+04       6848       9894       5995 -1.372e+04       4141 -2.021e+04       7096       5691       6431       4925        856       1039        774      867.9  1.013e+04  1.063e+04       7883     -104.6       8038      394.5       2906       1849       1876       8922  1.316e+04       2040      327.4       7552       7877       7431  2.557e+04  1.307e+04  1.653e+04  3.149e+04 -1.007e-06  2.221e+04      -4321  1.752e+04  2.164e+04       5637     -375.7 -3.871e+04  2.177e+04       6218       7401       1001  3.527e-07       1001       7563
       3083 -2.602e+04       5601 -1.743e+04 -8.299e+05 -8.309e+05 -8.928e+05 -1.753e+06 -4.651e+05 -4.651e+05 -4.651e+05 -8.836e+05      381.7      381.7      381.7      381.7     -29.12       2450       2730      503.9       2793      659.3       3307       3059       1245       3096       2175       2159      540.9        499       3282 -8.495e+04  -8.45e+04       3376 -8.448e+04       2937       2320  1.319e+04       6310       7431       4084       4684       3696       5616       2973       4718       6747  1.409e+04       2666       7552      -1191   1.25e+04       6212       9261       6091       2766       6176      165.7       7231       5195       5935       4429        856       1039        774      867.9       9634  1.013e+04       7385     -104.6       7540      394.5       2906       1849       1876       8817  1.305e+04       1985      327.4       7552 -1.127e+04       6791  2.488e+04  1.247e+04  1.724e+04  3.284e+04 -1.098e-06  2.165e+04      -4930  1.829e+04  2.105e+04       5030     -982.6 -3.936e+04  2.114e+04       6218       7759       1359  2.978e-07       1359       7563
       1090 -1.447e+04       1913 -1.014e+04 -4.367e+05 -4.373e+05 -4.647e+05 -4.651e+05 -2.447e+05 -2.447e+05 -2.447e+05 -4.648e+05     -283.7     -283.7     -283.7     -283.7      205.3      261.4      398.7     -280.4      450.4     -186.2      703.6      589.6        109      594.7      109.3      103.3     -257.5     -283.2      695.6 -4.563e+04  -4.54e+04        742 -4.538e+04      522.2      211.2       5926       2604       2883       1139       1425      915.7       1933      545.9       1572       2545       6428      367.6       2970      -1650       5538       2233       3837       2243      535.9       2254     -814.8       2809       1726       2115       1324      449.4      545.3      406.3      455.6       4043       4303       2862     -54.93       2944      207.1       1526      970.7      984.8       3669       5892        538      171.9       3965       3619       2553  1.208e+04       5539       8518  1.622e+04 -2.595e-06  1.033e+04      -3599       8577  1.002e+04       1680      -1476 -2.168e+04  1.007e+04       3264       3363      2.993 -3.332e-08      2.993       3971
       1090 -1.447e+04       1913 -1.014e+04 -4.367e+05 -4.373e+05 -4.647e+05 -4.651e+05 -2.447e+05 -2.447e+05 -2.447e+05 -4.648e+05     -283.7     -283.7     -283.7     -283.7      205.3      261.4      398.7     -280.4      450.4     -186.2      703.6      589.6        109      594.7      109.3      103.3     -257.5     -283.2      695.6 -4.563e+04  -4.54e+04        742 -4.538e+04      522.2      211.2       5926       2604       2883       1139       1425      915.7       1933      545.9       1572       2545       6428      367.6       2970      -1650       5538       2233       3837       2243      535.9       2254     -814.8       2809       1726       2115       1324      449.4      545.3      406.3      455.6       4043       4303       2862     -54.93       2944      207.1       1526      970.7      984.8       3669       5892        538      171.9       3965       3619       2553  1.208e+04       5539       8518  1.622e+04 -2.595e-06  1.033e+04      -3599       8577  1.002e+04       1680      -1476 -2.168e+04  1.007e+04       3264       3363      2.993 -3.332e-08      2.993       3971
       1090 -1.447e+04       1913 -1.014e+04 -4.367e+05 -4.373e+05 -4.647e+05 -4.651e+05 -2.447e+05 -2.447e+05 -2.447e+05 -4.648e+05     -283.7     -283.7     -283.7     -283.7      205.3      261.4      398.7     -280.4      450.4     -186.2      703.6      589.6        109      594.7      109.3      103.3     -257.5     -283.2      695.6 -4.563e+04  -4.54e+04        742 -4.538e+04      522.2      211.2       5926       2604       2883       1139       1425      915.7       1933      545.9       1572       2545       6428      367.6       2970      -1650       5538       2233       3837       2243      535.9       2254     -814.8       2809       1726       2115       1324      449.4      545.3      406.3      455.6       4043       4303       2862     -54.93       2944      207.1       1526      970.7      984.8       3669       5892        538      171.9       3965       3619       2553  1.208e+04       5539       8518  1.622e+04 -2.599e-06  1.033e+04      -3599       8577  1.002e+04       1680      -1476 -2.168e+04  1.007e+04       3264       3363      2.993 -4.225e-08      2.993       3971
       3517 -2.481e+04       6392 -1.673e+04 -8.321e+05 -1.136e+06 -8.875e+05 -8.836e+05 -4.648e+05 -4.648e+05 -4.648e+05 -1.768e+06      747.1      747.1      747.1      747.1       2808       2925       3202      753.4       3300      253.2       1633 -2.922e+05      360.7       3876      -1884      795.5      796.3        748       3123 -8.437e+04 -8.372e+04       4167 -8.367e+04       3706       3095  1.396e+04       7699       8246       4873       5468       4468       6378       3733       5661       7520  1.496e+04       3448       8290     -417.2  1.328e+04       6989  1.003e+04       6810       3683       6965       1112       7973       5942       6683       5176        856       1039        774      867.9   1.04e+04  1.089e+04       8148     -104.6       8304      394.5       2906       1849       1876       9523  1.376e+04       2355      327.4       7552       9468       7577  2.576e+04  1.322e+04  1.766e+04  3.365e+04 -1.069e-06  2.244e+04      -4170  1.908e+04  2.182e+04       5760     -252.5 -3.874e+04  1.918e+04       6218       8183       1783  3.207e-07       1783       7563
     -154.1      858.7     -75.82      -16.4      793.1      592.1      795.2      381.7     -283.7     -283.7     -283.7      747.1     -283.7     -283.7     -283.7     -283.7      205.3      261.4      398.7     -280.4      450.4     -273.3      537.8      423.8     -62.22      206.2      109.3      103.3     -257.5     -283.2        322     -41.53      188.9      365.1      207.7      151.6     -149.8      104.6      512.6      421.1     -97.38      78.96      163.8      280.8      62.07      743.7      234.4      174.9     -461.9     -289.4      515.6     -123.2       -376     -346.9      25.06      114.5      42.48      164.1      265.2      1.902      1.902      1.902   1.64e-07  4.219e-07  1.234e-07  1.051e-06      154.9      154.9      154.9 -1.833e-06      154.9 -1.057e-08  3.613e-07  7.789e-08  3.368e-07     -88.36     -88.36     -46.39  6.264e-07  1.046e-06     -101.4     -41.85     -176.3      150.9       2457       4680  -2.06e-06      371.2     -100.2     -452.8       92.8     -47.74     -47.74      573.9       1054  9.181e-07      174.7      174.7 -1.646e-07      174.7  2.484e-06
     -154.1      858.7     -75.82      -16.4      793.1      592.1      795.2      381.7     -283.7     -283.7     -283.7      747.1     -283.7     -283.7     -283.7     -283.7      205.3      261.4      398.7     -280.4      450.4     -273.3      537.8      423.8     -62.22      206.2      109.3      103.3     -257.5     -283.2        322     -41.53      188.9      365.1      207.7      151.6     -149.8      104.6      512.6      421.1     -97.38      78.96      163.8      280.8      62.07      743.7      234.4      174.9     -461.9     -289.4      515.6     -123.2       -376     -346.9      25.06      114.5      42.48      164.1      265.2      1.902      1.902      1.902   1.64e-07  4.219e-07  1.234e-07  1.051e-06      154.9      154.9      154.9 -1.833e-06      154.9 -1.057e-08  3.613e-07  7.789e-08  3.368e-07     -88.36     -88.36     -46.39  6.264e-07  1.046e-06     -101.4     -41.85     -176.3      150.9       2457       4680  -2.06e-06      371.2     -100.2     -452.8       92.8     -47.74     -47.74      573.9       1054  9.181e-07      174.7      174.7 -1.646e-07      174.7  2.484e-06
     -154.1      858.7     -75.82      -16.4      793.1      592.1      795.2      381.7     -283.7     -283.7     -283.7      747.1     -283.7     -283.7     -283.7     -283.7      205.3      261.4      398.7     -280.4      450.4     -273.3      537.8      423.8     -62.22      206.2      109.3      103.3     -257.5     -283.2        322     -41.53      188.9      365.1      207.7      151.6     -149.8      104.6      512.6      421.1     -97.38      78.96      163.8      280.8      62.07      743.7      234.4      174.9     -461.9     -289.4      515.6     -123.2       -376     -346.9      25.06      114.5      42.48      164.1      265.2      1.902      1.902      1.902   1.64e-07  4.219e-07  1.234e-07  1.051e-06      154.9      154.9      154.9 -1.833e-06      154.9 -1.057e-08  3.613e-07  7.789e-08  3.368e-07     -88.36     -88.36     -46.39  6.264e-07  1.046e-06     -101.4     -41.85     -176.3      150.9       2457       4680  -2.06e-06      371.2     -100.2     -452.8       92.8     -47.74     -47.74      573.9       1054  9.181e-07      174.7      174.7 -1.646e-07      174.7  2.484e-06
     -154.1      858.7     -75.82      -16.4      793.1      592.1      795.2      381.7     -283.7     -283.7     -283.7      747.1     -283.7     -283.7     -283.7     -283.7      205.3      261.4      398.7     -280.4      450.4     -273.3      537.8      423.8     -62.22      206.2      109.3      103.3     -257.5     -283.2        322     -41.53      188.9      365.1      207.7      151.6     -149.8      104.6      512.6      421.1     -97.38      78.96      163.8      280.8      62.07      743.7      234.4      174.9     -461.9     -289.4      515.6     -123.2       -376     -346.9      25.06      114.5      42.48      164.1      265.2      1.902      1.902      1.902   1.64e-07  4.219e-07  1.234e-07  1.051e-06      154.9      154.9      154.9 -1.833e-06      154.9 -1.057e-08  3.613e-07  7.789e-08  3.368e-07     -88.36     -88.36     -46.39  6.264e-07  1.046e-06     -101.4     -41.85     -176.3      150.9       2457       4680  -2.06e-06      371.2     -100.2     -452.8       92.8     -47.74     -47.74      573.9       1054  9.181e-07      174.7      174.7 -1.646e-07      174.7  2.484e-06
      -1457 -8.612e+04     -2.723       1286       2909       2521       2024     -29.12      205.3      205.3      205.3       2808      205.3      205.3      205.3      205.3 -9.248e+04       1268       2060        156      -1648        223       2425       2199      624.5       1794       1575       1599      243.6      206.5       2008       1323       1763       2094       1797       1675      878.7       1139       1866       2179       1193       1554       1702       1912       1496       2735       1526 -1.198e+04      393.6      722.6       2303       1064      624.3      674.3      -1572      416.8      -1517       1413       1820       1346       1346       1346  -6.21e-08 -2.144e-07 -1.068e-07 -2.222e-07       1654       1654       1654 -1.064e-07       1654 -5.088e-08  -8.48e-07 -1.215e-06  4.112e-07       1114       1114        585  1.102e-07 -6.156e-08     -414.9      351.4 -2.555e+04       1147       5370  1.023e+04  2.109e-08       2084      575.5      288.7       1539      -5471      -5471      -4271       2232  8.669e-08      217.8      217.8   8.48e-08      217.8  1.618e-06
      480.7       2775       1357       1406       3015       2630       3015       2450      261.4      261.4      261.4       2925      261.4      261.4      261.4      261.4       1268 -9.346e+04       2233      116.3      -1496      280.8       2464       2242      680.2       1897 -4.646e+04       1702      300.5      262.2       2112       1427       1868       2201       1906       1775       1096       1333       2436       2214       1293       1658       1804       2010       1594       2864      -6160       1724      519.6      -4417       2421       1260      789.5      837.8      -2442       1232       1086       1750       1920       1439       1439       1439  -1.66e-07 -2.332e-07 -2.192e-07  -2.41e-07       1753       1753       1753 -2.185e-07       1753 -1.623e-07 -1.534e-06 -3.517e-07 -1.582e-07       1200       1200      630.3 -7.177e-07 -2.228e-05      687.3       1386      972.5       1741       5442  1.037e+04 -2.804e-08       2216       1269      85.77       1660      -2358      -2358       2577       3149 -1.889e-07      338.1      338.1  8.437e-07      338.1  3.823e-06
      558.5       3342       1632       1677       3289       2904       3294       2730      398.7      398.7      398.7       3202      398.7      398.7      398.7      398.7       2060       2233 -2.937e+05     -113.3       2636      418.4       2801       2583      819.6       2167       1922       1970      448.5      399.6       2384       1695       2139       2474       2177       2045       1462       1933       2722       1981       1500       1928       2075       2283       1864 -1.966e+04       2159       2058      898.7       1173       2744       1533       1056       1105       1712       1945       1812       2043       2213       1729       1729       1729 -1.781e-08 -2.262e-08 -5.245e-08 -3.024e-08       2043       2043       2043 -5.509e-08       2043  7.431e-10 -6.521e-09 -1.884e-07  1.091e-09       1490       1490      782.2  9.144e-08     -1e-07       1491       1630      832.7 -1.892e+04 -6.648e+04 -1.266e+05  6.944e-08 -5.693e+04       1484      912.6       1944       1572       1572       2860       3778  1.502e-08     -648.4     -648.4   1.06e-07     -648.4 -3.446e-08
     -151.7      832.7     -70.01     -10.41      799.4      598.4      802.1      503.9     -280.4     -280.4     -280.4      753.4     -280.4     -280.4     -280.4     -280.4        156      116.3     -113.3     -278.4        449       -270      543.9        430     -58.91      212.4      62.78      109.5     -254.2     -279.9      328.2     -35.28      195.2      371.4        214      157.8     -143.9      110.1      518.3        426     -91.34      85.23        170      286.9      68.21      709.9      216.6      165.2     -455.9       -287      521.7     -117.1     -369.8     -340.7      26.66      119.2      46.57      170.1      271.1      7.931      7.931      7.931  1.812e-07  4.298e-07  1.324e-07  4.287e-07        161        161        161 -1.823e-06        161 -2.364e-10  3.792e-07  9.529e-08  3.548e-07     -82.59     -82.59     -43.36  6.287e-07  1.055e-06     -94.89      -36.1     -180.8      120.2       2334       4446 -2.055e-06      273.5     -94.44     -448.2      98.97     -49.75     -49.75      574.6       1059  9.053e-07      171.3      171.3 -1.623e-07      171.3  3.054e-06
        615       2444       1611       1732       3386       3001       3375       2793      450.4      450.4      450.4       3300      450.4      450.4      450.4      450.4      -1648      -1496       2636        449 -2.844e+05        470       2897       2679      871.3       2262       1963       2065     -474.5      443.1       2478       1789       2236       2570       2274       2135      408.8 -2.278e+04       2352       1168       1445       1831       1976       2184       1766       3032 -2.221e+04       1527        795      995.6       2644       1433      956.2       1006       1334       2004       1853      335.9      530.2      30.33      30.33      30.33 -1.799e-07  1.715e-07 -3.768e-07  2.471e-07      321.4      321.4      321.4 -3.828e-07      321.4 -2.827e-07  -2.93e-07  6.773e-09  1.051e-06     -142.3     -142.3      -74.7 -1.598e-07 -5.666e-07     -181.1       1695       1247       2096       5654  1.077e+04 -1.022e-08       2582       1608     -838.4       1981       1519       1519       2879       3861   8.61e-07     -623.8     -623.8  3.092e-07     -623.8  8.072e-06
     -113.6       1414      641.7      43.32      735.5      130.5     -63.23      659.3     -186.2     -186.2     -186.2      253.2     -273.3     -273.3     -273.3     -273.3        223      280.8      418.4       -270        470      -7058 -1.305e+04 -1.285e+04      -7038        -91      119.3     -76.22     -250.5       -273      267.1      34.08        273      277.4      112.8      78.52     -23.33      250.7      608.4      329.6     -111.4        174      258.9      295.5      165.4      633.2      416.7      360.9     -470.5     -277.3      497.4      92.67     -384.1     -118.9      50.33      108.2      36.19      206.6      341.8     -1.568     -1.568     -1.568  3.096e-07    5.7e-07 -1.812e-07  5.604e-07      54.72      54.72      54.72 -1.694e-06      54.72  1.374e-07  3.416e-07  2.604e-07  3.445e-07     -73.77     -73.77     -38.73  6.516e-07  9.984e-07     -26.65      7.557      25.55      272.6       2394       4559 -2.178e-06      267.1      11.44     -413.4      448.7      225.8      225.8      590.3       1097  2.369e-06      269.3      265.4 -1.051e-07      265.4     -7.265
      718.1       4288       2373      -7088       3295       1876       3897       3307      703.6      703.6      703.6       1633      537.8      537.8      537.8      537.8       2425       2464       2801      543.9       2897 -1.305e+04 -2.171e+05 -2.423e+04   -5.1e+04 -5.713e+04       1168       2219      58.09      534.6       2331       1961       2409       2171       1348 -2.243e+04  -1.71e+04       1598       3551       2329       1801       2414       2554       2603       2354      -9893       2819       2821       1190       1494       3028       2269       1344       1841       1638       2305       2096       1329      -7728      -9186      -9186      -9186  5.644e-08  -1.15e-07 -4.296e-08 -1.429e-07      557.4      557.4      557.4 -1.727e-08      557.4  5.707e-08  4.296e-08 -1.093e-06  4.724e-08      -4534      -4534      -2381  1.997e-07 -7.943e-08        863       1435       1994       2424       5254  1.001e+04 -2.822e-07       2438       1934        185       2780       2276       2276       3086       4042  1.178e-07      236.9      229.5  1.971e-07      229.5     -13.84
      759.6       4549       2932      -2213       1599 -1.462e+05       1266       3059      589.6      589.6      589.6 -2.922e+05      423.8      423.8      423.8      423.8       2199       2242       2583        430       2679 -1.285e+04 -2.423e+04 -2.204e+05 -1.322e+04       1971      -1126       1055      472.6      424.6 -2.582e+04      -4869       1671 -5.405e+04 -1.352e+05      -8052       1820       2309       3383       2345       1633       2220       2359       2407       2158 -1.049e+04       2628       2634      994.4       1297       2832       2074       1148       1645       1822       2117       1908       2316       2468       1840       1840       1840 -3.087e-08 -5.959e-08 -8.958e-08 -8.766e-08       1956       1956       1956 -6.075e-08       1956  1.375e-08  -2.69e-08 -1.923e-07  1.385e-07       1612       1612      846.3  1.972e-07 -8.739e-08       1711       1793       1904       1706 -4.513e+04 -8.597e+04 -3.003e-07      -3143       1856       1107       2728       2174       2174       2945       3054  5.087e-08       1694       1687  1.831e-07       1687     -13.84
      96.32       1742      909.3      -3151       1102      332.1       1569       1245        109        109        109      360.7     -62.22     -62.22     -62.22     -62.22      624.5      680.2      819.6     -58.91      871.3      -7038   -5.1e+04 -1.322e+04  -2.24e+04  -2.36e+04      275.8      517.2     -35.78     -61.78      573.1      398.8      669.2        485      47.15      499.9      377.2      627.3       1177      722.1      272.6      557.3        638      671.1      540.4       1050      795.3      786.2     -87.24      104.4      887.4      485.3     -3.162      260.8      407.3      508.4      414.4      395.6      552.6      -4020      -4020      -4020  2.731e-07  5.186e-07  2.009e-07  5.069e-07     -51.65     -51.65     -51.65 -1.737e-06     -51.65  9.486e-08   4.67e-07  1.915e-07  2.791e-07      -2107      -2107      -1106  6.893e-07  1.063e-06        342      394.4      409.9      664.8       2425       4619  -2.21e-06      631.8      392.2     -22.37      835.6      597.2      597.2      973.8       1479  9.327e-07      540.7      536.8 -1.095e-07      536.8     -7.265
      465.2       2904       1002      -4224       2821       2662       3730       3096      594.7      594.7      594.7       3876      206.2      206.2      206.2      206.2       1794       1897       2167      212.4       2262        -91 -5.713e+04       1971  -2.36e+04 -1.083e+05       1253       1600      256.2        207       2005       1277       1724       2129       1938       1678       1004       1499       2674       2157       1217       1589       1737       1877       1437       2740       1906       1665      467.4      740.9       2307       1101      625.1      674.7       1078      -6024      692.1      -6322      726.3      -5572      -5572      -5572 -3.071e-07 -1.765e-07 -1.609e-07 -1.845e-07      754.2      754.2      754.2  1.781e-06      754.2 -1.077e-07  -9.79e-08  6.753e-07  -1.04e-07      -3168      -3168      -1663 -2.003e-07 -7.001e-07       1114       1292       1018       1697       5423  1.033e+04  9.368e-08       2058       1154      525.9       1541       1314       1314       2440       3406 -1.094e-07       1272       1272  1.028e-07       1272  5.655e-06
      -2666      -2890      840.5       1030       2709      192.5       2777       2175      109.3      109.3      109.3      -1884      109.3      109.3      109.3      109.3       1575 -4.646e+04       1922      62.78       1963      119.3       1168      -1126      275.8       1253 -1.417e+05       1406      158.3      110.1       1475       1059       1577       1204     -117.8       1348      869.3       1379       2178       2026       1023       1378       1528       1739       1323       2413       1640       1542      351.1        631       2195      986.6      509.7      560.2      626.6      818.6      687.7       1474       1663       1125       1125       1125  1.449e-07  2.082e-07  9.909e-08  2.008e-07       1492       1492       1492  9.409e-08       1492  1.493e-07  1.569e-07 -2.485e-08  1.633e-07      933.7      933.7      490.2  2.164e-07  1.323e-07      410.8 -1.937e+04       -589       1328       4626       8812  1.649e-07       1796      870.5     -224.4       1246      920.3      920.3       2208       2541 -1.131e-06       1133       1133  1.455e-07       1133   6.79e-06
      336.4       2818       1058       1118       2707       1536       2768       2159      103.3      103.3      103.3      795.5      103.3      103.3      103.3      103.3       1599       1702       1970      109.5       2065     -76.22       2219       1055      517.2       1600       1406 -9.575e+04      96.04      47.54       1718       1107       1567       1706       1130       1450      892.9       1256       1656       1990       1009       1362       1513       1724       1309       2533       1623      -9610     -24.34      -3896      -1199      -2955      340.8      412.4       1173       1390       1262     -903.6       1075      580.6      580.6      580.6  3.003e-07 -1.191e-07 -1.107e-07  1.462e-06      876.4      876.4      876.4 -1.103e-07      876.4 -5.452e-08 -6.942e-08  1.335e-06 -6.189e-08      -1412      -1412     -741.5   1.09e-07 -6.837e-08      956.9       1118        881       1464       5111       9735 -1.425e-08       1899      998.8      354.7       1382       1052       1052       2298       3203  3.812e-08     -138.1     -138.1  7.397e-08     -138.1 -7.601e-06
     -129.5      905.6      -36.5      9.837      839.5      421.7      132.5      540.9     -257.5     -257.5     -257.5      796.3     -257.5     -257.5     -257.5     -257.5      243.6      300.5      448.5     -254.2     -474.5     -250.5      58.09      472.6     -35.78      256.2      158.3      96.04     -257.4     -257.4      192.9      -14.2     -479.4      413.5      254.7     -161.9     -213.9      55.19      38.63      436.3     -60.93      119.1        212      328.7      29.93      470.3      122.9        189     -413.4     -247.3      560.6     -78.92     -327.1     -298.2      39.13      98.99      51.29      82.81      243.9      38.87      38.87      38.87  1.752e-07  4.109e-07  1.268e-07  4.074e-07      191.8      191.8      191.8 -1.829e-06      191.8 -6.325e-09  3.727e-07  1.056e-07  3.493e-07     -79.13     -79.13     -41.55  5.907e-07  9.952e-07     -98.47      1.718     -127.5      198.8       2483       4729 -2.055e-06      420.5     -74.51     -452.5      118.5     -1.451     -1.451      623.2       1103  7.599e-07      151.5      151.5 -1.713e-07      151.5  3.191e-06
     -153.7      859.6     -75.08     -15.73      793.9      591.7      827.1        499     -283.2     -283.2     -283.2        748     -283.2     -283.2     -283.2     -283.2      206.5      262.2      399.6     -279.9      443.1       -273      534.6      424.6     -61.78        207      110.1      47.54     -257.4     -282.9      321.3     -40.91      182.7        366      208.5      149.7     -150.1      104.3      499.1      421.2     -97.04      79.73      164.6      281.6      62.33        739      233.5      162.1     -461.5     -293.8      512.5     -126.9     -375.3     -346.2      25.49      112.2      42.65      167.9        265      1.976      1.976      1.976  1.752e-07  4.117e-07  1.263e-07  4.124e-07        155        155        155 -1.829e-06        155 -6.325e-09  3.733e-07  9.115e-08  3.487e-07     -90.42     -90.42     -47.47  5.964e-07  9.895e-07     -98.47     -41.07     -175.5      151.7       2457       4681 -2.055e-06        372     -99.52     -452.5       93.5     -46.96     -46.96      574.7       1055  7.602e-07      174.4      174.4 -1.647e-07      174.4  3.191e-06
      -3339       2929       1317      -3835        899 -1.567e+04       3666       3282      695.6      695.6      695.6       3123        322        322        322        322       2008       2112       2384      328.2       2478      267.1       2331 -2.582e+04      573.1       2005       1475       1718      192.9      321.3 -8.168e+04      -2936       1174 -1.481e+04 -3.677e+04  -1.34e+04       1277       1851       2891       2329       1509       1809       1765       1856       1725     -964.8       2019       1879      686.9       1020       2308       1317      851.4      891.4       1337       1359      -6081       1845       2083       1518       1518       1518 -1.008e-07 -1.467e-07 -1.387e-07 -1.592e-07       1841       1841       1841 -1.499e-07       1841  -8.72e-08 -1.057e-07 -2.675e-07 -7.187e-07       1280       1280      671.9  1.845e-07  2.817e-08       1014      -5955      -3841      -3573      -9056 -1.725e+04 -1.266e-08      664.5      -4993      353.5       1688      -1715      -1715       2615       1651  -1.07e-07      210.3      210.3  9.437e-08      210.3 -1.393e-07
       5391      -9285  1.536e+04       2848 -1.051e+05 -8.941e+04 -8.438e+04 -8.495e+04 -4.563e+04 -4.563e+04 -4.563e+04 -8.437e+04     -41.53     -41.53     -41.53     -41.53       1323       1427       1695     -35.28       1789      34.08       1961      -4869      398.8       1277       1059       1107      -14.2     -40.91      -2936 -9.554e+05  -8.93e+05      -2753 -8.961e+05      257.7       8475  1.551e+04      -6260       5397      -1431 -6.811e+04     -474.9      -3425     -847.7       2567       2935  1.423e+04       7658       7409       4708 -2.472e+04 -1.188e+04 -1.896e+04       1405       1113       1431       6302  1.343e+04       3405       2440  1.107e+04       2479       2062       1508       1894       3809      -3910      -6655      855.8      -6494       1348       3450       3550      -4314  1.244e+04  2.264e+04       7023       1914  1.057e+04       1414       6749  2.263e+04  1.533e+04   1.36e+04  2.591e+04 -2.194e-08   2.19e+04     -182.1  2.162e+04 -1.198e+04  1.836e+04  1.686e+04  1.653e+04  1.942e+04       6366       2963      -3915 -1.277e-06      -3915       2243
