
 72

((monodelphis_domestica: 0.013520, (notamacropus_eugenii: 0.012887, sarcophilus_harrisii: 0.017991): 0.002597): 0.021393, (((choloepus_hoffmanni: 0.015838, dasypus_novemcinctus: 0.018715): 0.004500, (echinops_telfairi: 0.028885, (procavia_capensis: 0.015797, loxodonta_africana: 0.012768): 0.002490): 0.003684): 0.000529, (((sorex_araneus: 0.025842, erinaceus_europaeus: 0.024351): 0.004459, ((sus_scrofa: 0.009121, (vicugna_pacos: 0.013000, (tursiops_truncatus: 0.008639, (bos_taurus: 0.003364, (ovis_aries: 0.003386, capra_hircus: 0.001626): 0.002059): 0.007214): 0.001301): 0.000257): 0.003205, ((pteropus_vampyrus: 0.011586, myotis_lucifugus: 0.020855): 0.002791, (equus_caballus: 0.010899, ((felis_catus: 0.000701, (panthera_tigris_altaica: 0.001442, panthera_pardus: 0.000381): 0.000446): 0.004702, (canis_familiaris: 0.006825, (mustela_putorius_furo: 0.007102, ailuropoda_melanoleuca: 0.006711): 0.001070): 0.001320): 0.003467): 0.000311): 0.000199): 0.000543): 0.001698, ((tupaia_belangeri: 0.017998, ((oryctolagus_cuniculus: 0.013509, ochotona_princeps: 0.018526): 0.007052, (ictidomys_tridecemlineatus: 0.010449, (((fukomys_damarensis: 0.008289, heterocephalus_glaber_female: 0.007296): 0.002671, ((cavia_porcellus: 0.000638, cavia_aperea: 0.005409): 0.009682, (chinchilla_lanigera: 0.006225, octodon_degus: 0.010162): 0.001205): 0.001898): 0.007531, (dipodomys_ordii: 0.019819, (jaculus_jaculus: 0.017232, (nannospalax_galili: 0.010679, (((mesocricetus_auratus: 0.006530, cricetulus_griseus_chok1gshd: 0.004223): 0.002318, (peromyscus_maniculatus_bairdii: 0.006572, microtus_ochrogaster: 0.007513): 0.000461): 0.001862, ((mus_pahari: 0.002816, (mus_caroli: 0.001384, (mus_musculus: 0.000660, mus_spretus: 0.000727): 0.000697): 0.001139): 0.002493, rattus_norvegicus: 0.007338): 0.004077): 0.006119): 0.002667): 0.002519): 0.001504): 0.000503): 0.001604): 0.000760): 0.000271, ((otolemur_garnettii: 0.012510, (propithecus_coquereli: 0.004634, microcebus_murinus: 0.005579): 0.002867): 0.002654, (carlito_syrichta: 0.014211, (((aotus_nancymaae: 0.003231, callithrix_jacchus: 0.002937): 0.000116, (saimiri_boliviensis_boliviensis: 0.003009, cebus_capucinus: 0.002608): 0.000338): 0.003080, (((chlorocebus_sabaeus: 0.001167, ((papio_anubis: 0.000859, (cercocebus_atys: 0.001175, mandrillus_leucophaeus: 0.000868): 0.000130): 0.000131, (macaca_nemestrina: 0.000683, (macaca_mulatta: 0.000672, macaca_fascicularis: 0.000247): 0.000123): 0.000404): 0.000348): 0.000416, (colobus_angolensis_palliatus: 0.001602, (rhinopithecus_roxellana: 0.000418, rhinopithecus_bieti: 0.000985): 0.000986): 0.000578): 0.001752, (nomascus_leucogenys: 0.003027, (pongo_abelii: 0.002451, (gorilla_gorilla: 0.001131, ((pan_troglodytes: 0.000403, pan_paniscus: 0.000602): 0.000546, homo_sapiens: 0.000691): 0.000146): 0.000713): 0.000221): 0.000807): 0.001319): 0.004007): 0.000806): 0.001308): 0.001626): 0.001564): 0.029384, ornithorhynchus_anatinus: 0.084773);

  0.021393  0.013520  0.002597  0.012887  0.017991  0.029384  0.000529  0.004500  0.015838  0.018715  0.003684  0.028885  0.002490  0.015797  0.012768  0.001564  0.001698  0.004459  0.025842  0.024351  0.000543  0.003205  0.009121  0.000257  0.013000  0.001301  0.008639  0.007214  0.003364  0.002059  0.003386  0.001626  0.000199  0.002791  0.011586  0.020855  0.000311  0.010899  0.003467  0.004702  0.000701  0.000446  0.001442  0.000381  0.001320  0.006825  0.001070  0.007102  0.006711  0.001626  0.000271  0.017998  0.000760  0.007052  0.013509  0.018526  0.001604  0.010449  0.000503  0.007531  0.002671  0.008289  0.007296  0.001898  0.009682  0.000638  0.005409  0.001205  0.006225  0.010162  0.001504  0.019819  0.002519  0.017232  0.002667  0.010679  0.006119  0.001862  0.002318  0.006530  0.004223  0.000461  0.006572  0.007513  0.004077  0.002493  0.002816  0.001139  0.001384  0.000697  0.000660  0.000727  0.007338  0.001308  0.002654  0.012510  0.002867  0.004634  0.005579  0.000806  0.014211  0.004007  0.003080  0.000116  0.003231  0.002937  0.000338  0.003009  0.002608  0.001319  0.001752  0.000416  0.001167  0.000348  0.000131  0.000859  0.000130  0.001175  0.000868  0.000404  0.000683  0.000123  0.000672  0.000247  0.000578  0.001602  0.000986  0.000418  0.000985  0.000807  0.003027  0.000221  0.002451  0.000713  0.001131  0.000146  0.000546  0.000403  0.000602  0.000691  0.084773

 -18.455160 -6.386350 -14.825410 10.932536 11.170485 -1.158064  4.821700 -29.307235  7.875332 10.001490  1.085648 -5.041834 -30.202093 -1.054365 12.322393 47.544185  7.038161  0.305972  6.046361  9.691888 24.164016  1.225418  6.589539 -21.396294  2.289232  3.348404  7.654540  7.286259 50.596176 36.776724 49.007902 55.109860 56.873887 -39.350295  6.103950 10.527908 -31.562010  5.343435  2.598693  5.645212 14.425393 34.536670  9.867104 53.493430  0.558057  6.623067 -2.344425  4.993679  6.873595  1.087878 -33.890943  5.791046 12.554001 -12.161132  2.352408  6.327531 -0.027895  3.410258  1.843092  1.774774 38.964899 34.739101 29.013230 18.535387  1.152990 65.653605  5.706083  0.697652 21.315675 30.959203 -1.971439  2.237397 -0.065029  2.755793 10.774602  2.976389 25.214942 -0.418316  4.608676 21.077893 28.332252 -47.056673 25.888262 27.925462 19.441268 19.230435 25.065819 31.173102 27.910356  6.514715 30.164269 30.813677 24.111949  0.409247  3.455348  2.281143  5.748407 15.777991  1.417018  4.234103 17.832858 22.540827 19.729836 -13.428112 21.732047 22.778446 26.617511 24.002474 24.848064 23.373303 82.463838 13.433392 24.986163 17.484157 40.767954 26.650197 50.545604 24.530164 27.124496 20.788026 82.449545  7.570721 91.589895 28.733521 12.239823 20.772469 19.705982 73.404106 25.158184 64.693342  0.622103 -14.031934  2.592038 -4.178659  5.069973  2.178977  2.159489 10.054229 95.822000 108.396189 -2.343818


Hessian

 -7.035e+07 -3.164e+06  -1.04e+07 -1.995e+06 -5.694e+05 -3.047e+07 -3.559e+05   1.15e+06  1.315e+06  2.375e+06 -7.143e+05  1.304e+06  5.428e+05  1.055e+06  2.487e+06 -1.993e+06 -5.412e+05  1.551e+05   8.85e+05   8.05e+05 -1.718e+06 -4.247e+05  9.206e+05  2.964e+05  1.134e+06 -1.505e+05  2.103e+06   1.73e+05  2.533e+06  1.372e+06  4.187e+06  4.094e+06 -5.499e+06  3.205e+05   1.39e+06  2.169e+06 -3.332e+06  1.778e+06 -7.151e+05 -1.985e+04  2.767e+06  8.035e+05  4.309e+06  2.591e+06 -1.649e+05  7.723e+05 -1.529e+05  1.307e+06  2.638e+06 -1.242e+06 -4.091e+06  1.047e+06 -2.489e+06  2.234e+05  2.176e+06  1.134e+06 -1.679e+06  1.959e+05 -1.893e+06 -3.704e+05 -1.916e+05  1.791e+06  1.427e+06  5.628e+05  1.232e+06  3.534e+06  3.933e+06  1.306e+06  1.315e+06  1.739e+06 -1.735e+06  1.293e+06  -1.93e+06  1.143e+06 -1.022e+06  6.573e+05  1.608e+05 -1.218e+04  4.824e+05  1.969e+06  1.415e+06 -4.678e+05  1.294e+06  1.272e+06 -1.878e+04 -1.092e+05  9.722e+05  4.615e+05  8.857e+05  1.933e+05  2.692e+06  1.394e+06  2.124e+06 -1.215e+06 -5.934e+05  1.572e+06  1.134e+06  2.307e+06  1.734e+06 -1.998e+06  1.107e+06 -3.972e+05  8.642e+04  2.055e+06  2.988e+06  1.603e+06  1.788e+06  2.021e+06   3.08e+06  1.047e+05  1.282e+04   8.83e+05  2.554e+06  3.646e+06  4.696e+05  4.227e+06  4.437e+06  5.581e+06  4.183e+06  3.718e+06  3.835e+06   4.14e+06  5.812e+06  4.741e+06  1.199e+06  3.254e+06  2.136e+06  4.626e+06  4.998e+06  4.037e+05  3.248e+06  3.673e+05  3.206e+06  1.313e+06  2.571e+06  1.398e+06  3.495e+06  3.615e+06  4.566e+06  3.056e+06  4.691e+05
 -3.164e+06 -1.648e+08 -3.604e+07 -5.468e+06 -4.506e+06  -8.12e+05  1.836e+06  2.126e+06  1.578e+06  2.326e+06   1.59e+06  2.022e+06  1.449e+06  1.929e+06  2.227e+06  1.725e+06  1.347e+06  1.663e+06  1.329e+06  1.554e+06  8.728e+05  2.157e+06  1.372e+06  1.295e+06  1.441e+06  2.413e+06  2.602e+06  1.746e+06  1.529e+06  2.376e+06  3.247e+06  1.979e+06  1.006e+06  2.559e+06  2.692e+06  2.875e+06  3.116e+05  2.069e+06  5.959e+05  1.146e+06  2.023e+06 -6.995e+05  2.001e+06 -2.991e+05  9.283e+05  1.593e+06  3.104e+05  1.365e+06   2.16e+06  1.249e+06  1.173e+06  1.686e+06  2.092e+05  1.691e+06  2.301e+06  1.843e+06   5.45e+05  1.592e+06  5.229e+05  1.641e+06  1.887e+06  2.286e+06  2.608e+06  2.274e+06  1.677e+06  3.301e+06  2.806e+06 -2.551e+05   1.69e+06  2.216e+06  1.607e+06  2.028e+06  6.716e+05   2.13e+06  1.502e+06  1.909e+06  1.453e+06  2.047e+05  8.124e+05  2.095e+06  1.826e+06 -2.017e+06  1.478e+06  1.241e+06  7.726e+05  4.154e+05   2.18e+06   7.88e+05  1.622e+06 -1.925e+05  2.703e+05  5.799e+05  1.747e+06  1.653e+06  9.485e+05  1.898e+06  1.949e+06   1.96e+06  1.891e+06  5.285e+05  1.684e+06  1.586e+06  1.544e+06 -1.905e+06   3.13e+06  7.533e+05  1.795e+06  2.233e+06  3.292e+06  1.365e+06  2.204e+06  6.186e+04  4.393e+05  8.567e+05 -5.977e+05  1.661e+06  3.151e+06  3.638e+06  2.464e+06   1.42e+06  1.199e+06  3.735e+06 -3.908e+05  1.495e+06  2.325e+06  1.979e+06   2.57e+06  2.716e+06  3.591e+06  1.297e+05  3.367e+06  1.681e+06  2.335e+06 -2.979e+05  3.253e+06  6.145e+05   1.65e+06  4.535e+06  1.834e+06  1.783e+06  8.785e+05
  -1.04e+07 -3.604e+07 -4.137e+08 -3.012e+07 -3.163e+07 -5.609e+06 -5.777e+05  1.962e+06  1.616e+06  2.682e+06  6.841e+05  1.729e+06  8.633e+05  1.114e+06  2.497e+06   -6.4e+05 -2.079e+06  8.268e+05  1.208e+06  1.472e+06 -1.149e+06 -8.066e+04  2.279e+06   1.29e+05  1.093e+06  1.092e+06   1.81e+06  1.016e+06  8.763e+05   2.57e+06  4.146e+06   4.23e+06 -1.619e+05  1.753e+06  2.092e+06  2.823e+06  5.486e+05  1.796e+06  2.633e+05 -2.273e+05  3.507e+06 -1.404e+06  3.952e+06  2.357e+06  -1.22e+06  6.025e+05 -7.585e+04  1.594e+06  2.613e+06 -8.166e+05 -3.488e+06  1.099e+06  -1.39e+06  7.278e+05  2.399e+06  1.333e+06 -6.308e+05  1.584e+06  6.374e+04  1.003e+06  1.003e+06  2.113e+06  2.128e+06  2.465e+06   1.22e+06  3.596e+06  3.966e+06  6.579e+05  1.749e+06  2.129e+06  1.266e+06  2.055e+06  5.143e+05  1.334e+06 -5.391e+05  1.328e+06  1.281e+06  1.145e+06  1.159e+06  2.537e+06  1.199e+06 -3.499e+06 -9.482e+04  2.091e+06 -2.044e+05  7.181e+05  2.341e+06 -6.457e+05  1.097e+06 -1.711e+05  1.966e+06  9.925e+05  1.622e+06 -4.752e+05  8.451e+05  1.583e+06  1.943e+06  2.654e+06  1.806e+06 -1.283e+06  1.617e+06  1.925e+05  2.999e+05 -6.277e+05  2.908e+06  2.704e+06  3.391e+06  2.714e+06  3.353e+06 -2.731e+05  6.525e+05  2.797e+06  1.984e+06  2.169e+06 -7.561e+06  2.656e+06  3.705e+06  3.595e+06  4.952e+06  5.011e+06  1.513e+06  2.106e+06  4.288e+06  4.504e+06   1.94e+06  2.329e+06  2.978e+06    2.8e+06  3.273e+06 -9.921e+05  2.469e+06      -9370  2.571e+06  7.825e+05  3.296e+06  4.262e+06  3.088e+06  5.426e+06  3.665e+06  2.418e+06  1.073e+06
 -1.995e+06 -5.468e+06 -3.012e+07 -1.502e+08 -4.167e+06 -9.066e+05  1.126e+06  2.215e+06  9.619e+05  2.542e+06  1.103e+06   1.74e+06  1.259e+06  8.874e+05  2.606e+06  6.687e+05  1.312e+06  1.158e+06  1.306e+06  1.147e+06  8.124e+05  1.121e+06   2.03e+06  1.043e+06  7.208e+05  1.607e+06  2.386e+05  1.468e+06  2.482e+06  1.843e+06  2.629e+06  2.495e+06 -1.543e+05  1.258e+06  6.718e+05  2.346e+06  9.038e+05   2.14e+06  1.627e+06  1.729e+06  2.316e+06  1.423e+06  3.896e+06  1.328e+06  1.128e+06  2.033e+06   9.24e+05  2.448e+06  2.175e+06  2.079e+05  5.572e+05  1.286e+06  4.465e+05  1.429e+06  2.354e+06   9.24e+05 -6.357e+04  1.504e+06 -9.026e+05  1.307e+06  1.997e+06  2.041e+06  1.915e+06  1.983e+06  2.018e+06  2.734e+06  2.343e+06  1.464e+06  1.824e+06  1.118e+06  1.299e+06  2.167e+06  1.506e+06  1.835e+06  1.491e+06  1.608e+06  1.826e+06  1.265e+06  1.881e+06  2.102e+06   1.79e+06  1.232e+06  1.448e+06  1.876e+06  1.536e+06  1.258e+06  2.099e+06  9.392e+05   1.81e+06  1.655e+06  8.606e+05  1.998e+06   2.43e+06  4.812e+05  1.498e+06  2.143e+06  1.881e+06  2.008e+06  1.904e+06   8.94e+05  2.106e+06  1.605e+06  1.185e+06 -2.322e+06  2.751e+06  1.857e+06  1.717e+06  2.139e+06   2.65e+06  1.076e+06  1.626e+06   1.14e+06  1.962e+06  2.476e+06   2.39e+06  1.652e+06  4.847e+06  2.726e+06  3.432e+06  3.382e+06  2.539e+06  2.305e+06  2.993e+06  1.238e+06  2.237e+06  2.341e+06  2.211e+06  1.338e+06  2.814e+06 -6.263e+05  2.078e+06       -251  1.083e+06  1.057e+06  2.077e+06  4.132e+05  1.892e+06  4.587e+06  2.511e+06  1.708e+06  1.248e+06
 -5.694e+05 -4.506e+06 -3.163e+07 -4.167e+06 -1.165e+08   6.81e+05  2.013e+06  2.266e+06  1.661e+06  1.976e+06  2.699e+06   2.23e+06  2.305e+06  2.122e+06  2.039e+06  1.616e+06  2.569e+06    2.1e+06  1.665e+06  1.954e+06  1.554e+06  2.741e+06  2.371e+06  3.017e+06  1.479e+06  2.318e+06   2.96e+06  2.384e+06  1.518e+06  2.509e+06  1.219e+06  1.913e+06  2.226e+06  2.865e+06  2.877e+06  2.123e+06  2.289e+06  2.407e+06  2.136e+06  2.736e+06  1.595e+06  5.982e+05  1.767e+06  3.894e+06  1.545e+06  1.607e+06  9.742e+05  1.785e+06  1.302e+06  2.984e+06   2.09e+06  1.739e+06  1.375e+06  2.588e+06  2.254e+06  2.128e+06  2.613e+06  1.958e+06  1.069e+05  2.659e+06  2.334e+06  2.113e+06   2.21e+06  2.018e+06  2.112e+06  2.876e+06  1.627e+06  2.048e+06  2.555e+06  2.487e+06  2.068e+06  2.111e+06  2.664e+06  2.339e+06   2.35e+06  2.108e+06  2.379e+06   2.01e+06  2.155e+06  2.225e+06  1.978e+06  2.678e+06  2.213e+06  2.613e+06  2.487e+06  1.646e+06  3.364e+06  3.307e+06  2.129e+06  2.881e+06  2.364e+06  2.731e+06  2.545e+06  2.398e+06  2.051e+06  2.043e+06  2.856e+06  2.629e+06  2.116e+06  1.262e+06  1.593e+06  1.826e+06  2.612e+06 -1.339e+06  1.547e+06  2.179e+06  3.001e+06  1.349e+06  2.768e+06   2.67e+06  1.063e+06  2.255e+06  1.064e+06  1.505e+06 -2.443e+05  1.047e+06  -2.14e+06  3.649e+06   2.61e+04  3.803e+06   1.23e+06  1.628e+06  1.102e+06   2.99e+06  2.145e+06  2.287e+06  2.918e+06  1.385e+06  2.158e+06  2.086e+06  2.891e+06  3.457e+06  2.423e+06  3.294e+06  2.422e+06   1.97e+06  2.724e+06  4.084e+06  9.722e+05  2.726e+06  1.076e+06
 -3.047e+07  -8.12e+05 -5.609e+06 -9.066e+05   6.81e+05 -6.159e+07 -6.518e+05  4.222e+05  1.191e+06  2.004e+06 -9.526e+05  8.654e+05      -2309  7.304e+05  2.281e+06 -3.543e+06 -1.566e+06 -1.193e+06  4.545e+05  4.083e+05  -3.25e+06 -1.737e+06  3.445e+05 -1.186e+06  8.546e+05  -1.16e+06  1.732e+06 -6.279e+05  2.562e+06  1.065e+06    3.8e+06  3.609e+06 -5.204e+06  -5.85e+05  1.202e+06  1.562e+06 -5.637e+06  1.201e+06 -2.212e+06 -4.156e+05  2.191e+06   1.21e+06  4.316e+06   1.99e+06  -1.18e+06  4.104e+05 -1.245e+06  8.011e+05  2.132e+06 -2.307e+06 -5.301e+06  7.923e+05 -4.208e+06 -8.407e+05   1.73e+06  6.519e+05 -3.008e+06 -5.164e+04  -4.56e+06 -1.215e+06 -4.452e+05   1.86e+06  1.625e+06 -4.562e+05  7.191e+05  3.485e+06  4.003e+06  7.767e+05  9.399e+05  1.415e+06  -2.97e+06  9.513e+05 -2.303e+06  8.861e+05 -1.668e+06  4.537e+05 -4.108e+05  4.826e+05  5.599e+04  1.665e+06  1.261e+06 -1.739e+06  9.508e+05   7.76e+05 -7.313e+05 -3.981e+05  6.426e+05  9.391e+04  4.993e+05  -2.16e+05   2.49e+06  1.601e+06   2.13e+06 -2.159e+06 -6.504e+05  1.378e+06  2.817e+05  2.181e+06  1.387e+06 -3.277e+06  6.752e+05 -1.241e+06 -3.481e+05  2.202e+06  2.748e+06  1.719e+06  1.857e+06  1.792e+06  2.648e+06 -1.454e+04   4.82e+05   2.35e+05  2.293e+06  1.713e+06   1.52e+06  3.905e+06  2.959e+06  5.108e+06  4.623e+06   3.69e+06  4.191e+06  3.725e+06  5.487e+06  3.869e+06  1.114e+06  3.084e+06  1.688e+06  3.786e+06  4.874e+06      93.88  3.161e+06  9.044e+05  3.033e+06  1.485e+06  2.561e+06  -4.84e+04  2.933e+06  4.369e+06  4.893e+06  1.948e+06   7.18e+05
 -3.559e+05  1.836e+06 -5.777e+05  1.126e+06  2.013e+06 -6.518e+05  -2.51e+09 -5.398e+07 -6.647e+06 -1.971e+07 -1.247e+08 -2.582e+06  -6.43e+07 -7.341e+06 -1.444e+07 -4.733e+08 -2.544e+07  -1.44e+07  -4.65e+06 -4.449e+06 -3.765e+07 -3.334e+07 -1.229e+07 -3.372e+07 -5.192e+06 -2.924e+07 -8.937e+06  -1.64e+07  1.315e+05 -4.942e+06 -6.635e+05  1.685e+06 -6.809e+07 -2.722e+07 -1.137e+07 -4.168e+06 -5.959e+07 -1.154e+07 -2.247e+07 -1.515e+07 -1.009e+07 -1.525e+07  4.499e+06 -9.187e+06 -2.707e+07 -9.285e+06 -1.963e+07 -9.534e+06 -6.469e+06 -3.346e+07  -3.85e+07   -6.6e+06 -3.541e+07 -1.443e+07 -5.795e+06 -5.182e+06 -3.119e+07 -1.118e+07  -3.92e+07  -1.53e+07 -1.051e+07 -2.839e+06 -1.813e+06  -9.13e+06 -5.542e+06  2.204e+06  4.517e+06 -9.332e+06 -4.797e+06 -6.898e+05 -2.682e+07 -5.197e+06 -1.873e+07 -4.114e+06 -1.731e+07 -4.826e+06 -9.414e+06 -4.466e+06 -6.102e+06 -1.053e+06 -2.587e+06  -2.45e+06 -2.532e+06 -3.041e+06 -3.982e+06 -7.716e+06 -3.517e+06 -1.201e+06  1.733e+05 -6.059e+06 -6.917e+05 -2.148e+05 -9.766e+05  -3.43e+07 -2.041e+07 -7.274e+06 -2.179e+07 -8.046e+06 -8.634e+06 -3.904e+07 -6.185e+06 -2.226e+07 -9.753e+06 -7.267e+06  1.251e+06 -5.504e+06  6.161e+05 -4.478e+06 -4.305e+06 -1.093e+07 -9.545e+06 -1.177e+07 -2.468e+06  1.846e+06 -8.827e+06 -1.025e+06  7.095e+05  7.034e+04  3.493e+06 -1.092e+07  6.556e+05   6.72e+05   4.64e+06  1.094e+07 -3.787e+06 -1.143e+06  1.825e+06   8.66e+06  4.116e+06 -1.046e+07 -4.284e+05 -1.199e+07  1.218e+06 -5.223e+06 -3.989e+06 -1.687e+07 -1.379e+07  6.593e+06  7.437e+06  3.652e+06  1.289e+06
   1.15e+06  2.126e+06  1.962e+06  2.215e+06  2.266e+06  4.222e+05 -5.398e+07 -3.164e+08 -1.886e+07  -6.33e+07 -1.658e+06  1.968e+04 -1.012e+06  1.334e+05       4176 -2.571e+07 -1.346e+07 -3.173e+06 -4.445e+05 -3.783e+05 -2.197e+07 -1.171e+07  -3.29e+06 -1.005e+07 -6.631e+05 -8.262e+06  -1.74e+06 -5.547e+06   8.73e+05 -2.693e+06  1.389e+06 -3.066e+05 -2.461e+07 -8.384e+06 -2.177e+06 -5.836e+05 -2.007e+07 -2.443e+06 -8.701e+06 -5.434e+06 -1.513e+05 -3.237e+06  2.563e+06 -3.411e+06 -5.865e+06 -1.899e+06 -7.268e+06 -2.853e+06 -1.118e+05 -1.281e+07 -1.713e+07 -1.057e+06 -1.705e+07 -4.475e+06  6.963e+04 -1.454e+05 -1.055e+07 -2.786e+06 -1.486e+07 -4.513e+06 -2.144e+06 -2.523e+05  6.588e+05 -2.032e+06 -2.584e+05  2.396e+06  3.959e+06 -2.717e+06 -3.642e+05  1.913e+05 -9.008e+06 -5.258e+05 -6.123e+06 -1.467e+05 -2.788e+06  -4.96e+05 -7.367e+05  3.232e+05 -5.301e+05  7.761e+05  8.536e+05 -3.547e+06  7.663e+04  1.144e+05 -1.382e+06 -1.405e+06  6.739e+05  8.413e+05  6.083e+05  1.509e+06  1.041e+05  3.457e+06  1.356e+06 -1.166e+07 -7.753e+06 -1.317e+06 -5.519e+06 -3.741e+05 -2.133e+06 -1.219e+07 -1.308e+06 -8.016e+06 -2.998e+06 -5.476e+06  1.825e+06 -2.077e+06 -5.462e+06  2.794e+05  -3.22e+05   -5.2e+06 -9.767e+05 -3.242e+06  -1.81e+06 -1.068e+06  4.025e+05  3.007e+06 -1.397e+05  2.966e+06  2.557e+06 -3.184e+06  8.047e+05   1.66e+06  3.833e+06  7.414e+05  1.742e+06  1.028e+06 -2.259e+05  2.068e+06  3.283e+06 -1.516e+06  8.417e+05 -2.464e+06  7.046e+05  -2.68e+06  1.372e+06 -7.896e+05  -1.31e+04    2.4e+06  3.268e+06 -1.071e+05  1.447e+06
  1.315e+06  1.578e+06  1.616e+06  9.619e+05  1.661e+06  1.191e+06 -6.647e+06 -1.886e+07   -9.8e+07  1.288e+06 -2.551e+05  7.118e+05 -1.404e+05 -2.262e+05  8.481e+05 -3.762e+06 -1.791e+06 -1.164e+05   7.61e+05  6.987e+05 -3.959e+06 -2.346e+06  3.174e+05 -3.695e+06 -7.452e+05 -7.071e+05 -8.123e+05 -5.115e+05  7.347e+05  1.431e+06  1.214e+06 -4.301e+05  -5.56e+06 -1.582e+06 -7.612e+05  1.126e+06 -3.664e+06  1.443e+05 -6.716e+05  3.259e+05   7.56e+05 -4.652e+05  1.604e+06  1.087e+04 -1.747e+05  7.069e+05  5.904e+05  8.472e+05  3.466e+05  -1.48e+06 -2.758e+06  6.525e+04 -1.544e+06  1.109e+05  1.188e+06  8.304e+05 -1.803e+06  5.513e+05 -5.661e+06  5.751e+05  8.629e+05  7.016e+05  1.021e+06  6.248e+05  1.303e+06  2.059e+06  2.177e+06  1.309e+06  1.433e+06  9.981e+05 -5.089e+05  1.137e+06  2.178e+05  1.231e+06  1.765e+05  9.977e+05  1.316e+06   1.77e+06   7.92e+05  1.655e+06  1.156e+06  1.045e+06  1.922e+06  1.546e+06  9.518e+05  1.224e+06   1.22e+06  1.417e+06  2.325e+06  2.844e+06  1.284e+06  6.245e+04  1.827e+06 -1.465e+06 -1.277e+06  9.332e+05  -8.49e+05   9.13e+05  9.109e+05 -1.879e+06   9.04e+05 -1.177e+06 -1.473e+05 -2.598e+06  8.813e+04  7.016e+05  3.468e+05  1.145e+06  9.826e+05 -1.088e+06   1.18e+05 -2.823e+05  -5.61e+04  2.005e+06 -1.056e+06 -2.796e+05 -9.278e+05  2.355e+06  1.559e+06  6.439e+05   -1.3e+06 -5.766e+05    1.7e+06  3.008e+06 -4.764e+05  1.121e+06  1.838e+06  1.336e+06  7.413e+05 -2.769e+05  1.479e+06  -2.77e+06 -2.478e+05 -5.488e+05  9.912e+05 -1.312e+06  1.326e+06  2.036e+06 -1.845e+06  7.457e+05  1.068e+06
  2.375e+06  2.326e+06  2.682e+06  2.542e+06  1.976e+06  2.004e+06 -1.971e+07  -6.33e+07  1.288e+06 -1.263e+08  8.143e+05  1.054e+06  7.529e+05  1.128e+06  7.702e+05     -1e+07 -5.582e+06 -5.244e+05  8.947e+05  9.521e+05 -7.725e+06 -4.473e+06 -7.326e+05 -4.749e+06  7.409e+05 -3.489e+06  8.085e+05 -1.692e+06  7.481e+05 -6.065e+05    1.4e+06 -2.367e+05 -1.155e+07 -2.563e+06  6.461e+05  1.751e+05 -7.711e+06       4425  -2.53e+06 -1.511e+06  -1.69e+06 -1.748e+06  1.712e+06 -4.578e+06 -3.557e+06  -1.31e+06 -3.046e+06 -9.261e+05 -2.532e+05 -5.998e+06 -8.767e+06  6.325e+05 -6.736e+06 -1.285e+06  6.391e+05  1.215e+06  -3.65e+06 -5.347e+04 -5.685e+06 -9.638e+05  2.101e+05  1.396e+06  1.378e+06 -4.654e+05   1.05e+06  3.261e+06  2.712e+06 -2.551e+05  4.188e+05  1.101e+06 -3.936e+06  7.915e+05 -1.291e+06  1.235e+06 -4.435e+05   1.24e+06  2.151e+06  1.872e+06  1.688e+06  2.075e+06  2.042e+06  1.035e+06  1.598e+06  1.986e+06   1.34e+06  1.596e+06  2.556e+06  3.213e+06   2.99e+06  2.297e+06  1.853e+06  4.337e+06  2.166e+06 -4.921e+06  -2.89e+06  2.743e+05 -1.774e+06  9.424e+05 -5.025e+05 -4.856e+06  6.216e+04 -1.966e+06 -1.756e+05 -5.378e+06  1.355e+06   4.55e+05 -7.113e+05  3.074e+05  8.102e+05  -7.48e+05  8.153e+05   1.55e+04 -1.343e+06   7.47e+05   1.34e+06  1.722e+06 -1.755e+06  3.063e+05  1.524e+06 -7.961e+06  2.841e+06  1.125e+06  1.613e+06 -1.264e+06  2.713e+06  1.658e+06  8.259e+05  1.582e+06  3.696e+06 -1.395e+06  1.182e+06  1.162e+06  1.095e+06 -6.614e+05  7.319e+05  6.518e+05 -1.026e+06 -3.412e+06  1.486e+06  1.043e+06  1.543e+06
 -7.143e+05   1.59e+06  6.841e+05  1.103e+06  2.699e+06 -9.526e+05 -1.247e+08 -1.658e+06 -2.551e+05  8.143e+05 -5.659e+08 -4.175e+06 -1.571e+08 -9.488e+06  -2.29e+07 -6.104e+07 -1.633e+07 -9.488e+06 -2.458e+06 -2.713e+06 -2.722e+07 -1.879e+07 -7.128e+06  -1.93e+07 -2.719e+06 -1.675e+07 -3.434e+06 -1.128e+07 -7.632e+05 -3.986e+06  3.006e+06  1.606e+06 -3.723e+07 -1.655e+07 -6.161e+06 -2.315e+06 -3.088e+07  -5.17e+06 -1.348e+07 -9.482e+06 -6.147e+06 -6.585e+06  4.862e+06  2.203e+05 -1.316e+07 -5.377e+06 -9.148e+06 -5.348e+06 -1.995e+06 -1.799e+07 -3.316e+07 -4.092e+06 -3.173e+07 -1.018e+07 -1.626e+06 -3.097e+06 -2.207e+07 -7.808e+06 -2.642e+07 -9.616e+06  -4.31e+06 -6.724e+05 -7.759e+05 -8.892e+06 -3.432e+06  2.327e+06   4.88e+06 -7.805e+06 -2.844e+06 -1.636e+06 -1.905e+07 -2.558e+06 -1.585e+07 -2.988e+06 -1.117e+07 -2.217e+06 -6.555e+06 -3.996e+06 -3.556e+06  5.553e+05  5.825e+04 -4.166e+06 -1.699e+06 -2.153e+06  -4.04e+06 -3.779e+06 -1.613e+06 -2.821e+06 -1.392e+06 -2.405e+06  7.569e+05   2.07e+05  5.961e+05 -1.844e+07 -1.617e+07 -4.359e+06 -1.048e+07 -3.037e+06  -4.33e+06 -2.255e+07 -3.743e+06  -1.11e+07 -7.434e+06 -3.467e+06  1.675e+06 -3.003e+06 -7.281e+06 -2.534e+06  8.789e+05 -8.259e+06 -5.638e+06  -2.85e+06 -2.168e+06  1.772e+06  -7.15e+06  4.515e+06 -4.109e+06  4.662e+06   4.37e+06  3.046e+06  4.094e+06  2.717e+06  4.449e+06  1.482e+06 -2.975e+06  2.382e+05 -7.226e+05  3.171e+06  5.356e+06 -7.391e+06  8.067e+05 -7.638e+06  6.242e+05  -3.37e+06  1.986e+06 -5.157e+06  2.197e+06  2.982e+06  5.204e+06  7.056e+04  1.309e+06
  1.304e+06  2.022e+06  1.729e+06   1.74e+06   2.23e+06  8.654e+05 -2.582e+06  1.968e+04  7.118e+05  1.054e+06 -4.175e+06 -6.861e+07 -1.396e+05 -6.678e+05  1.152e+06 -2.676e+06 -2.334e+06 -3.073e+06 -2.691e+05 -8.063e+04 -1.607e+06 -2.318e+06 -3.486e+05 -4.207e+06  1.496e+05 -2.124e+06  7.752e+05 -1.303e+06  1.704e+06  1.206e+05  2.626e+06  2.182e+06 -4.214e+06 -1.634e+06      -2919  7.307e+05 -2.677e+06  3.863e+05 -1.378e+06 -1.065e+06  3.735e+05 -3.307e+05  3.071e+06 -3.547e+05 -2.009e+06 -1.222e+05 -2.539e+06  2.369e+05  7.452e+05 -2.012e+06 -7.401e+06 -4.162e+05 -4.709e+06 -1.936e+06  5.374e+05  9.517e+04 -2.271e+06 -1.531e+04  -4.25e+06 -1.366e+06 -1.936e+05  1.211e+06  1.262e+06 -7.151e+05  6.319e+05  2.033e+06  2.732e+06  1.984e+05  4.256e+05  7.104e+05 -3.587e+06  5.924e+05 -1.908e+06  5.144e+05 -1.273e+06  5.772e+05  -3.67e+05  4.509e+05  1.717e+05  1.357e+06  7.302e+05 -1.276e+05  7.863e+05  9.425e+05 -2.249e+05  1.551e+04  1.011e+06  9.176e+04  3.137e+05   2.07e+05  1.598e+06  2.318e+06  1.382e+06 -2.165e+06 -1.573e+06  8.956e+05 -2.503e+05  1.343e+06  1.056e+05 -3.253e+06 -1.769e+05 -1.083e+06 -5.886e+04 -7.613e+05  1.881e+06   5.95e+05  9.738e+04   1.04e+06  1.704e+06 -1.127e+06  1.094e+06  5.462e+05   1.93e+06  1.716e+06  1.313e+06  2.529e+06  4.942e+06  2.484e+06  2.795e+06  -8.78e+05  1.748e+06 -5.167e+04   3.22e+06  2.581e+06  6.255e+05  1.594e+06  1.914e+06  3.249e+06  2.576e+06 -5.465e+05  1.851e+06 -8.528e+05  2.083e+06  1.667e+06  1.993e+06 -1.066e+06  2.487e+06   2.35e+05  2.325e+06  1.579e+06  1.013e+06
  5.428e+05  1.449e+06  8.633e+05  1.259e+06  2.305e+06      -2309  -6.43e+07 -1.012e+06 -1.404e+05  7.529e+05 -1.571e+08 -1.396e+05 -6.086e+08 -2.223e+07 -5.435e+07 -3.017e+07 -1.258e+07 -4.742e+06 -7.038e+05 -9.236e+05 -2.601e+07  -1.39e+07 -4.335e+06 -1.609e+07 -2.173e+06 -1.318e+07 -3.267e+06 -6.403e+06 -2.169e+06 -3.122e+06  1.897e+06  4.995e+05 -2.739e+07 -9.802e+06 -3.244e+06 -8.837e+05 -2.468e+07 -4.993e+06 -9.602e+06 -7.523e+06 -2.176e+06  -7.44e+06  4.707e+06 -7.292e+06 -8.955e+06 -4.132e+06 -7.731e+06 -2.075e+06 -1.705e+06 -1.425e+07 -2.008e+07 -1.388e+06 -1.678e+07 -6.203e+06 -3.839e+05 -1.031e+06  -1.43e+07 -5.441e+06  -2.03e+07 -6.575e+06 -2.868e+06   -7.3e+04   3.21e+05 -3.934e+06  -2.49e+06  7.971e+05  4.042e+06 -7.122e+06 -1.746e+06 -6.433e+05 -1.259e+07 -1.519e+06 -9.142e+06 -1.269e+06 -7.894e+06 -1.631e+06 -3.174e+06  -2.66e+06 -1.233e+06  3.239e+05  1.797e+06   1.06e+06 -4.994e+05 -1.935e+06 -3.252e+06 -1.413e+06 -5.825e+05  4.513e+05 -1.369e+06 -2.991e+06 -2.027e+06  1.306e+06  2.239e+04 -1.845e+07 -1.091e+07 -2.851e+06 -8.953e+06 -3.605e+06 -2.642e+06 -1.862e+07 -2.251e+06 -9.151e+06 -6.311e+06  -1.32e+07  4.448e+05   -1.6e+06 -3.243e+06 -6.318e+05 -1.921e+06 -7.909e+06 -6.553e+06 -2.807e+06 -1.256e+06 -1.113e+06 -8.211e+06  3.016e+05 -6.552e+06  1.834e+06  3.504e+06 -5.374e+06  1.971e+06 -3.595e+06 -9.216e+05  1.387e+06  -4.11e+06  1.506e+06  6.508e+05  5.862e+06  3.601e+06 -7.391e+06 -8.089e+05  -6.37e+06  1.578e+05 -3.836e+06  5.279e+05 -1.093e+07 -4.049e+06 -2.692e+06 -6.312e+05 -2.711e+05  1.471e+06
  1.055e+06  1.929e+06  1.114e+06  8.874e+05  2.122e+06  7.304e+05 -7.341e+06  1.334e+05 -2.262e+05  1.128e+06 -9.488e+06 -6.678e+05 -2.223e+07 -1.475e+08  6.076e+05 -6.553e+06 -3.402e+06 -2.299e+06 -1.677e+05 -1.496e+05  -5.43e+06 -6.439e+06 -1.428e+06 -5.974e+06  -1.09e+06 -4.288e+06 -2.453e+06 -3.036e+06  9.303e+05 -2.451e+06  2.586e+06  8.783e+05 -7.984e+06 -4.423e+06 -3.169e+06  7.496e+05 -7.325e+06  -5.61e+05 -4.108e+06 -3.038e+06 -4.937e+05 -1.184e+06  4.578e+06   1.64e+06 -3.717e+06 -1.888e+05 -1.977e+06 -5.735e+05  5.148e+05 -3.662e+06 -9.084e+06 -5.955e+05  -8.57e+06 -3.085e+06  7.879e+05 -7.324e+05 -4.907e+06 -1.202e+06 -1.005e+07 -3.118e+06 -1.004e+06  7.924e+05  1.064e+06 -1.258e+06 -3.369e+04  2.353e+06  3.225e+06 -1.884e+06 -8.142e+05 -1.575e+05 -4.104e+06  5.059e+05 -3.512e+06 -4.193e+05 -3.761e+06 -3.024e+05 -1.236e+06 -4.242e+05 -5.708e+05  1.496e+06  6.573e+05 -1.453e+06   2.63e+05 -1.668e+04 -1.852e+06 -8.853e+05 -2.462e+05 -1.022e+06 -3.306e+05  4.861e+05 -1.919e+05  5.085e+05  3.912e+05 -5.031e+06  -3.65e+06 -7.401e+05 -2.195e+06  1.918e+05 -4.809e+05 -5.383e+06 -4.947e+05 -3.246e+06 -2.223e+06 -2.343e+06  7.464e+05 -5.657e+05 -2.074e+06  4.864e+05  1.065e+06 -2.457e+06 -2.166e+06 -2.234e+06 -9.153e+05  5.775e+05 -7.891e+05  1.986e+06  5.754e+05  3.232e+06  3.011e+06  1.571e+06  3.788e+06 -1.546e+05  2.429e+06  1.323e+06  1.577e+06  1.314e+06  4.122e+05  3.214e+06  3.866e+06 -2.827e+06  1.591e+06 -2.584e+06 -1.034e+06 -1.293e+06   1.16e+06 -4.786e+05  1.007e+06  3.465e+06  2.954e+06 -6.856e+05  1.297e+06
  2.487e+06  2.227e+06  2.497e+06  2.606e+06  2.039e+06  2.281e+06 -1.444e+07       4176  8.481e+05  7.702e+05  -2.29e+07  1.152e+06 -5.435e+07  6.076e+05 -2.106e+08 -7.249e+06 -2.292e+06  4.155e+05  1.163e+06  1.394e+06 -5.931e+06 -3.149e+06 -1.556e+05 -2.118e+06  3.922e+05 -2.332e+06  9.196e+05 -8.448e+05  -2.09e+06 -7.632e+05 -1.262e+06 -1.105e+06 -9.843e+06 -9.137e+05  1.213e+06  -2.16e+05 -1.267e+07  -2.64e+06 -1.877e+06 -8.795e+05  3.372e+05 -1.956e+06  6.862e+05 -1.963e+06 -5.388e+06 -1.067e+06 -2.856e+06  6.257e+05 -2.811e+06 -3.296e+06 -6.051e+06  7.018e+05 -3.781e+06 -1.149e+05  3.287e+05  1.564e+06 -5.044e+06 -1.711e+05 -6.972e+06  3.946e+05  4.319e+05  7.859e+05  1.469e+06  8.858e+05  8.349e+05  2.144e+06    2.1e+06  -7.99e+05  7.176e+05  1.566e+06 -1.598e+06  1.304e+06 -9.648e+05   1.36e+06 -7.962e+05  1.841e+06  1.778e+06  1.324e+06  2.003e+06  1.601e+06  2.184e+06 -2.346e+06  1.863e+06  9.095e+05  1.601e+06  1.981e+06  2.977e+06   1.83e+06  3.631e+06  2.074e+06 -2.827e+06   3.31e+06   1.43e+06 -4.603e+06 -2.582e+06 -7.881e+05 -1.381e+06 -6.521e+04   6.35e+05 -4.781e+06   5.36e+05 -1.165e+06  3.932e+05 -1.082e+07  9.196e+05  -5.67e+05 -1.745e+06 -7.027e+05 -8.906e+05 -1.267e+06 -2.025e+05  -1.07e+06 -4.523e+06 -2.006e+06 -4.091e+06  -4.93e+06 -1.468e+06  6.917e+04   -6.4e+05 -7.371e+06  3.447e+05   2.34e+05 -4.772e+06 -1.316e+06 -2.115e+06  1.902e+06  1.538e+05 -9.959e+05  2.603e+06 -1.619e+06  2.325e+06  -1.46e+06  6.589e+05 -9.657e+05  1.474e+06   1.06e+06 -4.451e+06 -7.447e+05  3.179e+05 -2.397e+06  1.617e+06
 -1.993e+06  1.725e+06   -6.4e+05  6.687e+05  1.616e+06 -3.543e+06 -4.733e+08 -2.571e+07 -3.762e+06     -1e+07 -6.104e+07 -2.676e+06 -3.017e+07 -6.553e+06 -7.249e+06 -1.464e+09  -3.07e+07 -1.145e+07 -2.563e+06 -4.011e+06 -3.761e+07 -2.497e+07 -9.971e+06  -3.23e+07   -3.3e+06 -1.861e+07 -5.494e+06 -1.385e+07 -1.129e+06 -5.319e+06 -1.951e+05  1.925e+06 -5.786e+07 -2.062e+07 -8.549e+06 -3.171e+06 -6.382e+07  -1.01e+07 -1.995e+07  -1.41e+07 -7.984e+06 -1.045e+07  2.609e+06 -1.022e+07 -1.837e+07 -7.899e+06 -1.538e+07 -7.528e+06 -3.764e+06 -3.445e+07 -3.597e+07 -5.234e+06 -3.887e+07  -1.28e+07 -3.255e+06 -4.263e+06  -2.39e+07 -8.345e+06 -3.155e+07 -1.555e+07 -7.742e+06 -1.477e+06 -1.765e+06  -1.05e+07 -3.102e+06   8.45e+05  4.662e+06 -5.869e+06 -5.306e+06   -1.3e+06 -2.109e+07 -4.982e+06 -1.596e+07 -2.654e+06 -1.468e+07 -4.399e+06 -7.484e+06 -7.968e+06 -5.504e+06 -1.401e+06  -2.06e+06 -5.771e+06 -3.864e+06 -3.689e+06 -9.022e+06 -9.237e+06 -2.742e+06 -6.239e+06 -1.145e+06 -7.339e+06 -3.951e+06  9.277e+05 -2.194e+06 -2.959e+07 -2.044e+07  -6.97e+06 -1.324e+07 -5.432e+06 -6.242e+06  -3.32e+07 -5.908e+06 -2.158e+07 -9.589e+06 -1.212e+07   1.86e+06 -5.749e+06 -3.174e+06 -4.958e+06   -1.5e+06 -1.402e+07 -6.984e+06 -1.025e+06 -1.209e+06 -2.048e+06 -4.854e+06  9.648e+05  1.114e+06  1.668e+06  1.594e+06 -1.208e+06  3.946e+06 -3.832e+06   3.78e+06   8.18e+06  7.769e+05  3.956e+05 -4.971e+06  4.335e+06  2.389e+06 -1.049e+07  2.766e+06 -6.575e+06   -4.2e+06 -8.033e+06 -2.567e+06 -9.917e+06 -1.003e+06  8.327e+05   9.37e+05 -6.638e+06  9.406e+05
 -5.412e+05  1.347e+06 -2.079e+06  1.312e+06  2.569e+06 -1.566e+06 -2.544e+07 -1.346e+07 -1.791e+06 -5.582e+06 -1.633e+07 -2.334e+06 -1.258e+07 -3.402e+06 -2.292e+06  -3.07e+07 -1.575e+09 -1.189e+06 -5.549e+05  -1.16e+06 -5.601e+08 -2.744e+07 -1.098e+07 -3.253e+07 -3.727e+06 -1.994e+07  -7.22e+06 -1.184e+07 -3.357e+06  -9.96e+06  3.064e+06 -1.354e+06  -1.32e+08 -2.613e+07 -9.774e+06 -2.269e+06 -9.271e+07 -1.215e+07 -4.274e+07 -2.126e+07  -7.25e+06 -1.144e+07   4.16e+06  -1.56e+07 -2.797e+07 -1.157e+07 -2.134e+07 -7.681e+06 -4.473e+06 -1.111e+08 -4.432e+07  -6.18e+06 -4.118e+07 -1.534e+07 -5.526e+06 -3.852e+06 -3.195e+07 -1.157e+07 -3.749e+07 -1.708e+07 -5.891e+06 -1.514e+06 -4.903e+05 -6.984e+06 -4.686e+06  3.267e+06  4.917e+06 -8.831e+06  -4.48e+06 -4.439e+06 -2.436e+07  -5.23e+06  -1.95e+07 -3.247e+06 -1.075e+07 -3.511e+06 -4.763e+06 -4.104e+06 -5.049e+06  2.249e+05 -2.231e+06 -5.076e+06 -2.315e+06 -5.137e+06 -5.615e+06 -6.202e+06 -6.734e+04 -3.819e+04  4.029e+05  5.233e+04  -7.37e+06  4.839e+06 -9.581e+05 -4.101e+07 -2.632e+07 -6.495e+06 -1.943e+07 -5.838e+06 -9.058e+06 -4.277e+07  -5.78e+06 -2.811e+07 -1.142e+07 -9.887e+06 -7.717e+05 -7.925e+06 -1.633e+07 -3.536e+06 -2.613e+06 -1.359e+07 -7.142e+06 -9.149e+06 -3.186e+06 -6.196e+06 -9.272e+06 -6.891e+05  2.045e+06  5.317e+05   2.48e+06 -7.919e+06 -2.918e+06 -9.919e+06   1.92e+06 -7.483e+06 -3.396e+06 -1.551e+06 -2.966e+06  2.806e+06  3.972e+05 -1.069e+07 -5.663e+05 -2.726e+07  2.375e+05 -8.091e+06 -5.348e+04 -1.898e+07  2.051e+06 -9.781e+06  5.563e+05 -7.239e+06  1.465e+06
  1.551e+05  1.663e+06  8.268e+05  1.158e+06    2.1e+06 -1.193e+06  -1.44e+07 -3.173e+06 -1.164e+05 -5.244e+05 -9.488e+06 -3.073e+06 -4.742e+06 -2.299e+06  4.155e+05 -1.145e+07 -1.189e+06 -2.487e+08 -2.378e+07  -3.41e+07 -2.097e+07 -1.191e+07 -4.651e+06 -1.299e+07  -5.23e+06 -9.163e+06 -2.659e+06 -8.512e+06 -1.675e+05 -2.672e+06  2.493e+06  1.976e+06 -1.561e+07 -9.877e+06 -4.525e+06 -2.263e+06 -1.696e+07 -4.195e+06 -1.047e+07 -6.664e+06 -1.299e+06 -1.953e+06  3.863e+06 -1.149e+07 -1.039e+07 -5.217e+06 -1.057e+07 -4.139e+06 -2.098e+06 -8.033e+06 -2.651e+07 -4.442e+06 -2.335e+07 -8.272e+06 -1.334e+06 -2.586e+06 -1.249e+07 -4.382e+06  -2.33e+07 -7.109e+06 -6.904e+06 -7.504e+05 -2.564e+06 -4.626e+06 -1.952e+06  2.508e+06  3.699e+06 -6.031e+06 -1.936e+06 -1.443e+06 -1.537e+07 -2.541e+06 -9.602e+06 -1.558e+06 -7.197e+06 -1.965e+06 -4.396e+06 -3.397e+06 -7.231e+06 -5.429e+06 -6.309e+05  -9.73e+06 -2.163e+06 -1.262e+06 -4.124e+06 -4.268e+06 -9.952e+05 -3.299e+06 -2.674e+06 -1.192e+06 -1.799e+06  4.367e+04  -4.65e+05 -8.437e+06 -7.884e+06 -1.561e+06 -6.538e+06 -8.053e+04 -3.499e+06 -1.107e+07 -3.403e+06 -6.637e+06 -3.972e+06 -3.662e+06 -1.065e+05 -1.553e+06 -9.846e+05 -1.956e+06  5.755e+05 -4.651e+06 -1.885e+07 -1.651e+07  -1.97e+05 -1.733e+07 -9.834e+05  2.439e+06 -3.628e+05 -4.777e+05   2.22e+06 -1.449e+07  4.702e+06  1.691e+06  4.682e+06  2.043e+06  4.277e+04  6.335e+05  7.215e+05  1.728e+06  4.658e+06 -6.907e+06  1.215e+06 -2.677e+06  1.085e+06 -1.477e+06  1.292e+06 -3.158e+06  4.609e+05 -1.062e+07  2.857e+06 -1.886e+06   1.01e+06
   8.85e+05  1.329e+06  1.208e+06  1.306e+06  1.665e+06  4.545e+05  -4.65e+06 -4.445e+05   7.61e+05  8.947e+05 -2.458e+06 -2.691e+05 -7.038e+05 -1.677e+05  1.163e+06 -2.563e+06 -5.549e+05 -2.378e+07 -6.135e+07  1.799e+06 -3.725e+06 -4.474e+06 -1.477e+06 -4.244e+06 -2.025e+05 -3.327e+06  6.892e+04 -2.619e+06  1.133e+06 -3.462e+05  1.866e+06  2.147e+06 -4.025e+06 -2.979e+06 -6.439e+05  1.665e+04   -4.5e+06 -4.359e+05 -2.744e+06  -1.97e+06 -1.916e+05 -1.249e+06  2.276e+06  1.771e+06 -3.216e+06 -7.882e+05 -2.459e+06 -6.044e+05  3.961e+05 -2.433e+06 -9.198e+06 -7.539e+05 -6.838e+06 -2.842e+06  -6.36e+04 -5.583e+05 -3.424e+06 -6.484e+05 -7.372e+06 -2.265e+06 -9.785e+05  5.293e+05  1.278e+06 -2.037e+06  -2.17e+05   2.28e+06  2.491e+06 -5.886e+05 -3.929e+05  1.635e+05 -4.026e+06 -5.846e+05 -2.652e+06  -1.04e+05  -1.93e+06 -9.689e+04 -9.844e+05  -2.32e+05 -2.456e+05  5.376e+05  9.664e+05 -2.637e+06 -2.994e+05 -2.046e+04  -9.98e+05 -1.406e+06  1.232e+05 -1.005e+06 -3.596e+05  1.336e+05  1.061e+06 -3.689e+05  4.446e+05 -1.853e+06 -1.896e+06  1.675e+05 -7.727e+05  9.455e+05 -4.514e+05 -3.322e+06 -4.408e+05 -2.139e+06 -1.035e+06 -6.998e+05  1.809e+06   2.76e+05 -6.507e+05  6.468e+05   1.53e+06 -7.889e+05  1.486e+05 -1.225e+06  1.245e+06  2.618e+05      -9147  2.421e+06  1.683e+06  3.127e+06  1.795e+06  1.191e+06  2.795e+06  2.818e+06  3.176e+06  2.065e+06  5.827e+05  1.287e+06  1.256e+06  3.129e+06  3.432e+06  5.266e+05  1.645e+06  1.832e+05  1.847e+06  6.344e+05  2.114e+06  3.845e+05  1.973e+06  1.403e+06  2.897e+06  1.334e+06   8.54e+05
   8.05e+05  1.554e+06  1.472e+06  1.147e+06  1.954e+06  4.083e+05 -4.449e+06 -3.783e+05  6.987e+05  9.521e+05 -2.713e+06 -8.063e+04 -9.236e+05 -1.496e+05  1.394e+06 -4.011e+06  -1.16e+06  -3.41e+07  1.799e+06 -7.345e+07 -6.373e+06 -4.214e+06 -1.199e+06 -3.745e+06 -2.753e+05 -3.138e+06 -5.815e+05 -2.245e+06  1.108e+06 -5.546e+05  2.629e+06  2.112e+06 -5.903e+06 -3.055e+06 -7.369e+05  -1.09e+04   -6.7e+06 -4.788e+05 -3.949e+06 -2.326e+06  4.717e+05 -1.241e+06  2.926e+06  1.703e+06 -3.293e+06 -1.162e+06 -1.869e+06 -5.331e+05  1.889e+05 -3.685e+06 -7.182e+06 -6.077e+05 -6.536e+06 -2.603e+06  4.343e+05 -3.517e+05  -3.97e+06  -1.47e+06 -6.338e+06 -2.571e+06  -1.19e+06  3.728e+05  5.243e+05 -9.961e+05  6.468e+04  1.705e+06  2.749e+06 -5.085e+05 -1.782e+05  1.899e+05 -4.779e+06 -3.962e+05 -3.589e+06 -7.578e+04 -2.731e+06 -4.055e+04 -1.742e+06  -7.43e+05 -1.088e+06  6.227e+05  8.462e+05 -2.372e+06  2.912e+04 -1.459e+05 -1.105e+06 -1.075e+06  5.621e+05 -6.064e+04 -5.892e+05 -1.598e+05  7.197e+05  5.184e+05  1.038e+06 -3.828e+06 -2.678e+06  3.138e+05 -1.266e+06  7.117e+05  -3.82e+05 -4.828e+06 -7.144e+05 -2.905e+06  -1.19e+06 -6.286e+05  1.464e+06  1.338e+05  4.437e+05   7.78e+05  1.487e+06 -2.123e+06 -1.225e+06 -9.998e+05  1.217e+06  8.228e+05  1.511e+06  2.754e+06  1.713e+06  3.455e+06  3.031e+06  1.336e+06  2.561e+06  6.219e+05  3.262e+06  2.256e+06 -1.686e+05   1.55e+06    8.3e+05  2.576e+06  3.735e+06 -4.134e+05  1.532e+06 -1.549e+06  1.438e+06  7.459e+04  1.372e+06  3.197e+05  1.428e+06  1.738e+06  3.101e+06 -2.034e+05  1.002e+06
 -1.718e+06  8.728e+05 -1.149e+06  8.124e+05  1.554e+06  -3.25e+06 -3.765e+07 -2.197e+07 -3.959e+06 -7.725e+06 -2.722e+07 -1.607e+06 -2.601e+07  -5.43e+06 -5.931e+06 -3.761e+07 -5.601e+08 -2.097e+07 -3.725e+06 -6.373e+06 -3.336e+09 -5.458e+07 -1.305e+07 -3.344e+07 -5.826e+06 -2.835e+07 -1.326e+07 -2.322e+07 -1.059e+07 -1.306e+07 -2.665e+06 -4.686e+06 -2.477e+08 -4.275e+07 -1.536e+07 -7.557e+06 -1.679e+08 -2.207e+07 -7.091e+07 -3.276e+07  -1.43e+07 -1.815e+07    3.5e+06 -1.423e+07 -4.187e+07 -1.936e+07  -3.26e+07 -1.812e+07 -9.576e+06  -1.06e+08 -7.922e+07 -7.108e+06 -7.304e+07 -1.522e+07 -7.056e+06 -4.842e+06 -4.654e+07 -1.709e+07 -5.687e+07 -2.166e+07 -8.406e+06 -1.299e+06 -4.148e+06 -1.513e+07  -5.37e+06  1.079e+06  3.081e+06 -1.001e+07  -5.24e+06 -5.418e+06  -3.12e+07 -7.567e+06 -2.124e+07 -4.239e+06 -1.183e+07 -5.345e+06 -8.922e+06  -6.47e+06  -5.68e+06 -9.831e+05 -1.593e+06 -2.541e+07 -3.088e+06 -5.997e+06 -7.493e+06 -7.401e+06 -8.222e+05 -4.969e+06 -2.014e+06 -1.355e+06 -2.253e+07  5.418e+06 -5.035e+06 -6.572e+07  -3.95e+07 -1.222e+07 -2.771e+07  -9.68e+06 -7.862e+06 -6.671e+07 -1.054e+07 -3.214e+07 -1.449e+07 -1.018e+07   -6.5e+06 -1.181e+07 -5.954e+06 -6.366e+06 -4.112e+06 -1.959e+07 -7.189e+06 -1.794e+07 -1.374e+07 -9.677e+06 -1.674e+07 -1.084e+06 -7.723e+06 -9.224e+06  6.713e+06 -2.672e+07 -5.991e+06 -6.506e+06  2.817e+06 -3.169e+07  -1.46e+07       8586 -4.953e+06  6.141e+05  5.515e+06 -2.059e+07 -4.079e+06 -2.066e+07 -8.912e+06 -9.136e+06 -1.531e+06 -1.155e+07 -1.843e+07 -3.192e+06  6.104e+05 -1.116e+06  1.391e+06
 -4.247e+05  2.157e+06 -8.066e+04  1.121e+06  2.741e+06 -1.737e+06 -3.334e+07 -1.171e+07 -2.346e+06 -4.473e+06 -1.879e+07 -2.318e+06  -1.39e+07 -6.439e+06 -3.149e+06 -2.497e+07 -2.744e+07 -1.191e+07 -4.474e+06 -4.214e+06 -5.458e+07 -9.118e+08 -1.928e+07 -1.556e+08 -1.199e+07 -8.406e+07 -1.517e+07 -2.049e+07 -3.801e+06 -8.417e+06 -9.222e+05 -6.775e+06 -1.202e+08 -3.006e+07 -1.149e+07 -5.955e+06  -6.31e+07 -1.675e+07 -3.747e+07 -2.236e+07 -1.026e+07 -1.425e+07   4.64e+06  3.908e+04 -3.105e+07 -1.314e+07 -2.927e+07 -1.376e+07 -6.868e+06 -3.124e+07  -5.93e+07 -6.293e+06 -4.355e+07 -1.984e+07 -5.719e+06 -4.499e+06 -3.305e+07 -1.104e+07  -5.89e+07 -1.971e+07  -7.64e+06 -2.391e+06  -2.29e+06 -1.114e+07 -5.897e+06  1.747e+06  5.487e+06 -7.508e+06 -4.953e+06 -3.328e+06 -3.012e+07 -4.761e+06 -1.787e+07 -3.973e+06 -1.363e+07 -4.013e+06 -7.414e+06 -3.784e+06   -1.7e+06  -7.31e+05 -1.456e+06 -1.124e+07 -2.455e+06 -4.841e+06 -9.269e+06 -5.902e+06 -3.059e+06 -3.271e+06 -4.346e+06 -4.979e+06 -2.128e+06  3.953e+06 -1.189e+06 -3.553e+07 -2.518e+07 -8.274e+06 -1.804e+07  -5.63e+06 -1.118e+07 -3.532e+07 -6.135e+06 -2.479e+07 -9.564e+06  -9.52e+06 -3.243e+06 -4.047e+06 -1.017e+07 -3.046e+06 -1.527e+06 -1.627e+07 -8.993e+06 -8.384e+06 -5.553e+06 -2.479e+06 -6.298e+06 -1.082e+06 -3.063e+06  4.312e+06  3.031e+06  1.462e+06  3.875e+06 -5.805e+06  2.093e+06  6.312e+06 -5.739e+06 -1.698e+06 -2.381e+06   3.98e+06   7.14e+06 -1.254e+07   7.26e+05 -6.443e+06 -1.984e+06 -7.685e+06 -4.409e+05 -4.617e+06  -9.31e+05 -1.151e+06  5.804e+06  2.889e+05  1.131e+06
