
 20

((((((cabassous_unicinctus: 0.023707, tolypeutes_matacus: 0.026895): 0.001572, priodontes_maximus: 0.031548): 0.011631, (calyptophractus_retusus: 0.019369, chlamyphorus_truncatus: 0.006866): 0.021340): 0.000000, (((chaetophractus_vellerosus: 0.004812, zaedyus_pichiy: 0.005206): 0.000000, chaetophractus_villosus: 0.005917): 0.000000, euphractus_sexcinctus: 0.008396): 0.030668): 0.010929, (dasypus_novemcinctus: 0.014483, dasypus_kappleri: 0.007239): 0.048110): 0.031595, ((bradypus_tridactylus: 0.053327, (choloepus_hoffmanni: 0.006084, choloepus_didactylus: 0.009269): 0.013021): 0.062368, ((tamandua_tetradactyla: 0.026813, myrmecophaga_tridactyla: 0.019868): 0.048449, cyclopes_didactylus: 0.058589): 0.033816): 0.017170, ((zaglossus_bruijni: 0.011341, tachyglossus_aculeatus: 0.025468): 0.023660, ornithorhynchus_anatinus: 0.077248): 0.741635);

  0.031595  0.010929  0.000000  0.011631  0.001572  0.023707  0.026895  0.031548  0.021340  0.019369  0.006866  0.030668  0.000000  0.000000  0.004812  0.005206  0.005917  0.008396  0.048110  0.014483  0.007239  0.017170  0.062368  0.053327  0.013021  0.006084  0.009269  0.033816  0.048449  0.026813  0.019868  0.058589  0.741635  0.023660  0.011341  0.025468  0.077248

 -0.011779  0.000000 -483.992912  0.000000 -0.007773  0.000000  0.000000  0.000000  0.000000  0.000000  0.000000  0.000000 -636.960606 -308.022424  0.000000  0.005067  0.000000  0.006205  0.000000  0.006383  0.000000 -0.024607  0.000000  0.000000  0.000000  0.012150  0.000000  0.005560  0.000000  0.000000  0.012485  0.008248  0.000000  0.000000  0.000000  0.000000  0.000000


Hessian

 -2.341e+05      -4784     -860.4      114.9        806      -2066     -786.2     -950.8      161.9      540.5      455.9      -1164      211.5      -1395       1024      -1878       1812       1620 -1.898e+05 -1.906e+05     -793.9 -1.901e+05 -1.365e+05      -2407 -1.331e+05 -1.319e+05     -198.1      -7163      -2661      -2034      191.6      -3280       1980      627.4      151.8      498.3       2132
      -4784 -8.487e+04      -2267      -2712      -1533      -3024        763       1095      293.3      431.1      -7516 -2.806e+04     -834.3      404.1        783       1610      5.937      -7831      -6504      -3975      -3416      -4642      -1264      940.3       1089       1271      -5836      -2032      931.6     -799.7      -2533     -258.9      120.6      776.7      271.2      527.4      904.6
     -860.4      -2267      -4328      -5960      -1555      -1423     -92.22      276.8      -2463      -1418      -2219      -2430     -162.5      -1690      246.9      -2820      534.6      352.7     -807.7     -160.6      53.24     -860.9      540.6     -378.9      326.9      465.6      102.5      -1458     -205.1      173.1      243.2     -93.87      8.308  1.287e-07  8.072e-08  3.677e-08      8.308
      114.9      -2712      -5960 -8.603e+04 -1.892e+04      -9768      -2501      -2990      -2160      -1642      -2383      457.7      324.8      655.6       1150       2088      -25.1       1842      568.7      55.75       1468        114      -2024      29.74       1192       1083      259.9      -1782       1222       1296      -2126      438.1      15.71  1.787e-07  1.116e-07  5.643e-08      15.71
        806      -1533      -1555 -1.892e+04 -4.306e+05 -1.416e+04      -9857      -3989       1835       1346       2008       1685      420.1      841.6       1561       2451 -6.232e+04       1907       1330     -410.2       2057      805.1      -3757       1256       1901      755.1       1697      642.6       1690       1545       1860      -4879      15.75  -6.56e-08  2.225e-07 -1.094e-07      15.75
      -2066      -3024      -1423      -9768 -1.416e+04 -4.812e+04      -1570      -2721       1097     -595.3       1893     -135.9      361.7      783.7       1445       2328      -6683       1904     -35.46      74.63      701.6      -2067     -614.8      -2756     -603.8       1227     -711.6      525.4      -1015     -44.63       1694     -349.9     0.3647 -1.686e-07  1.665e-07 -1.469e-07     0.3647
     -786.2        763     -92.22      -2501      -9857      -1570 -4.173e+04      -2639      -1220     -439.8      857.9      125.5      308.7      813.2       1381       2380      490.5      -2586      -1236      395.2      5.127       -787       1007      -1245      802.8       1313      636.1     -864.3      -1242      -2125      781.8      -1322      15.52  -1.06e-08  1.226e-07  2.424e-07      15.52
     -950.8       1095      276.8      -2990      -3989      -2721      -2639 -3.588e+04      208.6       1538      -4106       1331      340.8      753.3       1511       2260       1415       1851      365.8      503.5       1474     -951.7      857.6     -969.5       1151       1373      987.1      821.7      693.7        210      -1125     -380.9      15.47 -8.571e-08 -2.506e-08 -6.138e-08      15.47
      161.9      293.3      -2463      -2160       1835       1097      -1220      208.6 -4.656e+04     -696.6  -1.06e+04      735.3      353.3      693.5      -8176       2208       2026       1892     -888.9      480.6      703.4      162.1      275.4     -855.4      -1095      415.6      -1564      -2710     -337.2       1421       1406        892      10.91 -1.044e-07  -5.27e-10 -1.449e-07      10.91
      540.5      431.1      -1418      -1642       1346     -595.3     -439.8       1538     -696.6 -4.773e+04      -3222       1007      349.2        501       1403       1789      -6765       1501      -2960        217      -6533      540.6      -1563       1025       1216      318.8      314.8      -1403     -252.2     -542.4       1056      10.06      10.93 -2.323e-08  1.609e-07  2.016e-07      10.93
      455.9      -7516      -2219      -2383       2008       1893      857.9      -4106  -1.06e+04      -3222 -1.219e+05      937.4      408.4      826.6       1499       2419       2009       2005        745      690.2       1737        456     -377.9      457.9      -3542      373.8 -1.679e+04     -423.1      -1927       1377      -5177      -1380      11.02 -7.445e-08  3.617e-08  5.452e-08      11.02
      -1164 -2.806e+04      -2430      457.7       1685     -135.9      125.5       1331      735.3       1007      937.4 -5.899e+04      -1035      -7865      491.3 -2.038e+04      -1183      -8693      -4245      -2480      202.8      -1020       -134      252.2       1185       1523       1051      710.6     -201.7      -1342      985.4      56.92      119.2      776.7      271.2      527.4      903.2
      211.5     -834.3     -162.5      324.8      420.1      361.7      308.7      340.8      353.3      349.2      408.4      -1035 -4.769e+04     -175.9 -1.712e+04       -525 -9.001e+04 -1.828e+04     -547.1     -628.4      364.1      15.82       1342      392.9       1036      363.3      853.2     -42.54      248.7      190.1       1038      992.6      122.6     -508.9      161.6     -524.9     -439.6
      -1395      404.1      -1690      655.6      841.6      783.7      813.2      753.3      693.5        501      826.6      -7865     -175.9 -3.632e+04     -316.8 -6.893e+04      -2499      -1792      457.6      187.1      776.2      -1396       1111     -887.6      656.3        686      678.5      315.3      678.5      -3065      480.5      559.9      8.319  8.715e-08  1.197e-07  3.748e-08      8.319
       1024        783      246.9       1150       1561       1445       1381       1511      -8176       1403       1499      491.3 -1.712e+04     -316.8 -1.653e+05      -1528 -3.152e+04 -2.316e+04      -3164      879.6       1184       1024       1097      858.9       1252      662.9       1223       1059       1300       1304       1313       1199      9.712 -9.141e-08  1.219e-07 -5.388e-08      9.712
      -1878       1610      -2820       2088       2451       2328       2380       2260       2208       1789       2419 -2.038e+04       -525 -6.893e+04      -1528 -2.412e+05      -5102      -3074       1709       1191       2324      -1879     -340.2     -903.1       2027       2142       2129       1329       2065      -5008       1749      -1564      15.81 -3.833e-07  1.105e-07  4.785e-07      15.81
       1812      5.937      534.6      -25.1 -6.232e+04      -6683      490.5       1415       2026      -6765       2009      -1183 -9.001e+04      -2499 -3.152e+04      -5102 -3.724e+05 -3.152e+04      529.3     -753.4       2278       1439      -1382       1518       3127       1157       2970       1293       1810       1837      -4345       3415      311.6     -969.3      307.9     -999.8     -759.3
       1620      -7831      352.7       1842       1907       1904      -2586       1851       1892       1501       2005      -8693 -1.828e+04      -1792 -2.316e+04      -3074 -3.152e+04 -2.571e+05       -641      -1554       1895       1034       3913       1186       3327       2073       2621       2401       2900      -5389       3114       2884      74.41      955.5      103.9      889.1      905.9
 -1.898e+05      -6504     -807.7      568.7       1330     -35.46      -1236      365.8     -888.9      -2960        745      -4245     -547.1      457.6      -3164       1709      529.3       -641 -2.322e+05 -2.169e+05      -7967 -1.542e+05 -1.327e+05     -860.4 -1.309e+05 -1.302e+05      497.1      -4530      -1554      -1294      687.6      -1597       1817      302.2      97.85      249.7       1563
 -1.906e+05      -3975     -160.6      55.75     -410.2      74.63      395.2      503.5      480.6        217      690.2      -2480     -628.4      187.1      879.6       1191     -753.4      -1554 -2.169e+05 -2.493e+05      -8676  -1.55e+05  -1.32e+05     -536.4 -1.305e+05 -1.298e+05      977.9      -4018     -960.5      -4110     -591.5     -989.2       1808      302.2      97.85      249.7       1553
     -793.9      -3416      53.24       1468       2057      701.6      5.127       1474      703.4      -6533       1737      202.8      364.1      776.2       1184       2324       2278       1895      -7967      -8676  -1.09e+05     -794.9       1821        671       1119       1546       1053      174.9      999.4       1106       1655      -3311      15.85 -1.751e-07  1.182e-07 -2.292e-07      15.85
 -1.901e+05      -4642     -860.9        114      805.1      -2067       -787     -951.7      162.1      540.6        456      -1020      15.82      -1396       1024      -1879       1439       1034 -1.542e+05  -1.55e+05     -794.9 -2.444e+05 -1.668e+05      -2059 -1.616e+05  -1.61e+05     -33.48      -8304      -2362      -2173      632.5      -3485       1568      322.1     -3.732      347.8       2121
 -1.365e+05      -1264      540.6      -2024      -3757     -614.8       1007      857.6      275.4      -1563     -377.9       -134       1342       1111       1097     -340.2      -1382       3913 -1.327e+05  -1.32e+05       1821 -1.668e+05  -2.36e+05      -4267 -1.819e+05 -1.806e+05      -4378      -9882      -1794       1197      420.1      -1163       2138      41.25      168.1     -80.64       1787
      -2407      940.3     -378.9      29.74       1256      -2756      -1245     -969.5     -855.4       1025      457.9      252.2      392.9     -887.6      858.9     -903.1       1518       1186     -860.4     -536.4        671      -2059      -4267 -6.703e+04 -1.551e+04      -9029      -5395        561     -744.2      -2324      -3785      751.2      313.8      443.3  2.174e-07      443.3      563.9
 -1.331e+05       1089      326.9       1192       1901     -603.8      802.8       1151      -1095       1216      -3542       1185       1036      656.3       1252       2027       3127       3327 -1.309e+05 -1.305e+05       1119 -1.616e+05 -1.819e+05 -1.551e+04 -3.747e+05 -2.641e+05 -5.765e+04     -75.26      625.3      -1346      -7562      -1892       1647      424.1      168.1      302.2       2004
 -1.319e+05       1271      465.6       1083      755.1       1227       1313       1373      415.6      318.8      373.8       1523      363.3        686      662.9       2142       1157       2073 -1.302e+05 -1.298e+05       1546  -1.61e+05 -1.806e+05      -9029 -2.641e+05 -4.691e+05 -1.876e+04      853.3      525.8      658.3       1621      100.7       1674        155 -2.923e-06        155       2083
     -198.1      -5836      102.5      259.9       1697     -711.6      636.1      987.1      -1564      314.8 -1.679e+04       1051      853.2      678.5       1223       2129       2970       2621      497.1      977.9       1053     -33.48      -4378      -5395 -5.765e+04 -1.876e+04 -1.201e+05      371.3      606.2      156.7      -2581      610.5     -137.9        478      168.1      356.1      251.9
      -7163      -2032      -1458      -1782      642.6      525.4     -864.3      821.7      -2710      -1403     -423.1      710.6     -42.54      315.3       1059       1329       1293       2401      -4530      -4018      174.9      -8304      -9882        561     -75.26      853.3      371.3 -8.729e+04 -1.562e+04      -7342      -2190 -1.059e+04      408.9      212.6     -47.11      304.4        165
      -2661      931.6     -205.1       1222       1690      -1015      -1242      693.7     -337.2     -252.2      -1927     -201.7      248.7      678.5       1300       2065       1810       2900      -1554     -960.5      999.4      -2362      -1794     -744.2      625.3      525.8      606.2 -1.562e+04 -7.106e+04 -1.202e+04  -2.12e+04      -6709      338.9      155.1     -47.11      246.8      255.5
      -2034     -799.7      173.1       1296       1545     -44.63      -2125        210       1421     -542.4       1377      -1342      190.1      -3065       1304      -5008       1837      -5389      -1294      -4110       1106      -2173       1197      -2324      -1346      658.3      156.7      -7342 -1.202e+04 -8.689e+04 -1.359e+04       1000      7.658      36.47     -47.11      128.2      196.2
      191.6      -2533      243.2      -2126       1860       1694      781.8      -1125       1406       1056      -5177      985.4       1038      480.5       1313       1749      -4345       3114      687.6     -591.5       1655      632.5      420.1      -3785      -7562       1621      -2581      -2190  -2.12e+04 -1.359e+04 -1.456e+05      -2228        466     -70.65 -1.702e-07     -70.65     -470.8
      -3280     -258.9     -93.87      438.1      -4879     -349.9      -1322     -380.9        892      10.06      -1380      56.92      992.6      559.9       1199      -1564       3415       2884      -1597     -989.2      -3311      -3485      -1163      751.2      -1892      100.7      610.5 -1.059e+04      -6709       1000      -2228 -6.449e+04      480.3      550.8 -1.458e-07      550.8      349.3
       1980      120.6      8.308      15.71      15.75     0.3647      15.52      15.47      10.91      10.93      11.02      119.2      122.6      8.319      9.712      15.81      311.6      74.41       1817       1808      15.85       1568       2138      313.8       1647       1674     -137.9      408.9      338.9      7.658        466      480.3      -8422     -630.7     0.7159     -661.9      -7184
      627.4      776.7  1.287e-07  1.787e-07  -6.56e-08 -1.686e-07  -1.06e-08 -8.571e-08 -1.044e-07 -2.323e-08 -7.445e-08      776.7     -508.9  8.715e-08 -9.141e-08 -3.833e-07     -969.3      955.5      302.2      302.2 -1.751e-07      322.1      41.25      443.3      424.1        155        478      212.6      155.1      36.47     -70.65      550.8     -630.7  -1.19e+04      -1653 -1.029e+04      -8476
      151.8      271.2  8.072e-08  1.116e-07  2.225e-07  1.665e-07  1.226e-07 -2.506e-08  -5.27e-10  1.609e-07  3.617e-08      271.2      161.6  1.197e-07  1.219e-07  1.105e-07      307.9      103.9      97.85      97.85  1.182e-07     -3.732      168.1  2.174e-07      168.1 -2.923e-06      168.1     -47.11     -47.11     -47.11 -1.702e-07 -1.458e-07     0.7159      -1653      -1972     -700.1      -1472
      498.3      527.4  3.677e-08  5.643e-08 -1.094e-07 -1.469e-07  2.424e-07 -6.138e-08 -1.449e-07  2.016e-07  5.452e-08      527.4     -524.9  3.748e-08 -5.388e-08  4.785e-07     -999.8      889.1      249.7      249.7 -2.292e-07      347.8     -80.64      443.3      302.2        155      356.1      304.4      246.8      128.2     -70.65      550.8     -661.9 -1.029e+04     -700.1 -1.113e+04      -7213
       2132      904.6      8.308      15.71      15.75     0.3647      15.52      15.47      10.91      10.93      11.02      903.2     -439.6      8.319      9.712      15.81     -759.3      905.9       1563       1553      15.85       2121       1787      563.9       2004       2083      251.9        165      255.5      196.2     -470.8      349.3      -7184      -8476      -1472      -7213 -1.781e+04
