
 72

((monodelphis_domestica: 0.025249, (notamacropus_eugenii: 0.022047, sarcophilus_harrisii: 0.026597): 0.005351): 0.045172, (((choloepus_hoffmanni: 0.026259, dasypus_novemcinctus: 0.031907): 0.010509, (echinops_telfairi: 0.052140, (procavia_capensis: 0.030631, loxodonta_africana: 0.021152): 0.005811): 0.008960): 0.001117, (((sorex_araneus: 0.052933, erinaceus_europaeus: 0.047896): 0.008918, ((vicugna_pacos: 0.022771, (sus_scrofa: 0.019681, (tursiops_truncatus: 0.016925, (bos_taurus: 0.005752, (ovis_aries: 0.004486, capra_hircus: 0.002225): 0.004047): 0.016161): 0.003081): 0.001572): 0.006692, ((pteropus_vampyrus: 0.023214, myotis_lucifugus: 0.035910): 0.006215, (equus_caballus: 0.021187, ((felis_catus: 0.001428, (panthera_tigris_altaica: 0.001674, panthera_pardus: 0.000623): 0.001051): 0.011227, (canis_familiaris: 0.013973, (mustela_putorius_furo: 0.014045, ailuropoda_melanoleuca: 0.011524): 0.002458): 0.002918): 0.008047): 0.000607): 0.000415): 0.001203): 0.003803, ((tupaia_belangeri: 0.034049, ((oryctolagus_cuniculus: 0.022546, ochotona_princeps: 0.036173): 0.016434, (ictidomys_tridecemlineatus: 0.023635, (((fukomys_damarensis: 0.016202, heterocephalus_glaber_female: 0.013734): 0.006079, ((cavia_porcellus: 0.001006, cavia_aperea: 0.005105): 0.020206, (chinchilla_lanigera: 0.012518, octodon_degus: 0.020614): 0.002723): 0.004458): 0.018881, (dipodomys_ordii: 0.041573, (jaculus_jaculus: 0.035450, (nannospalax_galili: 0.023276, (((mesocricetus_auratus: 0.011125, cricetulus_griseus_chok1gshd: 0.007981): 0.005011, (peromyscus_maniculatus_bairdii: 0.012059, microtus_ochrogaster: 0.014564): 0.000899): 0.003853, ((mus_pahari: 0.005673, (mus_caroli: 0.002752, (mus_musculus: 0.001308, mus_spretus: 0.001485): 0.001527): 0.002589): 0.005639, rattus_norvegicus: 0.013014): 0.009262): 0.013324): 0.006325): 0.006499): 0.003458): 0.001179): 0.003958): 0.002062): 0.000637, ((otolemur_garnettii: 0.023584, (propithecus_coquereli: 0.007717, microcebus_murinus: 0.010392): 0.006277): 0.006061, (carlito_syrichta: 0.027103, (((aotus_nancymaae: 0.005294, callithrix_jacchus: 0.005907): 0.000225, (saimiri_boliviensis_boliviensis: 0.005167, cebus_capucinus: 0.004491): 0.000688): 0.006826, (((chlorocebus_sabaeus: 0.001979, ((papio_anubis: 0.001196, (cercocebus_atys: 0.001472, mandrillus_leucophaeus: 0.001187): 0.000221): 0.000258, (macaca_nemestrina: 0.000855, (macaca_mulatta: 0.000735, macaca_fascicularis: 0.000349): 0.000204): 0.000705): 0.000520): 0.000853, (colobus_angolensis_palliatus: 0.002475, (rhinopithecus_roxellana: 0.000512, rhinopithecus_bieti: 0.000972): 0.001831): 0.001081): 0.003288, (nomascus_leucogenys: 0.005023, (pongo_abelii: 0.004076, (gorilla_gorilla: 0.001924, ((pan_troglodytes: 0.000597, pan_paniscus: 0.000819): 0.000813, homo_sapiens: 0.001406): 0.000314): 0.001436): 0.000479): 0.001669): 0.003083): 0.009687): 0.001783): 0.003037): 0.003775): 0.003650): 0.058562, ornithorhynchus_anatinus: 0.145428);

  0.045172  0.025249  0.005351  0.022047  0.026597  0.058562  0.001117  0.010509  0.026259  0.031907  0.008960  0.052140  0.005811  0.030631  0.021152  0.003650  0.003803  0.008918  0.052933  0.047896  0.001203  0.006692  0.022771  0.001572  0.019681  0.003081  0.016925  0.016161  0.005752  0.004047  0.004486  0.002225  0.000415  0.006215  0.023214  0.035910  0.000607  0.021187  0.008047  0.011227  0.001428  0.001051  0.001674  0.000623  0.002918  0.013973  0.002458  0.014045  0.011524  0.003775  0.000637  0.034049  0.002062  0.016434  0.022546  0.036173  0.003958  0.023635  0.001179  0.018881  0.006079  0.016202  0.013734  0.004458  0.020206  0.001006  0.005105  0.002723  0.012518  0.020614  0.003458  0.041573  0.006499  0.035450  0.006325  0.023276  0.013324  0.003853  0.005011  0.011125  0.007981  0.000899  0.012059  0.014564  0.009262  0.005639  0.005673  0.002589  0.002752  0.001527  0.001308  0.001485  0.013014  0.003037  0.006061  0.023584  0.006277  0.007717  0.010392  0.001783  0.027103  0.009687  0.006826  0.000225  0.005294  0.005907  0.000688  0.005167  0.004491  0.003083  0.003288  0.000853  0.001979  0.000520  0.000258  0.001196  0.000221  0.001472  0.001187  0.000705  0.000855  0.000204  0.000735  0.000349  0.001081  0.002475  0.001831  0.000512  0.000972  0.001669  0.005023  0.000479  0.004076  0.001436  0.001924  0.000314  0.000813  0.000597  0.000819  0.001406  0.145428

  0.071286 32.520256  2.630879  2.405654 19.577241  8.798000  7.163183 -4.700348 16.189672  3.574002 16.873396  3.841636  5.037124 16.536669 20.046439 61.744835 31.266673  1.716947  8.102052  1.706409  2.902234 -0.333047 10.690299 15.138139 21.609790  0.482800 15.880354 10.081624  0.259279 -9.702372 -1.780154 -0.947841 12.176643 -33.764791 15.837358 17.099708 -63.607980 12.695036 14.338742 14.330487 52.451708 60.732894 50.821009 183.337720  1.485781  3.214710 -2.601309  1.653162 13.092522 10.465807  1.787001 12.447064 35.614835  7.605000 16.958874  7.765720 27.662539 17.650482  9.544121 12.211897  6.091076  8.101627 45.237056  6.416150 31.402974 31.019102 -1.519611  1.987617 15.452777  9.508379  3.768140 14.681940 56.406826 13.779376 18.268749 12.596308 31.708150 61.435468  8.988782 47.472235 43.203834 -4.317455  5.723801 -2.037857 34.474919  0.611226 27.652430 27.458808 29.311875 29.366320 -8.501166 -2.064470 25.061693 25.533825 10.071745 10.408848 13.253352 24.250752 19.153829 -47.970699  8.033781 22.081956 25.160222 -37.132796 29.775080 28.645895 11.335715 29.037614 30.410806 82.391517 26.344316 30.167759 24.278102 94.331140 203.031783 109.634576 65.662334 111.036486 102.863558 99.190463 112.128489 76.315634 102.128257 109.541139 80.137465 103.214435 90.935428 -0.707443 20.878575 20.733893 24.982975  0.539908  1.187254 93.984514 18.850948 88.540954 90.153232 82.186687 106.214117 109.481355 -1.365971


Hessian

  -3.32e+07 -1.522e+06 -5.745e+06 -1.438e+06 -8.258e+05 -1.596e+07   8.71e+05  1.193e+06  6.997e+05  1.461e+06  1.149e+06  9.378e+05  1.299e+06  1.211e+06   1.56e+06 -4.283e+05  9.567e+05  9.502e+05  7.279e+05  7.886e+05  4.843e+05  1.724e+06  9.568e+05  1.619e+06  1.555e+06  1.725e+06   1.92e+06  1.578e+06  1.935e+06  1.942e+06  2.198e+06  2.338e+06  6.901e+04  1.483e+06  1.605e+06    1.5e+06  8.704e+05  1.473e+06  1.189e+06  1.544e+06  1.481e+06  1.542e+06  2.085e+06  2.002e+06   1.16e+06  1.302e+06  1.482e+06  1.556e+06  1.672e+06  8.801e+05   6.27e+05  9.411e+05  9.388e+05  1.357e+06  1.545e+06  1.094e+06  8.208e+05  1.132e+06  6.093e+05  1.462e+06  1.717e+06  1.745e+06   1.71e+06  1.495e+06  1.461e+06  1.964e+06   2.01e+06  1.627e+06  1.734e+06  1.577e+06  1.024e+06  1.199e+06  1.206e+06  1.246e+06  1.054e+06  1.228e+06  1.241e+06  1.367e+06  1.418e+06  1.653e+06  1.312e+06  1.781e+06  1.432e+06  1.285e+06  1.399e+06  1.487e+06  1.435e+06  1.847e+06  1.756e+06  1.634e+06  2.081e+06  1.799e+06  1.765e+06  9.482e+05  1.173e+06  1.348e+06  1.593e+06  1.727e+06  1.559e+06  8.666e+05  1.271e+06  1.057e+06   1.48e+06  2.039e+06  2.192e+06   1.67e+06  1.906e+06   1.77e+06  1.778e+06  1.197e+06  1.458e+06  1.714e+06  1.931e+06  2.387e+06  3.055e+06  2.338e+06  3.092e+06  2.818e+06   2.18e+06  1.434e+06  2.628e+06  2.446e+06  2.896e+06  2.476e+06  1.901e+06  1.849e+06  1.508e+06  1.982e+06  2.542e+06  1.335e+06  1.991e+06  1.293e+06  1.876e+06  1.541e+06  2.197e+06  1.426e+06   2.26e+06  2.652e+06  2.393e+06  2.481e+06 -1.593e+05
 -1.522e+06 -9.555e+07  -3.03e+07 -5.051e+06 -5.435e+06 -3.467e+05  2.224e+06  1.796e+06   8.41e+05  1.717e+06  1.901e+06  1.302e+06  1.864e+06  1.456e+06  1.727e+06  1.801e+06  2.205e+06  1.542e+06  1.014e+06  1.097e+06  2.076e+06  2.639e+06  1.122e+06  2.455e+06  1.737e+06  2.258e+06  1.927e+06  2.005e+06  1.332e+06  1.688e+06  1.879e+06   1.19e+06  1.477e+06   2.52e+06  1.956e+06  1.823e+06  2.632e+06  1.834e+06  1.867e+06  1.898e+06  1.416e+06  1.752e+06  1.639e+06  2.907e+06  1.647e+06  1.557e+06  1.634e+06  1.837e+06  1.845e+06  1.879e+06   1.98e+06  1.136e+06  2.322e+06  2.036e+06  1.624e+06  1.584e+06  2.236e+06  1.503e+06  2.235e+06  2.139e+06  1.877e+06    1.6e+06  1.949e+06  2.153e+06  1.742e+06  2.205e+06  1.369e+06  1.841e+06  1.941e+06  1.627e+06  2.144e+06  1.519e+06  2.013e+06  1.514e+06  1.742e+06  1.425e+06  1.994e+06  1.409e+06  1.324e+06  1.387e+06  1.151e+06   1.88e+06  1.436e+06  1.639e+06  1.721e+06   1.43e+06  1.521e+06  1.478e+06  1.247e+06   1.46e+06  1.686e+06  2.189e+06  1.724e+06  1.588e+06  1.976e+06  1.592e+06  2.114e+06  1.854e+06  1.915e+06  2.431e+06  1.742e+06  2.178e+06  2.054e+06  1.975e+06  2.066e+06  2.003e+06  2.731e+06  1.671e+06  1.967e+06  1.988e+06  1.735e+06  1.673e+06  1.157e+06   1.28e+06 -7.874e+05  1.728e+06  2.824e+05  2.373e+06  1.325e+06  1.737e+06  1.362e+06   5.97e+05  1.579e+06  1.808e+06  1.092e+06  2.007e+06  1.342e+06  7.764e+05  2.317e+06  2.089e+06  2.249e+06  1.273e+06  1.554e+06  1.908e+06  1.684e+06  1.876e+06  2.079e+06  1.937e+06  8.251e+05  2.008e+06  2.981e+05
 -5.745e+06  -3.03e+07 -2.193e+08 -1.701e+07 -2.092e+07  -3.04e+06  2.319e+06  1.963e+06   8.56e+05  1.866e+06    1.8e+06  1.441e+06  1.963e+06  1.598e+06  1.914e+06  1.658e+06  2.517e+06  1.638e+06  1.041e+06  1.186e+06  2.139e+06  2.464e+06   1.17e+06  2.837e+06   2.16e+06  3.112e+06  2.108e+06  2.222e+06   1.84e+06   1.96e+06  1.715e+06  2.045e+06  2.382e+06  2.724e+06  2.094e+06  1.935e+06  2.284e+06  2.137e+06   1.88e+06  1.734e+06  2.019e+06  1.763e+06  2.042e+06  2.746e+06  1.579e+06   1.68e+06  1.363e+06  2.139e+06  2.038e+06  2.075e+06  2.977e+06  1.476e+06  2.421e+06  2.349e+06  2.182e+06  1.562e+06   2.29e+06   1.66e+06  1.495e+06  2.229e+06  2.295e+06  2.062e+06  2.015e+06  2.288e+06  2.045e+06  2.194e+06  1.797e+06  1.699e+06  2.369e+06  2.101e+06  2.237e+06  1.644e+06  2.243e+06  1.704e+06  2.138e+06  1.511e+06  2.257e+06  1.638e+06  1.741e+06  1.769e+06  1.167e+06  2.043e+06  1.542e+06  2.027e+06  1.894e+06  1.882e+06  1.872e+06  2.063e+06  1.852e+06  2.074e+06  1.625e+06  1.844e+06   2.08e+06  1.761e+06  2.388e+06  1.733e+06  2.219e+06   2.11e+06  2.032e+06  1.833e+06  1.708e+06  2.174e+06  2.249e+06  2.674e+06  2.024e+06  2.098e+06  2.552e+06  2.059e+06  1.951e+06   1.66e+06  1.692e+06  2.162e+06  2.233e+06  2.091e+06  2.706e+05  2.846e+06  2.341e+06   2.25e+06  2.808e+06  3.006e+06   2.48e+06  1.272e+06  2.369e+06  2.709e+06  1.415e+06  2.043e+06  1.694e+06  2.052e+06  2.589e+06  1.876e+06  2.617e+06  -1.87e+05  2.309e+06  1.436e+06  1.927e+06   1.36e+06  2.269e+06  2.013e+06  2.397e+06  2.086e+06   3.04e+05
 -1.438e+06 -5.051e+06 -1.701e+07  -9.57e+07 -5.817e+06 -7.694e+05  2.234e+06  1.649e+06  5.938e+05  1.545e+06  1.771e+06  1.114e+06  1.551e+06  9.628e+05  1.506e+06  1.277e+06  2.123e+06  1.234e+06  9.543e+05  9.492e+05  2.006e+06  1.978e+06  7.214e+05  2.248e+06   1.57e+06  2.116e+06  1.345e+06  1.594e+06   1.64e+06   1.95e+06  1.688e+06  1.853e+06  1.901e+06  1.748e+06   1.27e+06   1.61e+06  2.265e+06  1.527e+06  1.839e+06  1.746e+06  1.375e+06  1.703e+06  1.526e+06  1.445e+06  1.892e+06  1.215e+06  1.331e+06  1.759e+06  1.597e+06  1.878e+06  1.313e+06  1.023e+06  2.025e+06  1.874e+06  1.597e+06  1.082e+06  1.755e+06  1.437e+06  1.904e+06  2.011e+06  1.806e+06  1.369e+06  1.525e+06  1.656e+06   1.55e+06  1.918e+06  1.159e+06  1.805e+06   1.55e+06  1.462e+06  1.988e+06  1.371e+06  1.731e+06  1.181e+06  1.724e+06   1.19e+06  1.918e+06  1.666e+06  1.385e+06  1.434e+06   1.09e+06  1.233e+06  1.653e+06  1.545e+06   1.84e+06  1.848e+06  1.842e+06  1.503e+06  1.441e+06  1.598e+06   2.65e+06  1.799e+06  1.626e+06  1.631e+06  2.055e+06  1.336e+06  1.646e+06  1.568e+06  1.501e+06  1.892e+06  1.346e+06  1.593e+06   1.39e+06  2.813e+06  1.595e+06  1.385e+06  1.971e+06   1.55e+06  1.598e+06  1.033e+06  1.229e+06  1.863e+06  9.321e+05  2.196e+06  1.684e+06  9.316e+05  1.763e+06  1.894e+06  1.828e+06  1.694e+06  1.485e+06  1.088e+06  1.993e+06  3.939e+05  1.861e+06  1.634e+06  1.241e+06  1.492e+06  1.911e+06  9.915e+05  1.495e+06    1.4e+05  1.066e+06  5.223e+05  1.842e+06   2.59e+06  1.086e+06  1.459e+06   1.36e+06  1.327e+06  3.476e+05
 -8.258e+05 -5.435e+06 -2.092e+07 -5.817e+06 -8.762e+07       4853  2.467e+06  2.023e+06   9.09e+05  1.744e+06  2.277e+06   1.33e+06  1.901e+06  1.687e+06  1.254e+06  1.779e+06   2.76e+06  1.568e+06  1.001e+06  1.056e+06  2.716e+06  2.627e+06  1.107e+06   2.49e+06  1.919e+06  2.689e+06  1.987e+06  2.423e+06  1.657e+06  1.687e+06  1.222e+06   1.63e+06  2.268e+06  2.616e+06   1.96e+06  1.575e+06  2.818e+06  1.852e+06  2.222e+06   2.15e+06  2.117e+06  1.702e+06  1.296e+06  2.053e+06  1.424e+06  1.534e+06  1.347e+06  1.584e+06   1.68e+06  2.593e+06  2.362e+06   1.35e+06  2.885e+06  2.108e+06  1.682e+06  1.461e+06  2.311e+06  1.658e+06  2.691e+06  2.576e+06  1.991e+06  1.773e+06  1.948e+06  2.026e+06  1.839e+06  1.045e+06  8.145e+05  2.351e+06  1.954e+06  1.729e+06  2.374e+06  1.518e+06  2.292e+06  1.516e+06  2.049e+06  1.604e+06  2.152e+06  1.919e+06  1.783e+06  1.649e+06  1.628e+06  2.077e+06  1.508e+06  1.618e+06  2.208e+06  1.849e+06  1.907e+06   2.02e+06  1.944e+06  1.074e+06  1.924e+06  1.592e+06  1.706e+06  2.403e+06  2.484e+06  1.532e+06  2.263e+06  2.075e+06  1.814e+06  2.387e+06  1.642e+06  2.334e+06  1.977e+06   2.12e+06  1.837e+06  1.759e+06  1.608e+06  1.791e+06   1.92e+06  1.962e+06  1.693e+06  1.836e+06  9.812e+05  1.925e+06  1.335e+06  2.149e+06  1.572e+06  1.251e+06  1.715e+06   2.07e+06  2.709e+06  2.063e+06  1.668e+06  1.125e+06   1.44e+06  2.048e+06  1.436e+06  1.014e+06  2.297e+06  1.934e+06  1.968e+06  1.115e+06  1.877e+06  2.009e+06  2.194e+06  2.024e+06  1.929e+06  1.931e+06  1.771e+06  2.492e+06  3.485e+05
 -1.596e+07 -3.467e+05  -3.04e+06 -7.694e+05       4853 -3.004e+07  1.656e+05  8.828e+05  6.638e+05  1.267e+06  6.938e+05  7.856e+05  1.071e+06  1.112e+06  1.455e+06 -1.679e+06   3.11e+05  6.221e+05  5.609e+05   6.14e+05 -2.041e+05  1.142e+06  8.442e+05  1.088e+06   1.35e+06  1.491e+06  1.764e+06  1.262e+06  1.952e+06  1.865e+06  2.075e+06  2.425e+06 -7.901e+05  1.099e+06  1.547e+06  1.246e+06  5.221e+04  1.178e+06   8.69e+05  1.398e+06  1.314e+06  1.335e+06  2.187e+06   1.94e+06  7.314e+05  1.276e+06  1.078e+06  1.376e+06  1.504e+06  2.865e+05 -1.403e+04   8.07e+05  1.412e+05  1.021e+06  1.309e+06  9.627e+05  2.316e+05      1e+06 -8.067e+04  1.129e+06  1.545e+06  1.623e+06  1.702e+06  1.269e+06  1.372e+06  2.266e+06  2.189e+06  1.394e+06  1.534e+06  1.493e+06  4.696e+05  1.084e+06  7.841e+05  1.112e+06  9.548e+05  1.196e+06  1.117e+06  1.226e+06  1.229e+06  1.637e+06  1.312e+06  1.406e+06  1.214e+06   1.25e+06  1.366e+06  1.261e+06  1.433e+06  1.638e+06  1.789e+06  1.819e+06   2.02e+06  1.882e+06  1.623e+06  5.196e+05  8.819e+05  1.271e+06  1.338e+06  1.685e+06  1.309e+06  3.828e+05  1.112e+06  7.861e+05  1.358e+06  1.622e+06  2.149e+06  1.489e+06  1.399e+06  1.731e+06  1.843e+06  1.073e+06  1.188e+06  1.451e+06  2.157e+06  2.244e+06  2.566e+06  2.286e+06  2.734e+06  2.583e+06  2.452e+06  1.396e+06  2.621e+06   2.21e+06  2.754e+06  2.231e+06  1.794e+06  1.855e+06  1.689e+06  1.747e+06  2.357e+06  1.166e+06  1.804e+06  9.892e+05  1.909e+06  1.346e+06  2.048e+06  9.206e+05  2.058e+06  2.295e+06  2.794e+06    2.4e+06 -2.937e+04
   8.71e+05  2.224e+06  2.319e+06  2.234e+06  2.467e+06  1.656e+05 -1.068e+09 -3.237e+07 -3.822e+06 -1.306e+07 -6.869e+07 -9.573e+05 -3.473e+07 -2.815e+06  -8.19e+06 -2.675e+08 -1.202e+07 -3.726e+06 -6.302e+05 -7.628e+05  -1.59e+07 -9.031e+06 -8.928e+05 -1.046e+07 -3.205e+06 -7.821e+06 -1.569e+06 -4.878e+06  5.039e+05 -3.353e+05   2.34e+06 -9.529e+05 -2.848e+07 -9.115e+06 -2.703e+06 -1.032e+06 -1.889e+07  -3.85e+06 -9.057e+06 -5.217e+06 -6.401e+05 -3.874e+06  1.005e+06 -5.247e+06 -8.402e+06 -2.728e+06 -6.177e+06 -2.406e+06 -1.608e+06  -1.46e+07 -1.449e+07 -2.222e+06 -1.553e+07 -4.633e+06 -6.184e+05  -1.01e+06 -9.894e+06 -2.381e+06 -1.441e+07  -4.74e+06 -1.844e+05  1.677e+06  1.285e+06  9.529e+04  3.373e+05  4.117e+06  3.311e+06 -6.999e+05   9.19e+05  1.002e+06 -7.443e+06 -6.514e+05 -4.111e+06  6.545e+05 -1.552e+06  8.897e+05   6.32e+05  6.446e+05  7.942e+05  1.744e+06  1.254e+06  1.694e+06  2.346e+05  1.283e+06  1.978e+06  1.471e+06  2.205e+06  2.309e+06  2.477e+06   2.96e+06  4.597e+06  1.753e+06  1.162e+06 -1.266e+07 -7.986e+06 -1.388e+06 -5.616e+06 -1.346e+06 -3.926e+06 -1.453e+07 -2.187e+06 -7.362e+06 -2.643e+06 -2.186e+06      -9151  3.285e+05 -8.438e+05 -1.069e+06 -2.055e+05 -2.175e+06 -2.354e+06  6.817e+05  3.314e+05  1.646e+06  2.266e+06  3.436e+06  2.517e+06  3.953e+06  2.699e+06  8.054e+05  9.503e+04  4.407e+06  2.498e+06  1.342e+06 -1.148e+05  1.386e+06  4.695e+05  2.608e+06  3.532e+06 -3.261e+06  1.189e+06  3.862e+05  8.085e+05  1.409e+06 -9.252e+05  1.691e+06 -3.713e+06  3.228e+04  2.668e+06  1.102e+06  1.083e+06
  1.193e+06  1.796e+06  1.963e+06  1.649e+06  2.023e+06  8.828e+05 -3.237e+07  -1.51e+08 -1.094e+07 -3.993e+07  1.575e+04  4.577e+05  2.239e+05  6.286e+05  3.667e+05 -1.701e+07 -5.717e+06 -4.172e+05  2.322e+05  1.668e+05 -7.099e+06 -3.992e+06  2.618e+04 -3.931e+06 -6.635e+05 -3.008e+06  2.707e+05 -6.274e+05  7.686e+05  3.845e+05  2.014e+06  1.723e+06 -1.045e+07 -2.378e+06 -4.698e+05  3.576e+05 -8.473e+06 -1.238e+06 -2.742e+06 -1.069e+06 -4.849e+05  6.522e+05  2.943e+06  1.094e+06 -2.392e+06 -5.963e+05  -2.72e+06 -2.287e+05  1.638e+05  -5.99e+06 -6.641e+06  -3.28e+05 -5.769e+06 -1.029e+06  3.373e+05  6.504e+05 -3.242e+06  -2.93e+05 -4.182e+06 -4.272e+05  6.013e+05  1.065e+06  1.297e+06  1.207e+06  1.148e+06  2.496e+06  2.405e+06  7.398e+05   1.21e+06  1.176e+06 -1.532e+06  5.619e+05 -4.467e+05  1.156e+06  5.102e+05  1.222e+06  1.276e+06  1.927e+06   1.82e+06   1.52e+06   1.87e+06  1.396e+06  1.428e+06   1.58e+06  2.005e+06  1.749e+06  1.893e+06  2.606e+06  1.497e+06    2.1e+06  2.803e+06  2.015e+06  1.813e+06 -6.008e+06  -2.86e+06  1.761e+05 -1.703e+06 -2.073e+05 -6.191e+05 -4.842e+06 -6.043e+04 -2.193e+06 -3.096e+05  -8.06e+05  1.424e+06  1.309e+06 -1.375e+05  7.676e+05  9.374e+05 -6.716e+05  2.265e+05 -7.378e+05  6.616e+05  1.004e+06  1.015e+06  6.789e+05  1.994e+06  1.515e+06  1.091e+06    6.3e+05  1.925e+06   1.43e+06  2.695e+06  1.207e+06  1.326e+06  4.325e+05  1.107e+06  2.869e+06  2.908e+06 -7.563e+05  1.629e+06  2.444e+05  1.092e+06  7.793e+05  2.013e+06  1.049e+06  2.536e+05   2.73e+06  2.603e+06  1.348e+06  8.295e+05
  6.997e+05   8.41e+05   8.56e+05  5.938e+05   9.09e+05  6.638e+05 -3.822e+06 -1.094e+07 -6.029e+07  -4.37e+04  1.867e+04  4.932e+05 -3.755e+04  2.115e+05  2.453e+05 -2.365e+06 -9.512e+05  4.613e+05  5.284e+05  4.111e+05 -1.442e+06 -5.125e+05  1.701e+05 -5.519e+05  2.738e+05  -3.77e+04  1.791e+04  4.839e+05  5.791e+05  8.065e+05  8.176e+05   6.06e+05  -3.11e+06 -1.197e+05 -7.545e+04  6.901e+05  -1.25e+06  7.969e+04 -3.521e+05  3.126e+05  1.361e+05  7.412e+05  8.436e+05 -1.374e+05  2.767e+05  4.097e+05   2.31e+05  4.398e+05  3.001e+05 -9.835e+05 -6.582e+05  2.712e+05 -5.592e+05  4.683e+05  7.078e+05  5.955e+05 -4.274e+05  3.041e+05   1.46e+05  5.723e+05  5.773e+05  7.415e+05  8.863e+05  5.412e+05  7.762e+05  1.079e+06  1.187e+06  1.058e+06  8.174e+05  8.921e+05  4.129e+05  7.447e+05   5.46e+05  8.708e+05  7.668e+05  8.103e+05  1.034e+06  1.183e+06  1.178e+06  1.099e+06  1.186e+06  1.209e+06  1.036e+06  1.009e+06  1.498e+06  1.363e+06  1.118e+06   1.13e+06   1.15e+06  1.434e+06  1.096e+06  1.462e+06  1.228e+06 -1.375e+06 -3.001e+05  4.856e+05   4.91e+04   4.19e+05  2.446e+05 -3.522e+05  5.407e+05 -2.558e+05  1.403e+05 -6.325e+05  4.332e+05  4.659e+05 -7.842e+04  3.299e+05  8.243e+05  3.899e+04  2.535e+05  2.647e+05  1.386e+04  6.763e+05  8.436e+05  5.217e+05  2.067e+05  1.323e+06  1.094e+06  1.917e+05  7.057e+05  7.972e+04  6.092e+05  7.209e+05 -3.137e+05  5.772e+05   1.76e+05  9.936e+05   7.82e+05 -3.777e+05   6.46e+05 -2.744e+05  1.308e+05 -5.332e+04   1.07e+06 -7.641e+05  8.541e+05  6.231e+04  7.783e+05  4.214e+05  4.829e+05
  1.461e+06  1.717e+06  1.866e+06  1.545e+06  1.744e+06  1.267e+06 -1.306e+07 -3.993e+07  -4.37e+04 -7.816e+07  6.298e+05  6.952e+05  8.066e+05   8.15e+05  7.598e+05 -6.745e+06 -2.675e+06   1.51e+05  3.491e+05  5.496e+05 -3.341e+06 -1.828e+06  4.589e+05 -1.913e+06  2.453e+05 -7.114e+05  9.542e+05 -9.993e+04  9.506e+05  7.274e+05  1.477e+06  1.287e+06 -5.984e+06 -9.662e+05  3.944e+05  5.084e+05 -4.521e+06  1.486e+05 -7.842e+05 -1.806e+05  5.911e+05  7.701e+05  2.001e+06   1.59e+06 -5.423e+05  9.115e+04 -8.423e+05  9.135e+04  2.375e+05 -2.566e+06 -2.853e+06  3.013e+05 -2.672e+06 -2.257e+05  6.482e+05  8.761e+05 -1.027e+06  6.578e+05 -1.735e+06  3.259e+05  1.255e+06  1.375e+06  1.582e+06  1.379e+06  1.419e+06  1.919e+06  1.565e+06  1.445e+06  1.299e+06  1.352e+06 -6.919e+04  7.842e+05  7.479e+05  1.379e+06  1.519e+06  1.528e+06  1.959e+06  2.199e+06  2.123e+06  1.364e+06  2.161e+06  2.091e+06  1.514e+06  1.865e+06  2.203e+06  2.007e+06      2e+06  2.466e+06  2.451e+06   1.96e+06  2.534e+06  2.444e+06  1.682e+06 -2.566e+06 -9.028e+05   8.95e+05 -4.743e+05  6.832e+05 -1.405e+05 -2.015e+06  4.737e+05  -4.62e+05  5.718e+05  6.155e+05  1.362e+06  1.235e+06  8.018e+05  1.163e+06  1.365e+06  8.366e+05  7.818e+05  6.854e+05    1.1e+06  1.184e+06  1.714e+06  1.676e+06  1.153e+06  1.801e+06   1.17e+06  1.507e+06  2.556e+06  7.126e+05  1.163e+06  1.919e+05  1.782e+06  1.118e+06  1.191e+06  1.638e+06  2.476e+06  9.113e+05  1.509e+06  8.729e+05  1.698e+06  1.565e+06  2.157e+06  4.375e+05  1.324e+06  2.292e+06  1.787e+06  1.435e+06  7.155e+05
  1.149e+06  1.901e+06    1.8e+06  1.771e+06  2.277e+06  6.938e+05 -6.869e+07  1.575e+04  1.867e+04  6.298e+05 -2.466e+08  -2.94e+06 -8.118e+07 -4.432e+06 -1.559e+07 -3.597e+07 -7.324e+06 -2.533e+06 -5.322e+05 -5.181e+05 -9.232e+06 -7.389e+06 -2.522e+05 -6.489e+06 -1.614e+06 -5.095e+06  3.558e+05 -2.952e+06   1.62e+05 -1.622e+05  2.644e+06  1.948e+06 -1.377e+07 -5.902e+06 -1.729e+06 -4.537e+05 -1.008e+07 -2.041e+06 -5.444e+06 -2.668e+06   1.23e+05 -1.909e+05  2.828e+06  2.123e+05 -4.705e+06 -1.185e+06 -3.755e+06 -1.538e+06  2.225e+05 -8.201e+06 -1.281e+07 -1.354e+06 -1.223e+07 -3.291e+06 -1.502e+05 -1.395e+05 -8.905e+06 -1.752e+06 -9.861e+06 -2.471e+06  6.067e+05  1.404e+06  1.484e+06  -7.59e+05  7.322e+05   3.92e+06  3.615e+06 -2.429e+05  5.755e+05  7.484e+05 -5.511e+06 -2.943e+05 -3.308e+06  3.688e+05 -1.926e+06  1.038e+06 -1.875e+05   2.51e+05  6.462e+05   1.74e+06  1.641e+06  -3.19e+05   5.15e+05  9.077e+05  5.566e+05  8.593e+05  1.958e+06  1.402e+06  1.844e+06  1.795e+06  2.847e+06  3.055e+06  1.574e+06 -7.878e+06 -5.433e+06 -8.522e+05 -3.178e+06 -7.045e+05 -1.747e+06 -8.781e+06 -1.141e+06 -4.334e+06 -1.373e+06 -1.024e+06  1.656e+06  1.176e+06 -1.796e+06  1.269e+05   3.96e+05 -1.508e+06 -9.275e+05 -1.266e+06  1.218e+06  3.036e+05 -6.168e+05  2.113e+06  2.715e+06  2.835e+06  2.586e+06   1.71e+06  1.586e+06   4.25e+06   3.43e+06  3.845e+06  5.427e+05  1.865e+06  1.787e+06  2.333e+06  3.465e+06 -1.926e+06  1.903e+06  -2.85e+06  1.832e+06    6.3e+05  1.784e+06  2.607e+06  4.827e+05  2.667e+06  2.142e+06  1.634e+06  9.249e+05
  9.378e+05  1.302e+06  1.441e+06  1.114e+06   1.33e+06  7.856e+05 -9.573e+05  4.577e+05  4.932e+05  6.952e+05  -2.94e+06 -4.047e+07 -7.479e+05 -1.153e+05  5.015e+05 -1.063e+06 -6.953e+05 -6.237e+05       3129  2.083e+05 -5.161e+05 -4.729e+05  3.638e+05 -4.933e+05  2.818e+05  4.038e+05   8.08e+05   1.59e+05  1.313e+06  7.183e+05  1.546e+06  1.137e+06 -1.605e+06 -1.473e+05  5.309e+05  3.724e+05 -4.708e+05  4.692e+05 -1.822e+05  2.848e+05  7.325e+05  6.231e+05  1.768e+06  1.667e+06 -1.583e+05  6.197e+05 -2.273e+05   5.23e+05  8.714e+05 -5.821e+05 -2.724e+06  6.898e+04  -1.28e+06 -2.962e+05  3.957e+05  3.613e+05 -7.505e+05  4.499e+05 -1.142e+06  1.278e+05  7.904e+05  1.102e+06  1.254e+06   6.04e+05  1.025e+06  1.621e+06  1.638e+06  8.125e+05  7.139e+05  7.971e+05 -3.633e+05  5.664e+05 -7.245e+04  6.648e+05  4.442e+05  9.095e+05  6.817e+05  8.796e+05  1.129e+06  1.081e+06  1.261e+06  4.558e+05  6.938e+05  9.233e+05  8.425e+05  7.302e+05  9.782e+05  6.241e+05  8.883e+05  1.187e+06  1.062e+06  9.676e+05  1.024e+06 -4.655e+04  1.929e+05  7.577e+05  3.527e+05  1.096e+06  4.872e+05 -6.413e+05  3.122e+05   2.01e+05  8.454e+05  1.057e+06  1.375e+06  1.179e+06  3.004e+05  8.052e+05  1.293e+06  7.985e+05  7.929e+05  7.277e+05  1.603e+06  5.482e+05  1.642e+06  1.123e+06  1.817e+06  2.108e+06  1.287e+06  1.594e+06  1.901e+06  1.337e+06  1.242e+06  1.419e+06  1.533e+06  1.416e+06  1.245e+06   2.09e+06  1.867e+06  1.089e+06  1.647e+06  3.175e+05  1.383e+06  1.314e+06  1.478e+06   1.14e+06   2.03e+06  1.602e+06  1.289e+06  9.331e+05  5.318e+05
  1.299e+06  1.864e+06  1.963e+06  1.551e+06  1.901e+06  1.071e+06 -3.473e+07  2.239e+05 -3.755e+04  8.066e+05 -8.118e+07 -7.479e+05 -2.677e+08 -1.139e+07 -3.573e+07  -1.92e+07 -4.516e+06  -4.77e+05  2.666e+05  1.478e+05 -8.123e+06 -5.171e+06 -1.926e+05 -4.457e+06 -9.615e+05 -3.009e+06  2.663e+05 -1.381e+06 -2.876e+04 -3.883e+05  2.866e+06   2.25e+06 -1.055e+07  -3.51e+06 -7.595e+05  3.869e+05  -9.87e+06 -2.158e+06 -3.718e+06 -1.599e+06  5.559e+05 -1.276e+05  2.503e+06 -1.207e+06 -3.202e+06 -3.063e+05 -2.318e+06 -6.541e+05  8.646e+04 -5.438e+06  -8.36e+06 -3.889e+05 -7.809e+06 -1.384e+06  4.602e+05  4.349e+05 -5.416e+06 -8.669e+05 -6.895e+06 -1.057e+06   3.33e+05  1.407e+06  1.327e+06 -1.256e+05  1.016e+06  2.626e+06  3.083e+06  5.031e+05   3.25e+05  1.039e+06 -2.564e+06  5.523e+05 -1.085e+06  8.476e+05 -6.577e+05  1.287e+06  4.045e+05  3.564e+05  1.272e+06  1.784e+06  1.337e+06  1.688e+05  1.289e+06  9.775e+05  9.899e+05  1.198e+06  1.783e+06  1.961e+06  1.999e+06  2.342e+06  1.368e+06  9.286e+05  1.918e+06 -6.384e+06 -3.698e+06 -3.289e+05 -2.334e+06 -2.823e+05 -1.885e+05 -6.286e+06 -2.387e+05  -3.02e+06 -1.173e+06  1.104e+06  1.225e+06  7.567e+05 -3.583e+05   2.72e+05  4.995e+05  -1.91e+06 -1.734e+06 -1.291e+06  4.645e+05 -6.441e+05 -2.791e+05  9.374e+05 -1.356e+06  2.008e+06   1.26e+06  1.395e+06   1.99e+06   4.17e+06  2.296e+06  2.101e+06  3.338e+05  1.262e+06  8.095e+05  2.089e+06  3.207e+06 -2.317e+06  1.155e+06 -3.755e+06   1.48e+06 -3.703e+04  1.474e+06 -8.749e+05  1.004e+06  2.379e+06  2.597e+06   1.79e+06  8.982e+05
  1.211e+06  1.456e+06  1.598e+06  9.628e+05  1.687e+06  1.112e+06 -2.815e+06  6.286e+05  2.115e+05   8.15e+05 -4.432e+06 -1.153e+05 -1.139e+07  -8.17e+07 -1.126e+06 -1.998e+06 -7.096e+05  2.125e+05  4.292e+05   4.37e+05  -7.65e+05  -1.58e+06 -7.486e+04 -9.375e+05  1.787e+05 -6.384e+05  5.301e+04  -3.31e+05  4.942e+05  3.757e+05  1.909e+06  9.351e+05 -1.716e+06 -7.508e+05 -1.196e+05  8.232e+05 -2.498e+06 -8.063e+04 -8.394e+05 -1.371e+05 -4.868e+05 -2.242e+05  1.973e+06  9.679e+04 -6.211e+05  6.644e+05 -5.372e+05  1.419e+05  8.118e+05  -3.54e+05 -2.674e+06  2.324e+05 -1.953e+06 -7.299e+04  7.094e+05  2.583e+05 -1.002e+06  3.098e+05 -2.454e+06       5494  5.724e+05  1.202e+06  9.649e+05  4.907e+05  7.316e+05  1.962e+06   1.98e+06  4.881e+05  6.443e+05    8.3e+05 -5.299e+05  7.849e+05 -7.377e+04  6.646e+05  5.122e+05  7.749e+05  5.242e+05    9.6e+05  1.101e+06  1.097e+06  1.389e+06  5.403e+05  9.983e+05  9.914e+05  1.019e+06  9.592e+05  1.172e+06  1.401e+06  1.208e+06  1.634e+06  5.742e+05  7.779e+05  1.062e+06  -8.91e+05 -8.406e+05  3.822e+05 -2.633e+05  3.975e+05  5.469e+05 -1.259e+06  3.698e+05 -6.004e+05  9.385e+04 -1.032e+06  9.736e+05  9.951e+05 -2.121e+05  4.626e+05  7.499e+05 -1.402e+05  2.392e+05  -5.89e+04  2.136e+05 -5.488e+05   1.15e+06  9.542e+05  1.292e+06   2.21e+06  1.369e+06  1.052e+06  2.722e+06  2.382e+06  2.189e+06  -1.44e+05  3.924e+05  1.031e+06  1.024e+06  8.777e+05  2.657e+06  -3.53e+05  1.622e+06 -9.225e+05  3.872e+05  9.139e+04  1.104e+06   7.97e+05  8.577e+05   2.22e+06  1.433e+06  1.078e+06  6.643e+05
   1.56e+06  1.727e+06  1.914e+06  1.506e+06  1.254e+06  1.455e+06  -8.19e+06  3.667e+05  2.453e+05  7.598e+05 -1.559e+07  5.015e+05 -3.573e+07 -1.126e+06 -1.325e+08 -4.744e+06 -2.326e+05  1.075e+06  9.278e+05  9.021e+05 -2.296e+06 -2.817e+05  4.772e+05 -5.363e+05  4.883e+05  3.437e+05  7.718e+05  5.702e+05  5.264e+05  3.844e+05  3.664e+05  5.889e+05 -3.916e+06  2.136e+05  9.365e+05  4.925e+05 -3.243e+06 -9.413e+05 -7.459e+04  3.236e+05    1.5e+06 -8.639e+04  1.319e+06   6.62e+05  -3.37e+05  7.985e+05 -3.823e+05  6.579e+05 -3.615e+05 -1.688e+06  -2.69e+06  6.364e+05 -1.062e+06  1.113e+06  9.902e+05  1.332e+06 -6.361e+05  5.569e+05 -1.383e+06  9.507e+05  1.431e+06  1.426e+06  1.521e+06  1.216e+06  1.488e+06  2.155e+06  1.149e+06  1.486e+06  1.033e+06  1.503e+06   3.53e+05  1.286e+06  8.377e+05  1.427e+06  7.414e+05  1.532e+06  1.728e+06  2.292e+06   2.07e+06  1.591e+06  2.215e+06  1.542e+06  1.677e+06  1.886e+06  1.974e+06  1.665e+06  2.318e+06  2.746e+06  3.104e+06    1.8e+06  1.422e+06  2.868e+06  1.904e+06 -1.559e+06 -3.907e+04  6.155e+05 -1.166e+05  4.457e+05  1.036e+06  -1.18e+06  7.256e+05  -9.75e+04  7.308e+05 -7.481e+05  6.163e+05  7.791e+05  6.804e+05  5.348e+05  5.741e+05 -3.929e+05  6.617e+05 -1.452e+05  1.364e+05 -2.934e+04 -5.478e+05 -1.234e+04  8.556e+05  1.536e+06 -3.473e+05  4.821e+05  2.811e+05  4.745e+05 -7.574e+05  8.396e+05  1.237e+06  5.458e+05  1.509e+06  5.132e+05  1.108e+06 -1.907e+05  5.748e+05 -1.491e+06  1.098e+06  1.316e+06  1.775e+06  1.904e+05   2.14e+05  4.559e+05  1.368e+06  1.224e+06  8.182e+05
 -4.283e+05  1.801e+06  1.658e+06  1.277e+06  1.779e+06 -1.679e+06 -2.675e+08 -1.701e+07 -2.365e+06 -6.745e+06 -3.597e+07 -1.063e+06  -1.92e+07 -1.998e+06 -4.744e+06 -6.578e+08 -1.615e+07 -2.959e+06 -6.676e+05 -6.572e+05 -1.717e+07 -7.255e+06 -7.306e+05 -7.816e+06 -2.319e+06 -6.142e+06  -9.46e+05 -3.507e+06  2.182e+05 -6.817e+05  2.864e+06  1.084e+06 -2.415e+07 -7.115e+06 -1.776e+06 -5.812e+05 -1.931e+07 -3.474e+06 -8.415e+06 -3.943e+06 -1.979e+06 -6.646e+05  3.136e+06 -1.094e+06 -6.721e+06 -2.368e+06 -6.095e+06  -2.05e+06 -1.426e+06 -1.932e+07 -1.162e+07 -2.012e+06 -1.339e+07 -4.079e+06 -9.622e+05 -6.002e+05 -9.224e+06 -2.639e+06 -1.109e+07 -4.146e+06 -6.148e+05  1.564e+06  6.844e+05 -5.889e+05  6.123e+05  4.055e+06  4.043e+06 -5.154e+04   7.11e+05  5.123e+05 -7.757e+06 -6.181e+05 -4.416e+06  9.434e+04 -3.165e+06  3.774e+05 -6.275e+05 -1.861e+05  3.695e+04  1.333e+06  2.208e+05  4.232e+05  1.568e+05  8.199e+05   3.41e+05  1.696e+05  1.083e+06  1.201e+06  2.303e+06  2.142e+06   2.44e+06  1.723e+06  6.378e+05 -1.245e+07 -7.523e+06  -1.85e+06 -5.571e+06 -1.705e+06 -3.565e+06 -1.363e+07 -2.402e+06 -6.881e+06 -3.113e+06 -3.419e+05  7.925e+05  4.002e+05  4.735e+05 -1.432e+05  2.215e+04 -2.145e+06 -2.193e+05  1.452e+06 -1.232e+06 -3.015e+05 -1.406e+06  3.423e+06  2.627e+06    2.6e+06 -1.257e+06   1.09e+06  3.791e+06    3.9e+06  4.589e+06  1.207e+06  6.067e+05  6.875e+05  1.178e+06  5.626e+05  2.385e+06     -2e+06  1.388e+06 -4.997e+06  5.526e+05 -1.458e+06  1.774e+06 -3.518e+06 -2.372e+06  3.169e+06  1.598e+06  1.299e+06  8.385e+05
  9.567e+05  2.205e+06  2.517e+06  2.123e+06   2.76e+06   3.11e+05 -1.202e+07 -5.717e+06 -9.512e+05 -2.675e+06 -7.324e+06 -6.953e+05 -4.516e+06 -7.096e+05 -2.326e+05 -1.615e+07 -7.772e+08  5.684e+05  4.803e+05   3.68e+05 -3.366e+08  -1.19e+07 -1.015e+06 -1.117e+07 -2.941e+06  -9.38e+06 -1.802e+06 -4.642e+06 -3.323e+05 -1.534e+06   2.47e+06   1.22e+06 -8.931e+07 -1.144e+07 -3.432e+06 -1.856e+06 -4.264e+07 -7.237e+06 -1.761e+07 -7.507e+06 -2.034e+06 -3.299e+06  1.646e+06 -1.807e+06 -1.106e+07 -4.674e+06 -1.015e+07  -4.29e+06 -2.573e+06 -7.101e+07 -2.148e+07 -3.024e+06 -1.776e+07  -6.33e+06 -1.504e+06 -6.462e+05  -1.64e+07 -4.538e+06 -1.555e+07 -5.227e+06 -6.241e+05  1.125e+06  1.137e+06 -1.739e+06 -1.494e+05  2.426e+06  4.014e+06 -2.229e+06 -2.509e+05  2.766e+05 -9.394e+06 -8.015e+05 -5.814e+06 -1.109e+05 -4.524e+06  3.382e+05 -1.284e+06  3.741e+05  6.004e+05  1.319e+06  1.931e+06 -1.306e+06  6.324e+05  7.655e+05  1.137e+06  1.399e+05  1.466e+06  1.751e+06   2.56e+06  2.722e+06  1.717e+06  3.031e+06  7.694e+05 -2.239e+07 -1.266e+07 -2.935e+06 -8.671e+06  -1.83e+06 -4.721e+06 -1.984e+07 -2.855e+06 -1.035e+07 -2.944e+06  3.758e+05  6.833e+05 -1.239e+04 -1.064e+06 -1.164e+06 -1.864e+06 -5.882e+06 -1.925e+06  1.035e+05  3.394e+05 -5.148e+06  4.509e+05  2.777e+06  2.836e+06  1.505e+06  2.578e+06 -4.594e+05  2.333e+05  1.989e+06  2.957e+06   2.01e+06 -4.452e+05  1.383e+05  6.571e+05  8.367e+05  3.213e+06  -2.67e+06  1.587e+06   -7.8e+05  2.174e+06  2.549e+05  2.116e+06 -2.346e+06  2.412e+06  3.116e+06  4.168e+06  2.814e+06  1.091e+06
  9.502e+05  1.542e+06  1.638e+06  1.234e+06  1.568e+06  6.221e+05 -3.726e+06 -4.172e+05  4.613e+05   1.51e+05 -2.533e+06 -6.237e+05  -4.77e+05  2.125e+05  1.075e+06 -2.959e+06  5.684e+05 -1.117e+08 -1.337e+07 -2.092e+07 -1.206e+07 -4.105e+06 -4.375e+05 -4.759e+06 -1.088e+06 -2.648e+06  1.919e+04 -2.061e+06  4.487e+05 -7.182e+05  1.515e+06  1.155e+06 -7.197e+06 -3.951e+06 -1.074e+06  -6.64e+05 -6.174e+06  -1.14e+06 -3.335e+06 -1.894e+06 -8.438e+05 -7.296e+05  1.886e+06 -1.104e+05 -2.975e+06 -1.132e+06 -3.702e+06 -1.073e+06  8.606e+04 -2.911e+06 -9.625e+06 -1.121e+06 -7.396e+06 -2.335e+06 -2.834e+04 -2.928e+05 -4.166e+06 -7.161e+05   -5.8e+06  -1.37e+06      2e+05  1.226e+06  1.136e+06 -1.812e+05  6.305e+05  1.777e+06  2.177e+06 -5.225e+04  1.619e+05  6.316e+05 -3.443e+06 -3.831e+05 -2.158e+06  2.083e+05 -1.354e+06  4.505e+05 -1.938e+05  7.319e+05  1.985e+05  7.267e+05  1.117e+06 -5.803e+04  3.757e+05    4.5e+05  4.093e+05  2.951e+05  1.202e+06  6.425e+05  1.175e+06  1.708e+06  1.088e+06  2.011e+06  7.142e+05 -3.126e+06 -2.009e+06  8.006e+04 -1.158e+06  3.108e+05 -7.193e+05 -4.144e+06 -8.434e+05 -1.667e+06 -3.597e+05 -1.562e+06  1.465e+06  1.086e+06 -6.769e+05  9.064e+05  1.265e+06 -2.334e+05  5.915e+05  5.223e+05  9.506e+05  1.213e+06  2.059e+06  1.995e+06  2.542e+06  1.732e+06  1.915e+06  1.432e+06   1.29e+06  9.263e+05   2.83e+06  2.298e+06  1.417e+06  7.031e+05  1.486e+06  2.324e+06  2.133e+06   6.44e+05  1.386e+06  -6.52e+05  1.059e+06  1.264e+06  2.225e+06  1.537e+06  1.989e+06  2.958e+06  1.025e+06    1.8e+06  6.675e+05
  7.279e+05  1.014e+06  1.041e+06  9.543e+05  1.001e+06  5.609e+05 -6.302e+05  2.322e+05  5.284e+05  3.491e+05 -5.322e+05       3129  2.666e+05  4.292e+05  9.278e+05 -6.676e+05  4.803e+05 -1.337e+07 -2.973e+07  1.076e+06 -2.014e+06 -1.295e+06  1.672e+05 -1.343e+06 -1.584e+05 -7.079e+05  5.608e+05 -4.574e+05  7.198e+05  4.848e+05  1.099e+06  9.687e+05 -1.687e+06 -1.025e+06 -1.496e+04  1.913e+04 -1.595e+06  2.366e+04 -5.722e+05 -2.955e+05  3.285e+05  3.301e+05  1.202e+06  1.029e+06 -8.018e+05  1.926e+04  -9.14e+05 -1.091e+05  1.976e+05 -7.014e+05 -2.996e+06 -7.885e+04 -2.015e+06 -5.948e+05  1.238e+05  8.066e+04 -9.311e+05  1.998e+05   -1.6e+06 -1.948e+05  6.136e+05  7.467e+05  8.342e+05  7.578e+04  5.572e+05  1.573e+06  1.481e+06   2.55e+05  5.213e+05  4.702e+05 -7.495e+05  1.821e+05 -2.133e+05  4.172e+05 -2.064e+05  6.327e+05  2.532e+05  6.518e+05   5.63e+05  6.704e+05  8.288e+05  1.732e+05  3.947e+05  6.625e+05  6.484e+05  2.663e+05  8.028e+05  7.749e+05  8.048e+05  1.286e+06  8.611e+05  1.479e+06  7.761e+05 -5.694e+05 -1.931e+05  5.019e+05  1.379e+05  7.176e+05  8.544e+04 -9.656e+05   1.25e+05 -1.377e+05  5.406e+05  9.916e+05  1.252e+06  1.022e+06  2.233e+05  7.895e+05  1.096e+06  7.573e+05  9.119e+05  5.958e+05  1.364e+06   8.22e+05  1.277e+06  1.381e+06  1.335e+06  1.831e+06  1.186e+06  4.664e+05  1.187e+06  8.979e+05  2.083e+06  1.964e+06  9.585e+05  1.201e+06  1.282e+06  1.725e+06  1.927e+06  9.967e+05  1.078e+06  6.388e+05  1.074e+06  7.805e+05  1.106e+06  5.135e+05  1.401e+06  1.901e+06  1.546e+06  1.112e+06  4.086e+05
  7.886e+05  1.097e+06  1.186e+06  9.492e+05  1.056e+06   6.14e+05 -7.628e+05  1.668e+05  4.111e+05  5.496e+05 -5.181e+05  2.083e+05  1.478e+05   4.37e+05  9.021e+05 -6.572e+05   3.68e+05 -2.092e+07  1.076e+06  -3.82e+07 -3.644e+06 -1.088e+06  2.124e+05 -1.447e+06  3.353e+04 -1.078e+06  5.188e+05   -3.7e+05  6.737e+05  2.092e+05  1.294e+06   1.44e+06 -2.707e+06 -1.071e+06 -4.933e+04  3.094e+05 -1.913e+06 -2.569e+04 -1.025e+06 -3.139e+05 -9.464e+04  2.983e+05  1.513e+06  5.283e+05 -7.073e+05 -5.735e+04 -9.599e+05 -1.373e+05  6.007e+05 -8.987e+05 -3.097e+06 -3.835e+04 -2.631e+06 -5.061e+05  4.477e+05   2.69e+05 -1.338e+06       5126 -2.066e+06 -1.858e+05  5.498e+05  9.068e+05  8.866e+05  3.002e+05   7.59e+05   1.34e+06  1.464e+06  5.542e+05  6.424e+05  7.152e+05 -9.907e+05  1.897e+05 -5.363e+05  5.089e+05 -1.834e+05  6.316e+05  3.541e+05  5.962e+05  7.372e+05  9.561e+05   9.81e+05  5.599e+05  7.975e+05  5.012e+05  7.331e+05  7.671e+05  1.003e+06  7.829e+05  1.017e+06  1.284e+06  8.713e+05  8.251e+05  9.078e+05 -1.026e+06 -4.843e+05  4.337e+05 -4.011e+04  7.433e+05  1.431e+05 -1.135e+06  1.222e+05 -4.313e+05  1.545e+05 -1.776e+04   1.16e+06  8.851e+05  5.039e+05  7.745e+05  9.466e+05   6.73e+04  5.805e+05  1.224e+06  8.489e+05  7.508e+05  1.576e+06  1.407e+06  1.591e+06  1.537e+06  1.739e+06  1.295e+06  1.605e+06  2.466e+06  1.993e+06  1.303e+06  1.286e+06  8.604e+05  1.075e+06  1.239e+06  1.846e+06  1.003e+06  1.181e+06 -3.775e+04  1.181e+06  9.498e+05  1.151e+06  9.038e+05  9.963e+05  2.002e+06    1.9e+06  1.149e+06   5.12e+05
  4.843e+05  2.076e+06  2.139e+06  2.006e+06  2.716e+06 -2.041e+05  -1.59e+07 -7.099e+06 -1.442e+06 -3.341e+06 -9.232e+06 -5.161e+05 -8.123e+06  -7.65e+05 -2.296e+06 -1.717e+07 -3.366e+08 -1.206e+07 -2.014e+06 -3.644e+06  -1.55e+09 -2.385e+07  -1.91e+06 -1.807e+07 -5.132e+06 -1.273e+07 -2.944e+06 -7.203e+06 -9.431e+04   -3.6e+06  1.284e+06  1.075e+06 -1.767e+08 -1.868e+07 -6.461e+06 -3.597e+06 -8.808e+07 -1.329e+07  -2.82e+07 -1.089e+07 -3.779e+06 -5.631e+06 -8.616e+05 -2.914e+06 -1.631e+07 -7.792e+06 -1.539e+07 -6.408e+06 -5.201e+06 -6.083e+07  -3.01e+07 -2.833e+06 -2.179e+07 -5.929e+06 -1.809e+06 -1.719e+04 -1.761e+07 -5.231e+06 -1.886e+07 -5.178e+06 -1.739e+06  8.534e+05  3.838e+05 -2.665e+06 -1.618e+05  3.836e+06  4.064e+06 -2.931e+06 -3.889e+05  1.191e+06 -8.515e+06   -5.9e+05 -6.636e+06       7019 -5.602e+06  4.084e+05 -1.081e+06  1.157e+06  4.494e+05  1.821e+06   1.41e+06 -2.203e+06 -6.949e+05  4.222e+05  1.485e+06  1.397e+06  1.898e+06  2.366e+06   3.31e+06  3.633e+06  8.135e+05  6.202e+05  2.925e+05 -3.046e+07 -1.611e+07 -3.376e+06 -1.064e+07 -5.034e+06 -4.733e+06 -2.223e+07 -3.223e+06  -1.37e+07 -3.264e+06  4.199e+05  9.827e+05 -2.253e+05  8.768e+04   -1.8e+06 -9.126e+05 -1.102e+07 -1.873e+06 -3.934e+06  5.218e+05 -5.808e+06 -1.128e+07  1.186e+06 -1.111e+06  2.813e+06  2.799e+06   -3.7e+06  4.406e+06  3.468e+06  9.808e+05  1.279e+06 -1.888e+06  1.674e+05 -1.148e+04 -4.274e+06  2.597e+06 -4.521e+06  8.306e+05  -4.65e+06      -9086  4.015e+05 -1.691e+05  2.479e+06  -3.52e+05  5.004e+06  7.318e+06  1.434e+06  1.196e+06
  1.724e+06  2.639e+06  2.464e+06  1.978e+06  2.627e+06  1.142e+06 -9.031e+06 -3.992e+06 -5.125e+05 -1.828e+06 -7.389e+06 -4.729e+05 -5.171e+06  -1.58e+06 -2.817e+05 -7.255e+06  -1.19e+07 -4.105e+06 -1.295e+06 -1.088e+06 -2.385e+07 -4.433e+08 -2.195e+06 -2.466e+08 -8.416e+06 -4.285e+07 -6.524e+06 -8.671e+06 -2.178e+06 -2.358e+06  4.593e+05 -1.249e+06 -7.308e+07 -1.213e+07 -4.611e+06 -2.449e+06 -2.951e+07  -9.14e+06 -1.721e+07  -9.34e+06 -5.579e+06 -5.205e+06  1.834e+06 -2.189e+06 -1.447e+07 -5.502e+06 -1.366e+07 -6.242e+06 -3.482e+06 -1.407e+07 -2.513e+07 -2.935e+06  -2.02e+07 -6.575e+06 -1.876e+06 -1.172e+06 -1.251e+07 -3.634e+06 -1.561e+07 -4.886e+06 -1.068e+06   1.06e+06  1.133e+06 -2.862e+06  -4.39e+05  4.226e+06      4e+06 -2.312e+06 -4.142e+05  8.276e+05 -8.195e+06 -9.241e+05 -5.115e+06   4.44e+05 -3.158e+06   3.86e+05 -1.149e+06  3.664e+05  6.448e+05  1.372e+06  1.834e+06 -2.323e+05  9.912e+04  1.165e+06  3.577e+05 -1.693e+05  8.977e+05   9.11e+05  1.074e+06  8.158e+05  1.777e+06  2.092e+06  9.328e+05 -1.435e+07 -1.126e+07 -2.257e+06 -7.412e+06 -2.657e+06 -4.257e+06 -1.532e+07 -3.293e+06 -7.374e+06  -2.48e+06 -2.135e+05  8.419e+05  7.909e+05 -2.002e+06  1.062e+05 -1.175e+05 -4.164e+06  -1.65e+06 -1.191e+06 -7.848e+05  7.675e+04  1.817e+06  2.159e+06  3.826e+05   2.19e+06  2.542e+06 -1.013e+06  1.779e+06 -1.286e+05  3.008e+06  1.667e+06 -2.655e+06 -4.943e+05  8.404e+05  2.725e+06   5.14e+06 -1.385e+06  2.115e+06  1.973e+06   6.56e+05 -8.224e+05  1.891e+06  1.489e+06  2.285e+06  4.792e+06   4.31e+06  2.647e+06  1.103e+06
