
 72

((monodelphis_domestica: 0.040217, (notamacropus_eugenii: 0.034914, sarcophilus_harrisii: 0.040000): 0.008867): 0.072898, ((echinops_telfairi: 0.077357, (procavia_capensis: 0.048297, loxodonta_africana: 0.028656): 0.009166): 0.014425, ((choloepus_hoffmanni: 0.036274, dasypus_novemcinctus: 0.047483): 0.017821, (((sorex_araneus: 0.086508, erinaceus_europaeus: 0.075944): 0.014185, ((pteropus_vampyrus: 0.037442, myotis_lucifugus: 0.050266): 0.009716, (((felis_catus: 0.002609, (panthera_tigris_altaica: 0.001997, panthera_pardus: 0.001111): 0.001866): 0.020370, (canis_familiaris: 0.024103, (mustela_putorius_furo: 0.023712, ailuropoda_melanoleuca: 0.017454): 0.004463): 0.005151): 0.014866, (equus_caballus: 0.033313, (vicugna_pacos: 0.033855, (sus_scrofa: 0.033072, (tursiops_truncatus: 0.025353, (bos_taurus: 0.008868, (ovis_aries: 0.005283, capra_hircus: 0.003165): 0.006394): 0.026733): 0.005043): 0.002579): 0.010547): 0.001221): 0.000722): 0.001994): 0.006288, ((tupaia_belangeri: 0.054843, ((oryctolagus_cuniculus: 0.034134, ochotona_princeps: 0.056923): 0.028431, (ictidomys_tridecemlineatus: 0.041945, (((fukomys_damarensis: 0.025459, heterocephalus_glaber_female: 0.021282): 0.010274, ((cavia_porcellus: 0.001557, cavia_aperea: 0.004731): 0.033559, (chinchilla_lanigera: 0.020921, octodon_degus: 0.033133): 0.004295): 0.007428): 0.032470, (dipodomys_ordii: 0.066301, (jaculus_jaculus: 0.056540, (nannospalax_galili: 0.038843, (((mesocricetus_auratus: 0.017689, cricetulus_griseus_chok1gshd: 0.013371): 0.008868, (peromyscus_maniculatus_bairdii: 0.021037, microtus_ochrogaster: 0.026220): 0.001533): 0.006644, ((mus_pahari: 0.009314, (mus_caroli: 0.004728, (mus_spretus: 0.002347, mus_musculus: 0.002166): 0.002536): 0.004551): 0.009822, rattus_norvegicus: 0.020891): 0.016386): 0.022784): 0.010955): 0.011246): 0.005802): 0.001797): 0.007274): 0.003428): 0.000958, ((otolemur_garnettii: 0.038063, (microcebus_murinus: 0.017166, propithecus_coquereli: 0.012425): 0.010893): 0.010393, (carlito_syrichta: 0.042843, (((aotus_nancymaae: 0.007899, callithrix_jacchus: 0.009698): 0.000373, (saimiri_boliviensis_boliviensis: 0.008375, cebus_capucinus: 0.007255): 0.001138): 0.011744, (((chlorocebus_sabaeus: 0.003371, ((papio_anubis: 0.001969, (cercocebus_atys: 0.002086, mandrillus_leucophaeus: 0.001759): 0.000363): 0.000389, (macaca_nemestrina: 0.001185, (macaca_mulatta: 0.000963, macaca_fascicularis: 0.000535): 0.000276): 0.001126): 0.000881): 0.001482, (colobus_angolensis_palliatus: 0.003846, (rhinopithecus_roxellana: 0.000696, rhinopithecus_bieti: 0.001188): 0.002832): 0.001754): 0.005683, (nomascus_leucogenys: 0.007293, (pongo_abelii: 0.006033, (gorilla_gorilla: 0.002900, ((pan_troglodytes: 0.000746, pan_paniscus: 0.000950): 0.001372, homo_sapiens: 0.002300): 0.000593): 0.002509): 0.000810): 0.002859): 0.005535): 0.017305): 0.003157): 0.005282): 0.006342): 0.007020): 0.001925): 0.089401, ornithorhynchus_anatinus: 0.203705);

  0.072898  0.040217  0.008867  0.034914  0.040000  0.089401  0.014425  0.077357  0.009166  0.048297  0.028656  0.001925  0.017821  0.036274  0.047483  0.007020  0.006288  0.014185  0.086508  0.075944  0.001994  0.009716  0.037442  0.050266  0.000722  0.014866  0.020370  0.002609  0.001866  0.001997  0.001111  0.005151  0.024103  0.004463  0.023712  0.017454  0.001221  0.033313  0.010547  0.033855  0.002579  0.033072  0.005043  0.025353  0.026733  0.008868  0.006394  0.005283  0.003165  0.006342  0.000958  0.054843  0.003428  0.028431  0.034134  0.056923  0.007274  0.041945  0.001797  0.032470  0.010274  0.025459  0.021282  0.007428  0.033559  0.001557  0.004731  0.004295  0.020921  0.033133  0.005802  0.066301  0.011246  0.056540  0.010955  0.038843  0.022784  0.006644  0.008868  0.017689  0.013371  0.001533  0.021037  0.026220  0.016386  0.009822  0.009314  0.004551  0.004728  0.002536  0.002347  0.002166  0.020891  0.005282  0.010393  0.038063  0.010893  0.017166  0.012425  0.003157  0.042843  0.017305  0.011744  0.000373  0.007899  0.009698  0.001138  0.008375  0.007255  0.005535  0.005683  0.001482  0.003371  0.000881  0.000389  0.001969  0.000363  0.002086  0.001759  0.001126  0.001185  0.000276  0.000963  0.000535  0.001754  0.003846  0.002832  0.000696  0.001188  0.002859  0.007293  0.000810  0.006033  0.002509  0.002900  0.000593  0.001372  0.000746  0.000950  0.002300  0.203705

 -16.822693 18.568848 -20.069004 17.620107 19.360765  1.436222 13.073447  8.938429 -1.421210  0.053305 12.476110 29.521988 -26.297561 -4.241968 12.376348 14.704800 22.452695 -2.001886  3.788693  1.367627 26.675774 -5.515719 14.076105  8.211297 34.192093 17.417572 23.530183 13.654810 46.758257 53.276990 12.130965 -1.501011 16.041873 -6.045242 17.558186 20.027780  0.353471 18.025953 15.925284 11.296350 19.674678 18.390765  7.468794 10.227398 26.305130 16.597981 42.216996 14.600504 43.708314 14.381550 -29.085269  6.356894  9.337096  3.260075 17.525332 -1.392239 15.070938  8.866803 -27.722210 20.385961  5.936725 44.211196 19.186689 16.843578 21.265570 58.117184 22.765577 -17.563808 12.497652 16.947346  4.259370 -8.035409 34.886168 -3.808009 10.704696 12.586858 26.807358 -6.254188  3.711008 16.289393 10.642415 -9.187386 27.509953 16.970756 27.324304 19.957791 28.401580 21.990900 28.790761 86.152374 30.866105 97.558941 40.285607 24.939481  5.806978 30.898660 -2.303217 36.349545 17.606758 -15.912638  2.536292  8.678755 -0.405025 -21.412427  9.591361  7.157648 28.335835 36.241568  4.807994 32.398349  1.481695 23.099825 99.836518 89.049075 127.020195 31.639910 167.018683 98.105810 22.256702 97.232339 105.319575 198.186610 86.455254 105.704471 22.070875 29.187161 29.420993 26.133359 31.180896 25.426917 28.458568 26.688707  5.461854 29.337564 21.841362 88.199836 79.649209 89.452029 29.867076 89.015990  1.949758


Hessian

 -1.735e+07 -1.059e+06 -3.379e+06 -8.901e+05 -7.195e+05 -8.944e+06  1.193e+06  5.531e+05  9.519e+05  6.653e+05  8.435e+05 -3.553e+06  6.975e+05  4.069e+05  8.078e+05  -3.37e+05  9.501e+05  5.967e+05  3.798e+05  4.527e+05  1.007e+06  9.872e+05  9.398e+05  7.809e+05  1.064e+06  9.813e+05  1.079e+06  1.187e+06   1.13e+06  1.129e+06  1.285e+06  1.025e+06  9.511e+05  1.036e+06  1.044e+06  1.059e+06  1.118e+06  9.299e+05  1.239e+06   5.99e+05  1.272e+06  1.081e+06  1.227e+06   1.06e+06  1.066e+06  9.795e+05  1.087e+06  1.224e+06  1.227e+06  6.555e+05  8.338e+05  5.942e+05  9.775e+05   9.76e+05  9.084e+05   6.68e+05  1.009e+06  8.048e+05  1.134e+06  1.089e+06  1.159e+06  9.598e+05  1.035e+06  1.134e+06  9.959e+05  1.104e+06  1.002e+06  1.167e+06  1.044e+06  9.272e+05  9.166e+05  7.247e+05   8.86e+05  7.387e+05  9.152e+05  8.343e+05   9.05e+05  1.105e+06  1.031e+06  9.948e+05    9.3e+05  1.133e+06  9.768e+05  9.651e+05  9.073e+05  9.847e+05  1.049e+06  1.037e+06  1.067e+06  1.112e+06   1.12e+06   1.28e+06  9.922e+05  9.268e+05  1.006e+06  8.787e+05   1.07e+06  1.024e+06  1.156e+06  9.926e+05  8.013e+05  9.898e+05  1.014e+06  1.127e+06  1.128e+06  1.034e+06  9.169e+05  1.134e+06  1.009e+06  9.526e+05  1.108e+06  1.366e+06  1.186e+06  1.095e+06  1.082e+06  9.974e+05  1.759e+06  1.415e+06  1.192e+06  1.248e+06  1.364e+06  1.412e+06  1.231e+06    1.6e+06  1.346e+06  1.326e+06   1.18e+06  1.593e+06  1.576e+06  1.068e+06   1.23e+06  1.312e+06  1.161e+06  1.171e+06  1.437e+06  1.242e+06  1.356e+06   1.66e+06  1.522e+06  1.208e+06 -2.092e+05
 -1.059e+06 -5.325e+07 -1.976e+07 -3.497e+06  -4.52e+06   -3.7e+05  1.301e+06  6.965e+05  1.121e+06  8.161e+05  1.009e+06   9.62e+05  1.194e+06  5.358e+05  1.083e+06  1.434e+06  1.886e+06  9.904e+05  5.263e+05  6.686e+05  2.072e+06  1.473e+06  1.137e+06  1.026e+06  1.846e+06  1.516e+06   1.41e+06  1.196e+06  1.014e+06  9.944e+05  1.209e+06  1.727e+06  1.117e+06   1.47e+06  1.221e+06  1.288e+06  2.067e+06  1.244e+06  1.871e+06  7.266e+05  1.832e+06  1.332e+06  1.581e+06  1.192e+06  1.362e+06  1.342e+06  1.165e+06  1.257e+06  1.167e+06   1.84e+06  1.807e+06  7.784e+05   1.89e+06  1.404e+06  1.111e+06  8.751e+05  1.825e+06  1.139e+06  1.878e+06  1.557e+06  1.339e+06  1.119e+06   1.11e+06  1.534e+06  1.166e+06  9.389e+05  7.412e+05  1.495e+06  1.167e+06  1.007e+06  1.647e+06  9.654e+05  1.539e+06  1.018e+06  1.437e+06  9.957e+05  1.295e+06  1.159e+06  1.217e+06  1.012e+06  9.483e+05  1.174e+06  1.093e+06  1.012e+06  1.119e+06  1.184e+06  1.339e+06  1.272e+06  1.245e+06  1.075e+06  9.136e+05  1.529e+06  9.463e+05  1.962e+06  1.654e+06  1.102e+06  1.561e+06   1.17e+06   1.45e+06  1.919e+06  1.101e+06  1.653e+06  1.415e+06  1.567e+06  1.177e+06  1.163e+06  1.129e+06  1.127e+06  1.192e+06   1.56e+06  1.455e+06  1.607e+06  1.203e+06  1.406e+06  1.937e+06  1.218e+06  9.876e+05  1.442e+06  1.607e+06  1.534e+06  1.277e+06  1.614e+06   1.19e+06  1.467e+06  8.103e+05  1.254e+06  1.479e+06  1.289e+06  1.542e+06  1.227e+06  1.245e+06  1.456e+06  1.129e+06  1.677e+06  1.058e+06  1.165e+06  1.238e+06  1.243e+06  1.336e+06  1.637e+06  8.221e+04
 -3.379e+06 -1.976e+07 -1.108e+08  -9.47e+06  -1.37e+07 -1.932e+06  1.487e+06  8.108e+05  1.388e+06  9.752e+05  1.243e+06  3.202e+05  1.277e+06  5.232e+05  1.199e+06  1.316e+06  2.126e+06  1.209e+06  5.946e+05   7.93e+05  2.112e+06  1.786e+06  1.299e+06  1.231e+06  2.013e+06  1.919e+06  1.622e+06  1.826e+06  1.827e+06   1.12e+06  1.174e+06  2.101e+06  1.445e+06  1.838e+06  1.461e+06  1.395e+06  2.264e+06  1.468e+06  1.993e+06  7.482e+05  2.015e+06  1.572e+06  2.002e+06  1.365e+06  1.682e+06  1.464e+06  1.143e+06  1.547e+06  1.642e+06  2.076e+06  2.051e+06  8.604e+05  2.243e+06  1.524e+06  1.378e+06      1e+06  1.912e+06  1.259e+06  1.819e+06  1.762e+06  1.574e+06  1.374e+06  1.399e+06   1.63e+06  1.353e+06  1.285e+06  8.933e+05   1.39e+06  1.237e+06  1.152e+06  1.791e+06  1.104e+06  1.724e+06  1.118e+06  1.595e+06  1.132e+06  1.491e+06  1.525e+06  1.498e+06  1.142e+06  1.065e+06  1.517e+06  1.267e+06  1.122e+06  1.346e+06  1.259e+06  1.387e+06  1.487e+06  1.266e+06  1.036e+06  1.146e+06  1.616e+06  1.161e+06   1.85e+06  1.881e+06  1.387e+06  1.677e+06  1.272e+06  1.542e+06  1.933e+06  1.264e+06  1.725e+06  1.604e+06  1.771e+06  1.395e+06  1.457e+06  1.524e+06   1.49e+06  1.474e+06  1.555e+06  1.665e+06  1.801e+06  1.234e+06  1.795e+06  1.802e+06  1.551e+06    1.2e+06   1.59e+06  1.427e+06  1.392e+06  1.602e+06  2.284e+06   1.09e+06   1.37e+06  1.178e+06  1.839e+06   1.77e+06  1.655e+06  1.079e+06  1.388e+06  1.097e+06  1.058e+06  1.408e+06  1.705e+06  1.598e+06  1.189e+06  1.608e+06   1.67e+06  2.039e+06    1.3e+06  5.685e+04
 -8.901e+05 -3.497e+06  -9.47e+06  -5.25e+07 -4.456e+06  -5.09e+05  1.259e+06  6.673e+05  9.335e+05  6.373e+05  8.423e+05  7.744e+05  9.839e+05  3.535e+05  8.915e+05  9.349e+05  1.753e+06  9.379e+05  5.233e+05  6.364e+05  1.519e+06  1.376e+06   9.32e+05  9.533e+05  1.926e+06  1.436e+06  1.237e+06  1.334e+06  1.099e+06  1.021e+06  1.296e+06  1.288e+06   8.77e+05  1.399e+06  1.092e+06  1.072e+06  1.479e+06  1.017e+06  1.449e+06  5.887e+05  1.508e+06  1.143e+06  1.354e+06  9.669e+05  1.221e+06  9.391e+05  1.043e+06  1.087e+06  1.198e+06  1.347e+06  1.574e+06  7.128e+05  1.661e+06  1.167e+06  9.832e+05  7.882e+05  1.492e+06  9.644e+05  1.597e+06  1.337e+06   1.02e+06  9.722e+05  8.961e+05  1.271e+06  9.794e+05  6.994e+05  5.921e+05  1.151e+06  9.994e+05  7.881e+05  1.457e+06  8.359e+05  1.254e+06  8.335e+05   1.21e+06   8.47e+05  1.049e+06  1.164e+06  1.081e+06  8.969e+05  1.026e+06  1.015e+06  9.666e+05  8.312e+05  1.026e+06  1.023e+06  1.101e+06  1.041e+06  1.159e+06  1.093e+06   8.44e+05  9.659e+05  1.004e+06  1.313e+06   1.47e+06  9.763e+05   1.23e+06  1.035e+06  8.918e+05  1.385e+06  9.557e+05  1.188e+06  1.158e+06  7.081e+05   1.06e+06  1.046e+06   1.35e+06  1.029e+06  7.979e+05  9.634e+05  1.023e+06   1.06e+06  1.121e+06  1.233e+06  2.715e+04  8.324e+05  1.396e+06  1.089e+06   1.28e+06  1.102e+06  1.307e+06   1.01e+06   9.68e+05  1.183e+06  6.715e+05  1.298e+06  1.058e+06  8.682e+05  9.027e+05  7.986e+05  1.212e+06  4.412e+05  8.296e+05  8.014e+05  1.211e+06  1.125e+06  1.201e+06  5.996e+05  1.444e+06  8.798e+05  1.209e+05
 -7.195e+05  -4.52e+06  -1.37e+07 -4.456e+06 -5.189e+07  -1.63e+05  1.317e+06  7.154e+05  1.066e+06   8.68e+05  9.185e+05  1.234e+06    1.2e+06   5.32e+05  1.035e+06  1.587e+06  1.746e+06  9.872e+05  5.327e+05  6.761e+05  2.204e+06  1.633e+06  1.174e+06  1.029e+06  2.118e+06  1.742e+06  1.412e+06  9.269e+05  1.422e+06  7.274e+05  1.023e+06  1.489e+06  1.141e+06  1.716e+06  1.323e+06  1.167e+06    1.9e+06   1.27e+06  1.843e+06  6.632e+05  2.024e+06  1.397e+06  1.615e+06  1.141e+06  1.402e+06  1.052e+06  1.369e+06  1.015e+06  9.275e+05  1.774e+06   1.99e+06  8.257e+05  1.917e+06   1.37e+06  1.058e+06  8.785e+05  1.648e+06  1.064e+06  1.883e+06  1.593e+06   1.35e+06  1.031e+06  1.264e+06  1.419e+06  1.166e+06  1.049e+06  3.766e+05  1.536e+06  1.218e+06  1.012e+06  1.785e+06  9.348e+05  1.534e+06  9.533e+05  1.326e+06  9.426e+05  1.346e+06  1.282e+06  1.246e+06  8.968e+05  1.001e+06  1.086e+06  1.054e+06  9.797e+05  1.198e+06  1.207e+06  1.096e+06  1.143e+06   1.24e+06  1.223e+06  7.423e+05  1.247e+06  1.093e+06  1.702e+06  1.843e+06  1.135e+06  1.542e+06  1.186e+06  1.256e+06   1.84e+06  1.131e+06  1.589e+06  1.331e+06  1.322e+06  1.205e+06  1.188e+06  1.145e+06  1.396e+06  1.168e+06  1.527e+06  1.236e+06  1.785e+06  1.037e+06  1.258e+06  2.171e+06  1.263e+06  1.168e+06  1.527e+06  1.157e+06   1.43e+06  1.438e+06  1.843e+06  1.032e+06  9.345e+05  1.125e+06  1.172e+06  1.294e+06   1.01e+06  6.394e+05  1.416e+06  1.229e+06  1.771e+06  1.079e+06   1.58e+06  1.285e+06  1.525e+06  1.254e+06  1.129e+06  1.432e+06  1.488e+06  9.506e+04
 -8.944e+06   -3.7e+05 -1.932e+06  -5.09e+05  -1.63e+05 -1.619e+07  1.177e+06  5.007e+05  9.422e+05  6.433e+05   8.03e+05 -5.629e+06  4.823e+05   3.76e+05  6.927e+05 -8.762e+05  6.295e+05  4.531e+05  2.954e+05   4.02e+05  7.122e+05  7.997e+05  8.915e+05  6.569e+05   7.52e+05  8.518e+05  9.676e+05  1.091e+06  1.118e+06  1.203e+06  1.088e+06  7.695e+05  8.533e+05  8.616e+05  9.603e+05  1.043e+06  7.739e+05  7.878e+05  9.873e+05   5.46e+05   1.02e+06  9.457e+05  1.024e+06  1.043e+06  9.014e+05  1.038e+06  1.065e+06  1.267e+06  1.237e+06  2.992e+05  5.756e+05  4.994e+05  5.829e+05  8.045e+05   8.19e+05  5.882e+05  7.188e+05  7.544e+05  7.161e+05  9.209e+05   1.15e+06  9.574e+05  1.035e+06  1.053e+06  9.581e+05   1.33e+06  1.084e+06  1.086e+06   9.84e+05   9.08e+05   6.89e+05  6.576e+05  7.227e+05    7.1e+05  7.712e+05  8.594e+05  8.555e+05  1.088e+06  1.033e+06  1.012e+06  9.714e+05  1.117e+06   9.43e+05  9.077e+05   9.29e+05  9.968e+05  1.029e+06  1.142e+06  1.169e+06  1.164e+06  1.169e+06  1.408e+06  9.474e+05  6.204e+05   8.52e+05  7.725e+05  9.357e+05  9.715e+05  1.085e+06   8.21e+05  7.309e+05  7.787e+05  9.543e+05  1.145e+06  1.182e+06  1.055e+06  9.622e+05  1.034e+06  1.041e+06  9.084e+05  1.114e+06  1.282e+06  1.279e+06  1.061e+06  1.136e+06  1.161e+06  1.881e+06  1.514e+06  1.217e+06  1.165e+06  1.425e+06  1.616e+06  1.278e+06  1.631e+06  1.403e+06   1.31e+06  1.174e+06  1.424e+06  1.622e+06   1.05e+06  1.166e+06  1.147e+06   1.25e+06  1.204e+06  1.457e+06  1.243e+06  1.565e+06  1.719e+06  1.683e+06  1.229e+06  -2.07e+05
  1.193e+06  1.301e+06  1.487e+06  1.259e+06  1.317e+06  1.177e+06 -1.326e+08 -2.035e+06 -4.741e+07 -2.988e+06 -1.121e+07 -8.356e+07 -2.306e+05 -4.571e+04  1.075e+05 -2.674e+07 -3.936e+06 -7.564e+05  6.115e+04 -1.341e+05 -4.304e+06 -1.821e+06 -2.556e+05 -2.365e+04 -5.446e+06 -1.901e+06 -6.281e+05  7.453e+05  3.702e+05  1.402e+06  1.318e+06 -1.155e+06  1.954e+05 -1.123e+06 -1.709e+05  3.844e+05 -4.434e+06 -7.742e+05 -2.817e+06      -3955 -2.545e+06 -3.621e+05 -1.616e+06   3.82e+05 -3.539e+05  8.756e+05  5.761e+05  1.802e+06  1.199e+06  -4.25e+06 -5.252e+06 -3.159e+05 -4.964e+06 -9.644e+05  1.595e+05  3.124e+05 -3.167e+06 -2.304e+05 -2.952e+06 -5.829e+05  1.138e+06  1.087e+06  1.451e+06  7.265e+05  9.594e+05  1.996e+06   2.26e+06  9.935e+05  1.136e+06  1.186e+06 -1.584e+06   3.14e+05  -8.83e+05  9.021e+05  1.254e+04  9.926e+05  6.737e+05   1.51e+06  1.486e+06  1.458e+06  1.741e+06  1.201e+06  1.399e+06  1.356e+06  1.404e+06  1.427e+06  1.858e+06  1.663e+06   1.86e+06  1.361e+06   2.15e+06  1.919e+06  1.434e+06 -3.092e+06 -1.692e+06   1.29e+05 -7.417e+05 -1.533e+05  3.608e+05 -3.545e+06 -2.031e+05 -1.518e+06   5.16e+04  7.156e+05  1.331e+06  1.076e+06  5.453e+05  8.835e+05  1.071e+06 -1.589e+04  7.631e+05 -1.755e+05  1.087e+06  1.336e+06 -6.017e+05  2.224e+06  1.464e+06  2.281e+06  1.895e+06  1.637e+06  1.871e+06   2.36e+06  1.643e+06  1.225e+06  1.438e+06  1.368e+06  1.648e+06  1.694e+06  2.342e+06  5.374e+05  1.383e+06  6.279e+05  1.429e+06  9.877e+05  1.943e+06  1.323e+06  2.053e+06  1.696e+06  2.011e+06   2.23e+06  5.303e+05
  5.531e+05  6.965e+05  8.108e+05  6.673e+05  7.154e+05  5.007e+05 -2.035e+06 -2.533e+07 -8.889e+05 -1.606e+04  1.548e+05 -1.335e+06  3.082e+05  2.641e+05  3.399e+05 -3.695e+05 -3.695e+04  6.121e+04  1.514e+05  1.962e+05   3.15e+05  2.966e+05  5.244e+05  3.247e+05  1.918e+05   3.28e+05  3.995e+05  4.843e+05  4.647e+05  9.846e+05  2.496e+05 -1.742e+04  3.719e+05  1.722e+05  4.245e+05  6.492e+05  2.416e+04  4.479e+05 -2.322e+04  2.683e+05 -1.882e+04  4.547e+05   2.26e+05  6.919e+05  3.236e+05  8.304e+05  6.023e+05   9.06e+05  7.009e+05 -6.254e+04 -6.275e+05  1.987e+05  -4.27e+05  1.437e+05  4.232e+05  3.726e+05  2.722e+04  5.766e+05 -2.638e+05  4.129e+05  6.778e+05  7.601e+05  9.737e+05  6.246e+05  7.608e+05  1.107e+06  8.391e+05  7.191e+05  6.725e+05  6.804e+05  3.019e+05  4.703e+05  4.727e+05  4.986e+05  5.391e+05  7.374e+05  6.659e+05  9.773e+05  9.614e+05  7.461e+05  9.431e+05  1.064e+06   5.81e+05  7.578e+05  8.211e+05   9.15e+05  9.263e+05  9.689e+05  1.033e+06  9.295e+05   1.22e+06   9.22e+05  8.106e+05  2.046e+05    5.1e+05  6.362e+05  4.016e+05  4.612e+05  7.251e+05 -1.741e+04   3.42e+05  3.482e+05  7.433e+05  1.435e+06   1.13e+06  1.047e+06  8.972e+05  8.751e+05  9.702e+05  7.997e+05  1.062e+06  1.004e+06  1.106e+06  8.669e+05  1.129e+06  9.768e+05   1.13e+06  1.324e+06  1.235e+06  1.024e+06  1.141e+06  1.056e+06  1.275e+06  9.247e+05  1.016e+06  1.127e+06  1.203e+06  1.203e+06  1.363e+06  8.265e+05  1.111e+06  8.002e+05  1.033e+06  9.011e+05  1.212e+06  1.221e+06    1.5e+06  1.294e+06  1.639e+06  1.178e+06  2.525e+05
  9.519e+05  1.121e+06  1.388e+06  9.335e+05  1.066e+06  9.422e+05 -4.741e+07 -8.889e+05  -1.49e+08 -7.432e+06 -2.464e+07 -3.627e+07  8.546e+04      -4431  3.441e+05 -1.359e+07 -2.116e+06  1.421e+05  3.502e+05  3.328e+05 -2.724e+06 -7.622e+05       2520  4.221e+05 -3.886e+06 -1.157e+06 -1.648e+05  7.507e+05  2.591e+05  1.363e+06  1.127e+06 -7.406e+05  5.618e+05 -5.588e+05  4.172e+05  3.975e+05  -3.73e+06 -5.357e+05 -1.611e+06  4.593e+04 -1.529e+06  1.651e+05 -7.547e+05  4.644e+05  4.263e+04  4.687e+05  3.245e+05  1.391e+06  1.314e+06 -2.641e+06 -2.802e+06  1.558e+05  -2.64e+06       3141  5.736e+05  6.305e+05 -1.625e+06  2.135e+05 -1.385e+06  2.517e+05  1.127e+06  1.114e+06   1.25e+06   8.85e+05  8.845e+05  1.508e+06  1.873e+06  1.006e+06  9.618e+05  1.034e+06 -5.581e+05  6.598e+05  2.253e+04  8.991e+05  4.751e+05  8.627e+05  9.474e+05  1.513e+06  1.385e+06  1.374e+06  1.565e+06  1.088e+06  1.646e+06  1.214e+06  1.506e+06  1.742e+06  1.727e+06  1.553e+06  1.863e+06  1.704e+06  2.119e+06  1.699e+06  1.437e+06 -1.797e+06 -8.641e+05  3.267e+05 -2.623e+05  5.695e+05  5.264e+05 -2.057e+06  2.919e+05 -7.559e+05  4.263e+05 -1.089e+05  9.132e+05  8.674e+05  3.054e+05  8.644e+05  7.449e+05 -2.075e+05  5.374e+05 -1.855e+05  9.712e+05 -1.141e+06  1.314e+05  1.818e+06  6.846e+05  2.105e+06  1.318e+06  7.893e+05  1.635e+06  1.016e+06  6.957e+05  1.504e+06  9.968e+05   1.06e+06  1.709e+06   1.88e+06  1.269e+06 -5.065e+04  1.118e+06  3.969e+05  1.125e+06  1.165e+06  2.015e+06  1.654e+06  8.065e+05   3.32e+05  2.097e+06  1.236e+06  4.987e+05
  6.653e+05  8.161e+05  9.752e+05  6.373e+05   8.68e+05  6.433e+05 -2.988e+06 -1.606e+04 -7.432e+06  -4.74e+07 -1.536e+06 -2.374e+06  4.047e+05  1.573e+05  5.646e+05 -7.647e+05  2.463e+05  3.742e+05  3.389e+05   3.88e+05      -4122  2.534e+05  3.502e+05  5.247e+05 -1.877e+05  3.797e+05  4.064e+05  4.812e+05   2.45e+05  9.979e+05  1.266e+06  2.227e+05  5.699e+05  4.129e+05  5.832e+05  6.717e+05 -5.155e+05  3.292e+05  7.293e+04  1.607e+05      -7625  4.175e+05  4.701e+05  4.692e+05  4.242e+05  6.312e+05   4.49e+05  1.266e+06  8.193e+05  5.639e+04 -5.717e+05  3.168e+05 -3.819e+05  3.678e+05  6.102e+05  4.568e+05  3.925e+05  5.639e+05  5.243e+05  5.722e+05  8.405e+05  8.832e+05  8.572e+05  7.336e+05   6.65e+05  1.018e+06  9.051e+05  9.716e+05  7.189e+05   7.05e+05   4.76e+05  6.448e+05  7.407e+05  6.983e+05  7.482e+05  7.297e+05  8.726e+05  1.107e+06   8.89e+05  9.944e+05  1.089e+06  9.488e+05  9.253e+05  8.898e+05  1.001e+06  1.109e+06  1.196e+06  1.186e+06  1.211e+06  1.371e+06  1.153e+06  1.329e+06  1.069e+06    2.7e+04  1.442e+05   5.36e+05  4.337e+05  7.947e+05  5.609e+05  1.709e+05  5.894e+05  2.802e+05  5.618e+05  3.068e+05  7.435e+05  6.776e+05  9.463e+05   6.55e+05  6.466e+05  6.093e+05  4.445e+05  3.419e+05  9.939e+05   8.93e+05  1.085e+06   1.01e+06 -1.723e+05  1.197e+06   9.24e+05  1.288e+06  1.246e+06  3.129e+05  1.362e+06  1.007e+06  5.346e+05    9.9e+05  7.767e+05  6.885e+05  1.008e+06  4.844e+05  6.691e+05  2.895e+05  6.529e+05  7.924e+05   8.32e+05  7.357e+05  8.684e+05  1.492e+06  9.116e+05  7.371e+05  3.558e+05
  8.435e+05  1.009e+06  1.243e+06  8.423e+05  9.185e+05   8.03e+05 -1.121e+07  1.548e+05 -2.464e+07 -1.536e+06 -8.763e+07 -8.945e+06  2.568e+05  1.001e+05  4.948e+05 -3.405e+06 -1.569e+05  7.909e+05  5.704e+05  5.996e+05 -5.846e+05  3.488e+05  5.382e+05  5.988e+05 -1.833e+06  2.285e+05  5.806e+05  6.048e+05    8.5e+05  4.718e+05   1.03e+06  -2.65e+04  6.424e+05  4.882e+05  6.974e+05  3.334e+05  -1.66e+06 -4.192e+04  2.189e+05  2.913e+05  1.637e+05  6.393e+05  4.321e+05  5.517e+05  5.846e+05  3.894e+05  6.931e+05  1.886e+05  8.698e+05  -2.11e+05 -5.059e+04  5.137e+05  2.046e+05   9.65e+05  7.656e+05  8.568e+05      -7718  7.599e+05  3.123e+05  9.986e+05  1.053e+06  1.012e+06  1.096e+06  1.021e+06   9.66e+05  4.181e+05  8.318e+05  1.271e+06  1.008e+06   1.02e+06  8.708e+05   1.01e+06  1.022e+06  9.338e+05  1.209e+06  1.027e+06  1.191e+06  1.663e+06  1.488e+06  1.044e+06  1.401e+06   1.22e+06  1.363e+06  1.318e+06  1.502e+06  1.789e+06  1.634e+06  1.956e+06   1.57e+06  1.351e+06   1.91e+06  1.758e+06  1.289e+06 -1.405e+05  2.182e+05  5.443e+05  5.715e+05  6.846e+05   5.84e+05  3.213e+05  7.492e+05  7.341e+05  7.112e+05  3.654e+05  6.306e+05   8.04e+05   6.14e+05  6.659e+05  4.607e+05  5.024e+05  3.976e+05 -2.971e+05  2.488e+05 -1.886e+05  2.588e+05  8.219e+05  1.333e+06  1.488e+06  4.208e+05  1.087e+06 -1.958e+04  5.743e+05  6.978e+05  1.723e+05  8.848e+05  3.793e+05  9.592e+05  4.517e+05  1.679e+06  2.181e+05  7.064e+05  5.106e+05  3.648e+05  5.761e+05  1.084e+06  1.189e+06  6.643e+05  6.644e+05  1.153e+06  5.135e+05  4.207e+05
 -3.553e+06   9.62e+05  3.202e+05  7.744e+05  1.234e+06 -5.629e+06 -8.356e+07 -1.335e+06 -3.627e+07 -2.374e+06 -8.945e+06 -4.058e+08 -9.658e+05 -2.536e+04  2.426e+05 -5.714e+07 -4.107e+06 -6.299e+05       2038      -5970 -4.897e+06 -1.775e+06  1.822e+05  4.407e+04 -6.489e+06 -2.138e+06 -2.991e+05  6.095e+05  4.319e+05  1.773e+06  1.809e+06 -1.752e+06  4.952e+05 -9.147e+05  8.302e+04  4.264e+05 -6.292e+06 -8.171e+05 -2.738e+06   1.71e+04 -2.244e+06   1.07e+05 -1.852e+06  7.324e+05 -1.173e+05  1.069e+06  8.897e+05  2.543e+06  1.554e+06 -5.193e+06 -4.818e+06  -3.33e+05 -5.539e+06 -7.206e+05  3.227e+05  4.891e+05 -3.643e+06 -1.522e+04 -3.498e+06 -5.632e+05  1.686e+06  1.319e+06  1.675e+06  9.536e+05   1.18e+06  3.276e+06  2.388e+06  1.174e+06  1.437e+06  1.405e+06 -1.802e+06  4.363e+05 -1.249e+06  9.942e+05   -1.6e+05  1.051e+06   9.67e+05  1.411e+06  1.468e+06  1.405e+06  1.662e+06  3.703e+05  1.421e+06  1.688e+06  1.348e+06  1.918e+06  2.167e+06  1.636e+06  2.441e+06  1.929e+06  1.963e+06  2.254e+06  1.669e+06 -3.581e+06 -1.658e+06  8.924e+04 -5.062e+05  1.772e+05  6.594e+05 -4.477e+06  3.195e+04 -1.809e+06  8.943e+04  9.306e+05  1.609e+06  1.875e+06  4.061e+05  1.257e+06  1.162e+06 -3.738e+05  5.764e+05       9315  1.564e+06  -3.37e+05 -5.649e+04  2.298e+06  1.562e+06  2.609e+06   1.98e+06  1.927e+06  2.714e+06  3.002e+06  1.723e+06  1.685e+06  2.147e+06   2.03e+06  2.114e+06  2.078e+06  2.523e+06  3.151e+05  1.733e+06  9.706e+05  1.899e+06  1.332e+06  2.167e+06  1.643e+06  2.456e+06  1.933e+06  1.413e+06  2.859e+06  3.385e+05
  6.975e+05  1.194e+06  1.277e+06  9.839e+05    1.2e+06  4.823e+05 -2.306e+05  3.082e+05  8.546e+04  4.047e+05  2.568e+05 -9.658e+05 -8.307e+07 -8.261e+06 -2.509e+07 -1.529e+07 -2.695e+06  7.587e+04  2.698e+05  2.718e+05 -3.021e+06 -5.296e+05  2.764e+05  2.641e+05 -4.278e+06 -9.617e+05 -1.114e+05  6.688e+05  3.611e+05  8.561e+05  5.731e+05 -5.563e+05  2.939e+05 -4.098e+05  1.908e+05  3.191e+05 -2.536e+06  -1.55e+05 -1.918e+06  2.402e+05 -1.486e+06  4.191e+04 -9.052e+05  2.606e+05  5.896e+04    1.1e+06  7.903e+05  9.733e+05  1.697e+06 -2.773e+06 -3.171e+06  1.286e+04 -2.536e+06 -2.045e+05  4.454e+05  5.148e+05 -1.294e+06  3.323e+05 -1.884e+06  1.516e+05  1.153e+06  1.139e+06  1.283e+06  1.037e+06  1.076e+06  1.814e+06   1.46e+06  1.237e+06  1.295e+06  1.196e+06  -1.08e+05  6.756e+05  4.309e+05  1.028e+06  8.831e+05  1.202e+06  1.502e+06  2.031e+06  1.678e+06  1.471e+06  1.756e+06  2.146e+06  1.423e+06   1.45e+06  1.717e+06  1.732e+06  1.638e+06  1.629e+06  1.979e+06  2.415e+06  1.836e+06  2.325e+06  1.522e+06 -2.164e+06 -8.841e+05  6.595e+05 -7.553e+05 -1.682e+04  5.602e+05  -1.92e+06  2.708e+05 -7.981e+05  4.601e+05  6.257e+05  1.275e+06  1.076e+06    4.4e+05  7.501e+05  1.102e+06  2.533e+05  7.832e+05  2.837e+05  1.213e+06  1.528e+06  7.004e+05  1.215e+06  1.556e+06  1.637e+06  1.694e+06  9.678e+05  1.837e+06  1.009e+06  1.272e+06  1.441e+06  1.512e+06   9.07e+05  1.852e+06  1.681e+06  2.011e+06  6.033e+05  1.134e+06  5.775e+05  1.078e+06   1.17e+06  1.354e+06  1.961e+06  1.144e+06  8.452e+05  1.114e+06  1.749e+06  4.121e+05
  4.069e+05  5.358e+05  5.232e+05  3.535e+05   5.32e+05   3.76e+05 -4.571e+04  2.641e+05      -4431  1.573e+05  1.001e+05 -2.536e+04 -8.261e+06 -3.913e+07 -3.152e+05 -2.066e+06 -4.442e+05  3.623e+05  2.841e+05  3.202e+05 -7.133e+05  3.451e+04  1.388e+05  3.849e+05 -1.116e+06 -8.903e+04  3.324e+05  3.631e+05  2.289e+05  4.206e+05  5.659e+05  8.734e+04  3.472e+05  1.939e+05  4.124e+05  3.687e+05 -8.318e+05  1.459e+05 -2.536e+05  9.922e+04 -4.261e+04  2.839e+05 -2.291e+04 -3.202e+04  2.902e+05  4.792e+05   5.77e+05  5.404e+05  6.227e+05 -4.529e+05 -1.896e+05  1.873e+05 -2.023e+05  3.187e+05  4.548e+05  3.164e+05  2.886e+05  3.375e+05  2.765e+05  4.859e+05  5.247e+05  4.611e+05    4.6e+05  6.282e+05  6.231e+05   6.89e+05  4.974e+05  7.209e+05  7.248e+05  6.775e+05  2.971e+05  4.632e+05  5.035e+05  6.077e+05  6.073e+05  5.486e+05  7.513e+05  8.757e+05  8.281e+05  7.295e+05  8.644e+05  8.706e+05  7.385e+05  7.297e+05  9.566e+05  9.787e+05  9.304e+05  1.079e+06  1.101e+06  1.213e+06  5.812e+05  1.369e+06  8.036e+05 -5.307e+05  1.247e+04   3.78e+05  3.314e+04  3.678e+05  4.047e+05 -3.747e+05  3.429e+05  2.297e+05  3.858e+05   1.22e+05   4.95e+05   4.55e+05  1.548e+05  2.924e+05  4.824e+05   1.36e+05  3.846e+05   1.61e+05  4.531e+05  2.555e+05  5.696e+05  2.793e+05  3.955e+05  7.743e+05  2.784e+05  4.783e+05  6.162e+05  1.356e+06  4.337e+05  8.995e+05  4.765e+05  3.699e+05  6.252e+05  8.018e+05   8.73e+05 -6.922e+04  4.764e+05   1.74e+05  2.804e+05   2.34e+05  4.694e+05  2.561e+05  6.337e+05  6.611e+05  4.516e+05   6.42e+05  2.411e+05
  8.078e+05  1.083e+06  1.199e+06  8.915e+05  1.035e+06  6.927e+05  1.075e+05  3.399e+05  3.441e+05  5.646e+05  4.948e+05  2.426e+05 -2.509e+07 -3.152e+05 -4.767e+07 -5.879e+06  -1.07e+06  3.014e+05  3.009e+05  3.535e+05 -1.133e+06  4.202e+04  4.551e+05  3.025e+05 -1.995e+06 -1.879e+05  2.662e+05  7.585e+05  6.257e+05    6.8e+05  5.129e+05  1.269e+05  4.823e+05  -1.87e+05  3.123e+05  4.068e+05 -1.005e+06  2.917e+05 -6.615e+05  3.287e+05 -4.662e+05  2.693e+05 -2.599e+05  5.008e+05  3.199e+05  9.964e+05  7.589e+05  6.251e+05  8.762e+05 -1.071e+06 -1.486e+06  2.084e+05 -1.353e+06  2.952e+04  3.156e+05  5.508e+05 -4.393e+05  6.579e+05 -8.666e+05  4.448e+05  9.974e+05   9.46e+05  1.186e+06  1.002e+06  1.023e+06  1.663e+06  1.228e+06  9.279e+05  1.047e+06  1.044e+06  5.035e+05   6.76e+05  7.575e+05  9.629e+05  1.147e+06  1.184e+06  1.417e+06  1.685e+06  1.652e+06  1.233e+06  1.568e+06  1.654e+06  1.385e+06  1.405e+06  1.684e+06  1.623e+06  1.445e+06  1.759e+06  1.044e+06  2.048e+06  1.553e+06  1.997e+06  1.327e+06 -7.055e+05 -2.093e+05  7.482e+05 -1.874e+05  1.781e+05  6.398e+05 -6.391e+05  3.682e+05  -4.43e+04  8.779e+05   1.21e+06  1.047e+06  1.044e+06   8.23e+05   8.06e+05   8.96e+05  8.003e+05  9.613e+05  6.773e+05  1.081e+06  8.699e+05  1.282e+06  1.049e+06  1.711e+06  1.489e+06  1.475e+06  8.589e+05  1.456e+06  1.192e+06  9.436e+05  1.112e+06    1.4e+06  1.156e+06  1.184e+06  1.259e+06  1.731e+06  9.874e+05  1.216e+06  1.117e+06  1.236e+06  8.978e+05  1.316e+06  2.007e+06  7.961e+05  1.164e+06  5.994e+05  1.128e+06  3.502e+05
  -3.37e+05  1.434e+06  1.316e+06  9.349e+05  1.587e+06 -8.762e+05 -2.674e+07 -3.695e+05 -1.359e+07 -7.647e+05 -3.405e+06 -5.714e+07 -1.529e+07 -2.066e+06 -5.879e+06 -3.299e+08 -9.831e+06 -1.047e+06 -4.785e+04 -2.674e+05 -9.706e+06 -2.897e+06  -4.66e+05 -3.184e+05 -1.104e+07 -3.268e+06 -1.145e+06  1.393e+05 -3.112e+05  1.866e+06  1.391e+06 -2.789e+06 -4.854e+05 -1.523e+06 -5.347e+05  3.333e+05 -8.088e+06 -1.509e+06 -4.162e+06  1.488e+04 -3.805e+06  -4.74e+05 -3.045e+06  2.284e+05  -6.22e+05  1.198e+06  9.845e+05  1.833e+06  1.662e+06 -1.191e+07 -6.495e+06 -7.151e+05 -7.002e+06 -1.441e+06 -2.444e+04  2.206e+05 -4.889e+06 -7.061e+05 -5.407e+06 -9.634e+05  1.149e+06  1.412e+06  1.518e+06  6.438e+05  1.004e+06  2.984e+06  2.352e+06   1.01e+06  1.115e+06  1.169e+06 -2.764e+06  1.832e+05 -1.771e+06  7.394e+05 -6.457e+05  9.879e+05  1.027e+06  1.658e+06   1.65e+06  1.491e+06  1.748e+06  1.388e+06  1.078e+06    1.4e+06  1.286e+06  1.882e+06  2.134e+06  1.511e+06  2.245e+06  2.147e+06  2.553e+06   2.02e+06  1.617e+06 -6.293e+06 -2.938e+06 -3.926e+05 -1.868e+06 -4.986e+05 -4.597e+05 -5.903e+06 -5.972e+05 -3.062e+06       8629 -8.983e+05  9.391e+05  1.387e+06  6.635e+05  1.104e+06  6.233e+05 -1.444e+06    1.1e+06 -7.148e+05  1.148e+06   2.71e+06 -2.384e+06  2.154e+06  5.194e+05  2.158e+06  2.375e+06  1.102e+06   1.61e+06   2.78e+06   1.17e+06  2.284e+06   8.74e+05  1.935e+06  1.923e+06  2.961e+06  2.001e+06 -7.629e+05  1.499e+06  6.477e+05  7.673e+05   1.11e+06  1.783e+06  1.751e+06   1.34e+06  2.372e+06  3.176e+06  2.028e+06  4.547e+05
  9.501e+05  1.886e+06  2.126e+06  1.753e+06  1.746e+06  6.295e+05 -3.936e+06 -3.695e+04 -2.116e+06  2.463e+05 -1.569e+05 -4.107e+06 -2.695e+06 -4.442e+05  -1.07e+06 -9.831e+06 -4.407e+08  4.741e+05  2.255e+05  4.473e+05 -2.122e+08 -4.388e+06 -1.029e+06 -7.822e+05 -9.098e+07 -9.525e+06 -2.165e+06 -5.677e+05  5.336e+04  1.091e+06  1.846e+06  -5.19e+06 -2.203e+06 -3.775e+06 -1.356e+06 -9.214e+05 -2.304e+07 -4.329e+06 -1.021e+07 -4.882e+05 -9.135e+06 -1.543e+06 -4.929e+06  -8.47e+05 -1.883e+06 -1.084e+05 -4.433e+05  1.624e+06  6.951e+05 -4.884e+07 -1.299e+07 -1.135e+06 -1.034e+07  -2.46e+06 -4.418e+05   1.47e+05  -7.48e+06 -1.578e+06 -7.167e+06 -1.915e+06  4.776e+05  1.133e+06  1.443e+06  1.826e+05  1.178e+06  1.754e+06  2.864e+06  4.261e+05  1.479e+06  1.345e+06 -3.839e+06 -1.029e+05 -1.706e+06  8.178e+05 -6.724e+05  9.748e+05  1.056e+06  1.851e+06  1.497e+06   1.74e+06  2.242e+06  1.523e+06  1.428e+06  1.758e+06  2.088e+06  1.914e+06  1.978e+06  1.996e+06    2.1e+06  2.121e+06  2.954e+06  2.452e+06  1.941e+06   -1.2e+07 -6.086e+06 -8.208e+05  -3.26e+06 -1.173e+06 -3.226e+05 -8.317e+06 -9.352e+05 -4.997e+06 -3.899e+04 -7.769e+05  2.012e+06  1.217e+06 -7.942e+05  7.888e+05  1.066e+06 -1.496e+06  4.149e+05 -3.615e+05  1.885e+06      -9566  1.578e+05  1.674e+06  2.793e+06   1.53e+06  7.502e+05  3.566e+06  2.405e+06  2.626e+06  3.288e+06  3.507e+06  1.435e+06  7.952e+05  1.885e+06  2.915e+06  4.723e+06 -5.982e+05  1.735e+06  4.817e+05  1.611e+06  1.193e+06  1.505e+06  2.123e+06  2.671e+06  1.295e+06  3.001e+06  2.061e+06  6.395e+05
  5.967e+05  9.904e+05  1.209e+06  9.379e+05  9.872e+05  4.531e+05 -7.564e+05  6.121e+04  1.421e+05  3.742e+05  7.909e+05 -6.299e+05  7.587e+04  3.623e+05  3.014e+05 -1.047e+06  4.741e+05 -6.052e+07 -7.831e+06 -1.352e+07 -7.009e+06 -1.147e+06 -5.154e+04 -1.373e+05  -3.66e+06 -1.019e+06 -5.025e+05   2.59e+05  5.229e+05  1.422e+06  9.333e+05 -1.503e+06 -8.041e+04 -1.171e+06 -2.633e+05  2.095e+05  -2.94e+06 -3.666e+05 -2.229e+06       8338 -2.177e+06 -2.244e+05 -1.169e+06  3.953e+05 -4.703e+05  7.183e+05  5.165e+05  1.136e+06  7.392e+05 -9.673e+05 -3.367e+06 -2.465e+05  -2.72e+06   -6.8e+05  2.791e+05  1.986e+05 -1.487e+06  2.028e+05 -1.942e+06   -8.3e+04  7.375e+05  9.319e+05  1.057e+06   6.91e+05  7.488e+05  1.575e+06  1.676e+06   7.76e+05  8.383e+05  7.625e+05 -8.196e+05  2.463e+05 -2.923e+05  5.169e+05   2.12e+05  7.315e+05  6.807e+05  8.936e+05  1.177e+06  9.756e+05  1.211e+06  7.721e+05  8.568e+05  8.079e+05  8.886e+05   1.08e+06  1.226e+06  1.308e+06  1.545e+06  1.425e+06  1.867e+06   1.43e+06  9.737e+05 -1.265e+06 -3.082e+05  3.844e+05 -9.525e+04  4.472e+04  6.584e+05 -1.148e+06  8.479e+04 -3.638e+05  5.012e+05  1.579e+06  1.162e+06  1.167e+06  6.197e+05  8.326e+05  7.809e+05   3.72e+05  9.562e+05  7.562e+05  1.289e+06   6.53e+05  7.546e+05  1.362e+06   1.51e+06  1.678e+06  1.551e+06  1.265e+06  2.175e+06  2.036e+06  9.473e+05  2.607e+06   5.51e+05  1.651e+06  1.238e+06  1.862e+06  1.654e+06  8.001e+05  1.353e+06  5.314e+05  1.488e+06  1.087e+06  1.657e+06  6.002e+05  1.826e+06  1.776e+06  1.525e+06  1.442e+06  3.656e+05
  3.798e+05  5.263e+05  5.946e+05  5.233e+05  5.327e+05  2.954e+05  6.115e+04  1.514e+05  3.502e+05  3.389e+05  5.704e+05       2038  2.698e+05  2.841e+05  3.009e+05 -4.785e+04  2.255e+05 -7.831e+06 -1.605e+07  5.714e+05 -1.305e+06 -1.153e+05  2.723e+05  9.788e+04 -9.585e+05 -1.229e+05  7.397e+04  4.773e+05  4.529e+05  8.065e+05  8.055e+05 -2.339e+05  1.343e+05 -2.488e+05  1.093e+05  2.894e+05 -7.887e+05  1.436e+05 -5.249e+05  1.354e+05 -4.967e+05  6.983e+04 -2.059e+05  4.799e+05  -1.36e+04  5.394e+05    2.9e+05  6.901e+05  6.814e+05 -6.573e+04 -7.581e+05  1.353e+05 -5.165e+05 -5.041e+04  2.349e+05   2.14e+05 -1.438e+05  3.521e+05 -1.485e+05  1.784e+05  4.405e+05  5.764e+05  6.358e+05  4.587e+05  5.266e+05  8.675e+05  8.193e+05  4.405e+05  5.437e+05  4.714e+05  5.406e+04  2.725e+05    2.3e+05  3.577e+05  3.715e+05  5.299e+05  5.134e+05  5.691e+05  6.656e+05  5.739e+05  6.188e+05  6.765e+05  5.285e+05  5.327e+05  4.895e+05  6.585e+05  6.978e+05  7.239e+05  8.606e+05  9.364e+05  8.307e+05  7.691e+05  6.106e+05 -3.013e+04  2.495e+05  3.741e+05  2.365e+05  2.983e+05  5.614e+05  8.064e+04  2.957e+05  1.932e+05  4.845e+05  1.334e+06  8.935e+05  8.284e+05  5.955e+05  5.736e+05  7.147e+05  5.248e+05  5.926e+05  6.363e+05  9.818e+05  5.748e+05  5.446e+05  8.112e+05  1.018e+06  7.779e+05  8.862e+05  9.913e+05  8.814e+05  9.854e+05   1.06e+06  1.261e+06  8.281e+05  8.533e+05  9.985e+05  1.096e+06  9.854e+05  5.645e+05  8.613e+05  6.468e+05  8.115e+05  7.363e+05  9.761e+05  7.144e+05  9.888e+05  1.101e+06  1.139e+06  1.203e+06  1.931e+05
  4.527e+05  6.686e+05   7.93e+05  6.364e+05  6.761e+05   4.02e+05 -1.341e+05  1.962e+05  3.328e+05   3.88e+05  5.996e+05      -5970  2.718e+05  3.202e+05  3.535e+05 -2.674e+05  4.473e+05 -1.352e+07  5.714e+05 -2.226e+07 -2.292e+06 -2.209e+05  2.144e+05  1.952e+05 -1.124e+06 -2.808e+05  2.698e+04  4.109e+05  4.135e+05  1.014e+06  5.505e+05 -4.964e+05  1.253e+05 -6.323e+04  1.376e+05  3.717e+05 -1.172e+06  9.876e+04 -6.856e+05  2.002e+05  -6.18e+05  1.937e+05 -2.055e+05  4.908e+05  6.669e+04  6.311e+05  5.183e+05  7.664e+05  8.766e+05  -1.69e+05 -1.046e+06  1.182e+05 -7.671e+05  4.953e+04  3.851e+05  3.038e+05 -3.422e+05  3.039e+05 -5.928e+05  2.861e+05  6.834e+05  7.152e+05   7.41e+05  5.648e+05  6.125e+05  9.724e+05  9.587e+05  6.667e+05   6.43e+05  6.192e+05 -1.425e+05  3.155e+05  1.007e+05  4.299e+05  3.358e+05  5.797e+05  5.373e+05  7.774e+05  7.758e+05  7.119e+05   8.73e+05  8.168e+05  7.532e+05  7.233e+05  7.189e+05  8.179e+05  9.388e+05  7.369e+05  9.257e+05    8.2e+05  1.097e+06  8.585e+05  7.824e+05  -6.55e+04  9.363e+04  4.373e+05  1.677e+05  3.081e+05  6.033e+05 -9.358e+04  2.607e+05  1.652e+05   4.17e+05  1.288e+06  8.307e+05  7.375e+05  5.914e+05  7.063e+05  5.788e+05  3.461e+05   7.28e+05   6.45e+05  8.753e+05  8.737e+05  7.318e+05  8.296e+05  8.119e+05  1.172e+06  9.582e+05  8.439e+05  1.162e+06  6.179e+05  1.088e+06  9.534e+05  8.385e+05  1.047e+06  7.556e+05   1.18e+06  1.502e+06   8.03e+05   9.01e+05  5.642e+05  9.452e+05  9.754e+05   1.01e+06  4.357e+05   1.15e+06  1.452e+06  1.101e+06   9.33e+05  2.695e+05
  1.007e+06  2.072e+06  2.112e+06  1.519e+06  2.204e+06  7.122e+05 -4.304e+06   3.15e+05 -2.724e+06      -4122 -5.846e+05 -4.897e+06 -3.021e+06 -7.133e+05 -1.133e+06 -9.706e+06 -2.122e+08 -7.009e+06 -1.305e+06 -2.292e+06 -8.326e+08 -8.382e+06 -1.866e+06 -1.476e+06 -1.862e+08 -1.356e+07 -3.543e+06 -2.598e+06 -1.166e+06  1.746e+06 -4.459e+05 -7.876e+06 -3.463e+06 -7.153e+06 -2.115e+06 -2.098e+06 -4.199e+07 -7.418e+06 -1.577e+07 -1.225e+06 -1.375e+07 -2.861e+06 -7.416e+06 -1.967e+06  -3.75e+06 -5.018e+05 -1.908e+06  1.163e+06  4.162e+05 -4.064e+07  -1.48e+07 -1.155e+06 -1.266e+07 -2.045e+06 -2.704e+05  2.642e+05 -7.653e+06 -1.514e+06 -6.987e+06 -1.373e+06  3.981e+05  1.592e+06   1.68e+06  9.043e+05  7.605e+05  1.044e+06  2.486e+06  6.342e+05  1.347e+06  1.395e+06 -3.703e+06  1.061e+05 -1.022e+06   1.16e+06  1.024e+05  1.628e+06  1.538e+06  2.029e+06  1.686e+06  2.135e+06   2.17e+06  1.611e+06  1.861e+06  1.714e+06  2.732e+06  2.215e+06  3.345e+06  2.514e+06  1.605e+06  3.248e+06  2.607e+06  2.437e+06  2.401e+06 -1.343e+07 -7.739e+06 -6.961e+05 -4.207e+06 -1.122e+06 -9.368e+05 -9.228e+06 -1.221e+06  -5.54e+06 -8.589e+05 -1.002e+06  2.142e+06  7.068e+05  1.031e+06  7.217e+05  9.584e+05 -2.415e+06  3.946e+05  1.802e+05  2.727e+06 -1.673e+06 -5.916e+05  9.173e+05  4.271e+06   1.88e+06 -3.999e+05  2.961e+06  9.666e+05 -9.144e+05  2.175e+06 -1.324e+06  5.316e+05  1.968e+06  2.124e+06   3.45e+06  3.329e+06 -3.186e+04   2.18e+06  8.855e+05  2.176e+06  2.499e+05  9.796e+05  -1.04e+06  1.287e+06  3.482e+06  3.408e+06 -7.303e+05  7.558e+05
  9.872e+05  1.473e+06  1.786e+06  1.376e+06  1.633e+06  7.997e+05 -1.821e+06  2.966e+05 -7.622e+05  2.534e+05  3.488e+05 -1.775e+06 -5.296e+05  3.451e+04  4.202e+04 -2.897e+06 -4.388e+06 -1.147e+06 -1.153e+05 -2.209e+05 -8.382e+06 -2.015e+08 -2.677e+07 -1.309e+07 -3.683e+07 -5.966e+06  -2.34e+06 -6.638e+05 -6.706e+05  1.358e+06 -1.457e+05 -3.871e+06 -1.096e+06 -2.886e+06 -1.113e+06 -7.839e+05 -1.048e+07 -2.896e+06 -6.487e+06 -4.028e+05 -5.499e+06 -1.241e+06  -3.07e+06 -5.535e+05 -1.446e+06   2.22e+05  1.712e+05  1.679e+06  1.141e+06 -3.937e+06 -6.932e+06 -4.722e+05 -6.036e+06 -7.387e+05  5.408e+05  4.667e+05  -3.96e+06 -2.378e+05 -3.428e+06 -3.485e+05  9.753e+05   1.37e+06    1.2e+06  7.163e+05  1.192e+06  2.253e+06    2.1e+06  6.467e+05  1.144e+06  1.317e+06 -1.845e+06  3.953e+05 -8.537e+05  9.074e+05  1.536e+05  1.197e+06  8.693e+05  1.956e+06  2.035e+06  1.601e+06  1.866e+06  1.019e+06  1.567e+06  1.548e+06  2.036e+06   2.03e+06  2.203e+06  1.942e+06  2.745e+06  1.963e+06  2.775e+06  2.225e+06  1.746e+06 -4.319e+06 -2.301e+06 -2.219e+05 -1.573e+06 -5.001e+05  9.924e+04 -3.398e+06 -1.314e+05 -1.511e+06 -4.425e+05  1.063e+05  1.295e+06  6.044e+05  5.814e+05  1.021e+06  8.449e+05 -2.822e+05   4.43e+05  5.125e+05  1.103e+06   9.79e+05 -2.265e+05  1.511e+06  9.201e+05   1.85e+06  2.227e+06   1.88e+06  2.045e+06  1.469e+06  1.316e+06  1.884e+06   3.09e+05  1.192e+06  1.023e+06  1.474e+06  2.037e+06  2.436e+04  1.612e+06  3.884e+05  1.424e+06  1.326e+06  2.037e+06  2.061e+06  2.214e+06  2.468e+06  2.113e+06  1.061e+06  5.751e+05
