
 34

((((((amblysomus_hottentotus: 2.006597, eremitalpa_granti: 1.916118): 0.000000, chrysochloris_asiatica: 1.420764): 2.727702, ((((((microgale_majori: 0.500540, microgale_longicaudata: 0.563630): 0.708589, microgale_principula: 0.605605): 0.768678, microgale_pusilla: 0.364325): 0.689111, microgale_brevicaudata: 2.628597): 2.939659, oryzorictes: 4.960783): 1.575257, echinops_telfairi: 2.762268): 2.346492): 0.477002, (((((elephantulus_brachyrhynchus: 0.308535, elephantulus_rufescens: 0.575511): 2.552996, (elephantulus_rupestris: 0.830605, elephantulus_intufi: 2.282531): 0.931556): 0.020955, (elephantulus_sp_vb001: 2.254337, elephantulus_edwardii: 3.001249): 1.189286): 0.296441, (((macroscelides_flavicaudatus: 1.383765, macroscelides_proboscideus: 0.896841): 1.869804, macroscelides_micus: 2.372555): 0.887342, (petrosaltator_rozeti: 3.593995, petrodromus_tetradactylus: 2.697580): 1.062718): 0.466973): 0.679110, rhynchocyon_udzungwensis: 4.414675): 0.918037): 0.399003, orycteropus_afer: 4.211208): 0.484265, ((((loxodonta_africana: 0.077868, loxodonta_cyclotis: 0.058077): 0.033521, (elephas_maximus: 0.023461, elephas_maximus_indicus: 0.021555): 0.066504): 3.411297, (trichechus_manatus: 0.946887, dugong_dugon: 0.865956): 1.766986): 0.986228, (procavia_capensis: 0.690355, dendrohyrax_dorsalis: 0.714247): 3.300714): 0.457840, ((zaglossus_bruijni: 0.197255, tachyglossus_aculeatus: 0.113413): 1.269778, ornithorhynchus_anatinus: 1.939212): 5.123405);

  0.484265  0.399003  0.477002  2.727702  0.000000  2.006597  1.916118  1.420764  2.346492  1.575257  2.939659  0.689111  0.768678  0.708589  0.500540  0.563630  0.605605  0.364325  2.628597  4.960783  2.762268  0.918037  0.679110  0.296441  0.020955  2.552996  0.308535  0.575511  0.931556  0.830605  2.282531  1.189286  2.254337  3.001249  0.466973  0.887342  1.869804  1.383765  0.896841  2.372555  1.062718  3.593995  2.697580  4.414675  4.211208  0.457840  0.986228  3.411297  0.033521  0.077868  0.058077  0.066504  0.023461  0.021555  1.766986  0.946887  0.865956  3.300714  0.690355  0.714247  5.123405  1.269778  0.197255  0.113413  1.939212

  0.000000  0.000000  0.000000  0.000000 -0.024829  0.000000  0.000000  0.000000  0.000000  0.000000  0.000000  0.000000  0.000000  0.000000  0.000000  0.000000  0.000000  0.000000  0.000000  0.000000  0.000000  0.000000  0.000000  0.000000  0.000000  0.000000  0.000000  0.000000  0.000000  0.000000  0.000000  0.000000  0.000000  0.000000  0.000000  0.000000  0.000000  0.000000  0.000000  0.000000  0.000000  0.000000  0.000000  0.000000  0.000000  0.000000  0.000000  0.000000  0.000000  0.000000  0.000000  0.000000  0.000000  0.000000  0.000000  0.000000  0.000000  0.000000  0.000000  0.000000  0.000000  0.000000  0.000000  0.000000  0.000000


Hessian

     -38.64     -12.31     -5.464     -2.193     0.3162    0.06909     0.7847     0.5565     -1.522   -0.01698   0.007634     -0.118      0.518     0.1044    -0.0116     0.3688     0.5449     0.4963    0.03173   -0.05791     -1.564     -2.844     -2.886     -1.081    -0.4809    -0.3659     0.1297    -0.1594    0.02611    -0.1606   -0.01977     -1.147    -0.9207    0.07741       -1.5     -1.426     -1.731    0.08411     -1.402     0.1807    -0.1765   -0.00141     -0.178   -0.01848     -3.552      -17.5     -5.744    -0.7268      52.44      55.12      55.07      50.56      49.46    -0.5264     -2.165      3.508      2.731      -2.23      4.415      4.434     -1.282     0.9714       30.8      26.51      1.299
     -12.31     -36.77     -10.06     -3.788   0.005339    -0.1455   -0.06438    -0.6469     -1.749   0.002728    -0.3551    -0.2784      1.368      1.181     -1.218     0.3419      1.903       1.59     0.1251    -0.1065     -1.603     -6.071     -5.358     -1.674    -0.2742    -0.1932      0.324    -0.1931   -0.05107    -0.8779   -0.04912     -1.423     -1.355    0.09223     -1.316     -1.354     -1.888     0.2278     -1.123     0.1657   -0.09324     0.1545    -0.2087   0.006321     -3.341     -9.714     -4.075     -0.329      51.84      45.97      62.09      50.75      52.07      6.982     -1.247      3.314      1.798      -1.93      5.331      5.267    -0.9472     0.2633       33.7      32.75     0.3496
     -5.464     -10.06      -27.4     -8.284    0.05816     -0.205     0.1594     -1.173     -3.579    0.06891    -0.1356     0.2413     0.5092     0.6255      -0.11     0.6817      1.253       1.25     0.3333    -0.1331     -3.307     -2.769     -2.633    -0.7839   -0.04928    -0.2141    -0.6298    -0.7903    -0.1631   -0.07091   -0.09553    -0.7343    -0.6933    0.01893    -0.8166     -1.058     -0.946    -0.2511    -0.6257    -0.1959  0.0001352    0.01557    0.01041    0.02001     -1.547     -3.856     -2.267    -0.2808      49.61      61.51      59.64      50.09       48.3      8.714    -0.3513      0.683      2.053     -1.415      3.767      4.398    -0.7461     0.7574      28.27      28.14     0.5704
     -2.193     -3.788     -8.284     -15.54   0.002086    -0.1644    -0.0232     -1.541    -0.6641     0.1073   -0.03847     0.2093     0.4109    0.04469    -0.1428     0.5143     0.5138     0.6017    0.06915    0.03957    -0.5694     -1.307     -1.191    -0.3309  -0.006247    -0.2602    -0.4511   -0.02899     0.1617     0.1637     0.1573    -0.2573    -0.5377    0.04114     -0.579     -0.708    -0.7597    -0.1773    -0.5257    -0.2057    -0.1158   -0.07423    0.05719    0.05562       -1.4     -1.452     -1.136    -0.5266      28.32      34.76      44.29      29.07      24.69      7.577    -0.7357       2.82      2.353    -0.2756      3.263      3.892    -0.4802     0.2957      22.74      21.46    -0.2694
     0.3162   0.005339    0.05816   0.002086     -11.82    -0.3755     -21.13     -14.29      0.194   0.007485   0.006252     0.2023     0.5271     -0.229     0.2488      0.393    -0.3149     0.6247     0.3007    0.04659   -0.01259    -0.1205    -0.1495     0.3118    0.08975    0.04568     0.5185    0.09669    0.06606    -0.1467     0.1215     0.2277      0.272   -0.04578     0.2359    -0.1157      0.206    0.06859     0.3148    -0.2038     0.1091   -0.06146   -0.02974   -0.02579    -0.2579     0.3897     0.2362    0.05889      20.85      37.74      22.45      21.55      29.42       9.82       0.28      2.321      2.401     0.5617      2.157      2.771   -0.02557     0.3312      11.32      11.56     0.1228
    0.06909    -0.1455     -0.205    -0.1644    -0.3755     -3.032    -0.3523    -0.6418    0.08116  1.263e-09  4.937e-10  9.785e-10  3.457e-09  4.248e-09 -2.203e-09  3.521e-09 -9.425e-10   3.87e-09 -1.937e-10 -8.824e-11    0.08116     0.0237     0.0237    -0.1004    -0.3558    -0.3558  1.104e-09    -0.3558    9.8e-12    2.9e-09   1.86e-09   -0.04617   -0.04617 -7.154e-10    -0.1382    -0.1382    -0.1382 -1.351e-09    -0.1382  3.377e-10  2.346e-09  9.715e-10 -6.348e-10  5.821e-10   -0.05427     0.1081    0.01957  -0.003345      4.113      7.478      12.09      4.031      4.031 -2.749e-08    0.08806     0.2312     0.3217    0.07304     0.6539     0.3808   -0.04206     0.0332    -0.7407    -0.3224   -0.02602
     0.7847   -0.06438     0.1594    -0.0232     -21.13    -0.3523     -41.95      -25.1     0.4632    0.01426    0.01191     0.3853      1.004    -0.4362     0.4739     0.7486    -0.5998       1.19     0.5728    0.08873    0.06966   -0.06208    -0.1173     0.4743   -0.03942    -0.1234     0.9876   -0.02621     0.1258    -0.2794     0.2313     0.2949     0.3795    -0.0872     0.2183    -0.4514     0.1613     0.1306     0.3686    -0.3882     0.2079    -0.1171   -0.05665   -0.04912    -0.3077     0.7409     0.6504     0.4984      43.28      71.83      47.03      44.63       59.6       18.7     0.6069      4.474      4.884      1.194      4.158      5.151    0.02084     0.4165       22.6      22.99    0.01424
     0.5565    -0.6469     -1.173     -1.541     -14.29    -0.6418      -25.1     -48.09    0.04434   -0.08622    0.04529     0.3692     0.8805    -0.6143     0.6738     0.6017     -1.091     0.7968     0.5782   -0.06478   -0.08685    -0.5341    -0.4543     0.3294    0.02681    -0.1613    -0.1224    -0.5658    0.07438     0.2343     0.0835     0.2666    -0.2817    -0.1781     0.3464      0.157     0.3085     0.1121     0.7992     -0.283    0.05643     0.1009   -0.09846    -0.1483    -0.5514      1.093     0.7892     0.7082       59.9      75.58      69.49      61.44      71.24      15.18     0.4112      4.678      4.542     0.9309      3.916      4.268     0.1861      1.192      25.17      26.24     0.6154
     -1.522     -1.749     -3.579    -0.6641      0.194    0.08116     0.4632    0.04434     -8.849   -0.09118   0.002164     0.1417    -0.5498   -0.05825    -0.1419     0.3404   -0.03401   -0.07594     0.1503  -0.009489     -7.677    -0.7936    -0.6919    -0.6966    -0.0429     0.1314     0.1037    -0.2475     -0.283   -0.08736   -0.05099    -0.8438    -0.6939    -0.1083    -0.3048    -0.3238    -0.3698   -0.06337    -0.4205    -0.1524    0.03826     0.1212    -0.1346    0.08518    -0.6516     -1.264     -1.318   -0.03283      33.26      28.74      37.72      35.16      32.11    -0.5481     -0.468    -0.1157     0.4649    -0.8598      2.891      2.555    -0.3336     0.7529      21.94      22.39     0.6922
   -0.01698   0.002728    0.06891     0.1073   0.007485  1.263e-09    0.01426   -0.08622   -0.09118     -1.216    -0.3494    -0.1615     -0.115     -0.746     0.1348      0.104     -0.428   -0.09909    0.09948    -0.1562     -0.264    -0.0289    -0.0289     0.0391 -4.179e-10  8.772e-10 -2.985e-09 -1.002e-08  -6.88e-11 -3.481e-10  6.308e-10     0.0391     0.0391 -2.872e-10   -0.06557   -0.06557   -0.06557  2.615e-09   -0.06557  7.105e-10  2.069e-09  4.382e-11   9.82e-10  1.835e-09    -0.0811    0.06909     -0.021    0.04417      2.937      4.671      2.891       2.86       2.86   4.07e-09     -0.125     0.3522     0.7146    -0.0869     0.3666     0.3392    0.01831    0.09157      3.647      3.849      0.017
   0.007634    -0.3551    -0.1356   -0.03847   0.006252  4.937e-10    0.01191    0.04529   0.002164    -0.3494    -0.9455     -0.386    0.05922   -0.01872     0.3532    -0.3718    0.09571    0.06864     0.0624    -0.1571   -0.09341   -0.01837   -0.01837   -0.04726   2.24e-10  9.856e-11  -6.89e-10  9.896e-10 -3.867e-10  1.487e-09  1.499e-09   -0.04726   -0.04726 -7.333e-10   -0.01605   -0.01605   -0.01605 -9.251e-10   -0.01605  8.832e-10  7.826e-10 -3.523e-10  7.346e-10 -2.019e-10   -0.03041     0.0143     0.1256    0.09805       3.15      3.163      4.024      3.093      3.093 -2.103e-08    0.02342     0.1381     0.2022    0.03945    -0.1023     0.1387    0.03847     0.1152      2.316       2.62    0.06674
     -0.118    -0.2784     0.2413     0.2093     0.2023  9.785e-10     0.3853     0.3692     0.1417    -0.1615     -0.386      -4.86     0.2439     0.3619   -0.03455      -1.12     0.7316     -1.012     -2.655    0.03231     0.1589    0.04834    0.04834    -0.2294  3.951e-11   7.01e-10 -3.823e-09 -1.015e-08 -6.045e-10 -2.835e-09 -1.457e-10    -0.2294    -0.2294  6.677e-10   -0.04176   -0.04176   -0.04176  1.026e-09   -0.04176  9.371e-11  4.484e-09 -2.581e-10  1.858e-10  5.288e-10     0.0708   -0.08598     0.2289   -0.02045      5.243      4.517      13.17      5.154      5.154 -9.764e-09     0.2728      1.034      1.173     0.1688     0.7253     0.8647   -0.01353    -0.4289      3.208      4.768    -0.6325
      0.518      1.368     0.5092     0.4109     0.5271  3.457e-09      1.004     0.8805    -0.5498     -0.115    0.05922     0.2439     -20.51     -1.069     0.4644    -0.1914     -5.438     -15.31    -0.0883   -0.08729     0.1081     0.4308     0.4308     0.2614 -4.343e-09  3.107e-09  -1.02e-08 -7.517e-09 -3.581e-09  4.251e-10 -4.499e-10     0.2614     0.2614  1.155e-10    -0.4265    -0.4265    -0.4265 -1.903e-09    -0.4265 -2.072e-09  7.527e-10 -1.499e-09  1.235e-10 -3.362e-09    0.07566     0.5614       0.93        0.8      7.144      1.401      2.425      7.033      7.033  1.402e-08     0.5724    -0.3675    -0.4103     0.5449     0.3848    -0.5639      0.347   -0.07542      10.56      12.67     0.4021
     0.1044      1.181     0.6255    0.04469     -0.229  4.248e-09    -0.4362    -0.6143   -0.05825     -0.746   -0.01872     0.3619     -1.069     -26.43     -1.385     -2.301     -6.638    -0.7675     0.5922     0.2468   0.005276     0.6199     0.6199     0.2616  5.383e-09 -1.001e-09 -1.176e-08 -1.659e-08 -2.207e-09 -5.421e-09 -4.234e-10     0.2616     0.2616 -7.473e-10     0.4362     0.4362     0.4362 -7.702e-10     0.4362 -4.283e-09 -5.934e-09 -2.285e-09  3.462e-09 -6.526e-10    -0.0331     0.2074    -0.3444      0.571      5.982      16.24      15.06      5.849      5.849  5.105e-08     0.1902      1.745      1.358     0.5297    -0.4817    -0.1168     0.2105     0.3329      6.982      8.054      1.097
    -0.0116     -1.218      -0.11    -0.1428     0.2488 -2.203e-09     0.4739     0.6738    -0.1419     0.1348     0.3532   -0.03455     0.4644     -1.385     -46.57     -14.76    -0.5623      0.483     0.2975     0.6103     0.4304     0.5934     0.5934     0.2686 -2.506e-09 -2.689e-09 -1.484e-08  2.603e-09  1.383e-10 -2.199e-09 -6.936e-10     0.2686     0.2686 -3.631e-09     0.3725     0.3725     0.3725 -3.481e-10     0.3725 -1.918e-09  2.033e-10 -1.629e-09  3.341e-09  7.074e-10     0.1438   -0.06101      1.049     0.6925      2.193      34.94      38.53      3.079      3.079 -7.139e-08      1.421      -1.62     -1.026     0.0505      1.108     0.8586     0.1656     0.6415     -1.529      3.683    -0.2412
     0.3688     0.3419     0.6817     0.5143      0.393  3.521e-09     0.7486     0.6017     0.3404      0.104    -0.3718      -1.12    -0.1914     -2.301     -14.76     -47.49     -1.825    -0.1733    -0.2819     0.3664     0.8021     -1.184     -1.184   -0.07895  2.473e-09 -3.985e-10  1.889e-09  1.541e-08  1.489e-09  1.244e-09  8.515e-10   -0.07895   -0.07895  1.383e-09    -0.1709    -0.1709    -0.1709 -7.442e-09    -0.1709 -2.562e-09  -3.77e-09 -5.605e-09  3.579e-09 -2.637e-09      0.393     0.4305     0.8955    -0.2206    -0.1139      42.97      44.23      2.049      2.049  2.321e-08      0.918       1.21      1.901     0.2189     0.2297    -0.7129     0.4931     0.8084     0.2098      1.479    -0.5001
     0.5449      1.903      1.253     0.5138    -0.3149 -9.425e-10    -0.5998     -1.091   -0.03401     -0.428    0.09571     0.7316     -5.438     -6.638    -0.5623     -1.825     -32.79     -4.639     0.6596     0.1093     0.5054      0.595      0.595     0.6888 -1.021e-09 -8.482e-10 -4.385e-09 -5.169e-09 -2.953e-09  4.431e-09  1.443e-09     0.6888     0.6888  8.436e-10     0.5284     0.5284     0.5284  1.331e-09     0.5284 -4.262e-09 -3.018e-10  1.554e-09   7.27e-10  1.954e-09     0.2179     0.1641   -0.08811     0.5092     -2.685      21.99      0.102     -2.717     -2.717  2.139e-08     -1.504      1.265      1.473     0.4077     -0.704     -1.187     0.5222     0.6672      7.779      8.846     0.7316
     0.4963       1.59       1.25     0.6017     0.6247   3.87e-09       1.19     0.7968   -0.07594   -0.09909    0.06864     -1.012     -15.31    -0.7675      0.483    -0.1733     -4.639     -26.27     -1.197    -0.2181     0.1573     0.4104     0.4104     0.2939  1.348e-08  1.444e-09 -3.356e-09 -8.479e-09  7.507e-10  6.466e-10 -2.863e-09     0.2939     0.2939  8.785e-11    -0.2216    -0.2216    -0.2216 -3.414e-09    -0.2216  2.758e-10  1.958e-09  1.455e-09 -1.921e-09 -4.264e-09    0.09432     0.6417     0.9665     0.4364     -4.117      5.477      8.595     -3.923     -3.923  5.717e-09     0.8397      1.146     0.8842     0.6751      1.493      1.308     0.4194    -0.5797      12.09      13.92     0.2845
    0.03173     0.1251     0.3333    0.06915     0.3007 -1.937e-10     0.5728     0.5782     0.1503    0.09948     0.0624     -2.655    -0.0883     0.5922     0.2975    -0.2819     0.6596     -1.197     -3.325     0.1453     0.1502    0.09836    0.09836    -0.1503  5.118e-10  -1.03e-09 -1.898e-09 -8.734e-09  5.359e-10  6.435e-10  9.582e-10    -0.1503    -0.1503  2.858e-11    0.03518    0.03518    0.03518  8.653e-10    0.03518 -8.163e-10  6.627e-10 -4.158e-10 -2.538e-10  1.049e-09     0.1731    0.04854    0.03835   -0.01197      3.003     0.5898      6.045      2.903      2.903  1.203e-08     0.2498     0.7853     0.6743    0.08137     0.7306     0.8353    -0.1553    0.06488     -1.294     0.7375   -0.03933
   -0.05791    -0.1065    -0.1331    0.03957    0.04659 -8.824e-11    0.08873   -0.06478  -0.009489    -0.1562    -0.1571    0.03231   -0.08729     0.2468     0.6103     0.3664     0.1093    -0.2181     0.1453    -0.6704   -0.03836   -0.06794   -0.06794   -0.03179 -1.426e-09  1.164e-10 -1.243e-09 -1.451e-09  6.101e-11  1.824e-10 -1.725e-10   -0.03179   -0.03179 -1.085e-10    0.02769    0.02769    0.02769 -2.842e-11    0.02769  3.244e-10  1.997e-10  3.993e-11 -6.419e-11 -1.126e-10   0.008564     -0.119    0.01508    0.09096    -0.2933      2.289    -0.6552    -0.3057    -0.3057  1.818e-09   -0.06971    0.07979    0.07355    0.03072    0.06599     0.1217    0.05672     0.1367      1.814      1.816   -0.01878
     -1.564     -1.603     -3.307    -0.5694   -0.01259    0.08116    0.06966   -0.08685     -7.677     -0.264   -0.09341     0.1589     0.1081   0.005276     0.4304     0.8021     0.5054     0.1573     0.1502   -0.03836     -8.978    -0.7854    -0.6836    -0.5577    -0.0429     0.1314     0.1037    -0.2475     -0.283   -0.08736   -0.05099    -0.7049     -0.555    -0.1083    -0.2849    -0.3039    -0.3499   -0.06337    -0.4006    -0.1524    0.03826     0.1212    -0.1346    0.08518    -0.5301      -1.08     -1.031   -0.03761      32.61      28.01      29.86      34.49      31.43    -0.5481     -0.405   -0.08729       0.61    -0.8325      2.812      2.466    -0.3538     0.7156      21.79      19.22     0.6837
     -2.844     -6.071     -2.769     -1.307    -0.1205     0.0237   -0.06208    -0.5341    -0.7936    -0.0289   -0.01837    0.04834     0.4308     0.6199     0.5934     -1.184      0.595     0.4104    0.09836   -0.06794    -0.7854     -19.58     -17.74     -4.309    -0.8307    -0.2841       1.08     0.7365    -0.1061     0.1677    -0.5083      -3.37     -3.186    -0.1415      -2.86      -2.65     -2.722     0.1263     -2.442   0.004997    -0.3505   -0.06654    -0.1188     -0.106    -0.9823     -2.337      -1.63     -0.542      45.69         49      51.38      41.27      45.48      13.53    -0.8728      2.783      2.342     -1.221      3.981      3.755    -0.9619      1.038      25.15      26.03      1.693
     -2.886     -5.358     -2.633     -1.191    -0.1495     0.0237    -0.1173    -0.4543    -0.6919    -0.0289   -0.01837    0.04834     0.4308     0.6199     0.5934     -1.184      0.595     0.4104    0.09836   -0.06794    -0.6836     -17.74     -19.74      -5.85     -1.114    -0.2676     0.9734      1.024    -0.2446     0.1658    0.01682     -3.545     -3.234    0.08673     -3.096      -2.92     -3.033    -0.1613     -2.557    -0.0129    -0.2637    -0.2306    -0.1309    -0.3316     -1.098     -2.303     -1.462     -0.498      41.34      42.63      54.85      36.92      46.27      13.36    -0.9871      2.829      2.381     -1.181      3.686      2.741    -0.8941      1.112      27.41      27.18      1.694
     -1.081     -1.674    -0.7839    -0.3309     0.3118    -0.1004     0.4743     0.3294    -0.6966     0.0391   -0.04726    -0.2294     0.2614     0.2616     0.2686   -0.07895     0.6888     0.2939    -0.1503   -0.03179    -0.5577     -4.309      -5.85     -23.98     -6.304     -1.206     0.7474     0.5437     -1.836    -0.1293     0.4603     -10.42     -9.809     -0.347     -4.171     -2.831     -2.515     -0.446     -2.384    -0.5025     -0.554      0.181   -0.01966    -0.2656    -0.3015    -0.6896    -0.2258     0.2146      41.67      21.07      39.38      41.64      48.49      20.65    -0.2978      1.922      2.299    -0.2805      1.957     -1.047    -0.1436     0.7489      19.71      20.69       1.25
    -0.4809    -0.2742   -0.04928  -0.006247    0.08975    -0.3558   -0.03942    0.02681    -0.0429 -4.179e-10   2.24e-10  3.951e-11 -4.343e-09  5.383e-09 -2.506e-09  2.473e-09 -1.021e-09  1.348e-08  5.118e-10 -1.426e-09    -0.0429    -0.8307     -1.114     -6.304      -10.6     -1.912     0.6654    -0.3928     -2.738     -1.365     0.1429     -1.613    -0.8085      -0.48     -1.939    -0.7008    -0.5602     -1.002    -0.6025    -0.5122    -0.3464     0.0924    -0.0221    -0.3709    0.07919    -0.2684    -0.1922    0.05761      10.99      15.28      9.963      10.86      21.11       20.5     0.1673   -0.02435      0.521    0.01247    -0.1484    -0.7647    0.08185     0.2519       9.57      8.439     0.4989
    -0.3659    -0.1932    -0.2141    -0.2602    0.04568    -0.3558    -0.1234    -0.1613     0.1314  8.772e-10  9.856e-11   7.01e-10  3.107e-09 -1.001e-09 -2.689e-09 -3.985e-10 -8.482e-10  1.444e-09  -1.03e-09  1.164e-10     0.1314    -0.2841    -0.2676     -1.206     -1.912     -3.972    -0.2844     -0.587    -0.4531    -0.1078     0.4481    -0.5564    -0.3069    0.06208    -0.2875    -0.2072    -0.2137    -0.2892    -0.5645   -0.08652     -0.156     0.1248     -0.182   -0.07038    0.01575    -0.1934    -0.2424   -0.01024       3.92      11.49     -6.556       3.86     0.2106     -2.138    -0.1918    -0.1314     0.2143   -0.03879    -0.1583    -0.6413    0.05837    -0.1832      5.633      5.266    0.05612
     0.1297      0.324    -0.6298    -0.4511     0.5185  1.104e-09     0.9876    -0.1224     0.1037 -2.985e-09  -6.89e-10 -3.823e-09  -1.02e-08 -1.176e-08 -1.484e-08  1.889e-09 -4.385e-09 -3.356e-09 -1.898e-09 -1.243e-09     0.1037       1.08     0.9734     0.7474     0.6654    -0.2844     -49.03      -32.9     -0.463      0.907      1.665     0.2129     0.2218      0.708     -1.009    -0.4249     0.7725     0.1091    -0.2865     0.5118    0.04081    -0.1088    0.09046     0.3539    -0.2929      0.534      0.475    0.00737      23.64     -24.61      35.14      27.01     -108.1      19.04     0.4179     0.4036     0.7727     0.1765    -0.2733      0.754     0.5512     0.1795      10.31      10.05   -0.05111
    -0.1594    -0.1931    -0.7903   -0.02899    0.09669    -0.3558   -0.02621    -0.5658    -0.2475 -1.002e-08  9.896e-10 -1.015e-08 -7.517e-09 -1.659e-08  2.603e-09  1.541e-08 -5.169e-09 -8.479e-09 -8.734e-09 -1.451e-09    -0.2475     0.7365      1.024     0.5437    -0.3928     -0.587      -32.9     -42.74    -0.3201     0.1443      1.535   -0.08433    -0.1359     0.7894     0.1963     0.5917      1.188      1.073      0.676     0.4795     0.3194     0.3519     -0.461     0.7132    -0.6115     0.4241     0.2022    -0.1743      22.06      6.126      38.69      24.84     -75.76      27.73    0.07161     -1.195       -0.2    0.06408     -0.243    -0.1018     0.4469     0.3906      16.86      16.77     0.4966
    0.02611   -0.05107    -0.1631     0.1617    0.06606    9.8e-12     0.1258    0.07438     -0.283  -6.88e-11 -3.867e-10 -6.045e-10 -3.581e-09 -2.207e-09  1.383e-10  1.489e-09 -2.953e-09  7.507e-10  5.359e-10  6.101e-11     -0.283    -0.1061    -0.2446     -1.836     -2.738    -0.4531     -0.463    -0.3201     -6.227     -2.284     0.0981    -0.9224    -0.3701      -0.19    -0.6273    -0.3625   -0.08691   0.008359    -0.3009    -0.2319    -0.1206   -0.06086     0.1104    -0.1862    0.09486    0.02818     0.1099  -0.005173      7.208      11.57      6.579      7.793      -22.7      12.55     0.4097     0.1443     0.4741     0.1044     0.1035     0.2709     0.0162   -0.04739      2.577      3.125      0.301
    -0.1606    -0.8779   -0.07091     0.1637    -0.1467    2.9e-09    -0.2794     0.2343   -0.08736 -3.481e-10  1.487e-09 -2.835e-09  4.251e-10 -5.421e-09 -2.199e-09  1.244e-09  4.431e-09  6.466e-10  6.435e-10  1.824e-10   -0.08736     0.1677     0.1658    -0.1293     -1.365    -0.1078      0.907     0.1443     -2.284     -8.808     -1.404    -0.4413    -0.5861   -0.08681    -0.1214    -0.1368    0.04749     0.5607     0.5136     0.1725    -0.1442     0.2943    -0.1461   -0.02857    -0.1182    -0.6638    -0.1098    -0.3518       3.86      3.918      4.128      7.134      19.61      22.76     0.2903     0.3887     0.1733   -0.03174      1.182      1.384     0.2213   -0.06791      4.573      4.827    -0.4106
   -0.01977   -0.04912   -0.09553     0.1573     0.1215   1.86e-09     0.2313     0.0835   -0.05099  6.308e-10  1.499e-09 -1.457e-10 -4.499e-10 -4.234e-10 -6.936e-10  8.515e-10  1.443e-09 -2.863e-09  9.582e-10 -1.725e-10   -0.05099    -0.5083    0.01682     0.4603     0.1429     0.4481      1.665      1.535     0.0981     -1.404     -4.111    -0.3001    -0.4284    -0.1523     0.2947  -0.008739    -0.0346     0.5101     0.3814    0.04491    -0.1157   -0.04277    -0.1281    -0.1304   -0.08425   -0.02013      0.183    -0.1583      5.724      12.06       2.09        4.7      16.55      11.99     0.2629     0.2115      0.214     0.1055     0.9989      1.351   -0.05982    0.02833        1.5      1.907    -0.1337
     -1.147     -1.423    -0.7343    -0.2573     0.2277   -0.04617     0.2949     0.2666    -0.8438     0.0391   -0.04726    -0.2294     0.2614     0.2616     0.2686   -0.07895     0.6888     0.2939    -0.1503   -0.03179    -0.7049      -3.37     -3.545     -10.42     -1.613    -0.5564     0.2129   -0.08433    -0.9224    -0.4413    -0.3001     -14.34     -11.03     -0.465     -1.966     -1.616     -1.303     0.2963     -1.323   -0.04995    -0.2031     0.1867   -0.07693    -0.1131    -0.2368    -0.7019    -0.4395     0.3369      29.28      38.28      42.72      28.38      35.63      9.288    -0.2347      1.876      1.232    -0.3175     0.9841    0.04039    -0.3539     0.6596      15.97       17.5     0.5073
    -0.9207     -1.355    -0.6933    -0.5377      0.272   -0.04617     0.3795    -0.2817    -0.6939     0.0391   -0.04726    -0.2294     0.2614     0.2616     0.2686   -0.07895     0.6888     0.2939    -0.1503   -0.03179     -0.555     -3.186     -3.234     -9.809    -0.8085    -0.3069     0.2218    -0.1359    -0.3701    -0.5861    -0.4284     -11.03     -13.21    -0.2072     -1.476     -1.223     -1.417     0.5238    -0.9493    -0.2162     -0.143     0.1308  -0.005379   -0.03164    -0.1135    -0.5757    -0.5975     0.3035      25.96      31.56      37.91      25.66      20.62      3.183    -0.1606      1.584       1.47   -0.04646     0.9713      1.169    -0.5157     0.7586      13.92      13.87      0.489
    0.07741    0.09223    0.01893    0.04114   -0.04578 -7.154e-10    -0.0872    -0.1781    -0.1083 -2.872e-10 -7.333e-10  6.677e-10  1.155e-10 -7.473e-10 -3.631e-09  1.383e-09  8.436e-10  8.785e-11  2.858e-11 -1.085e-10    -0.1083    -0.1415    0.08673     -0.347      -0.48    0.06208      0.708     0.7894      -0.19   -0.08681    -0.1523     -0.465    -0.2072      -2.09    -0.3914   -0.09493     0.3369     0.3014     0.4121    -0.1291    -0.1005    0.07399  -0.005351    0.04707    0.02597     0.1554     0.1215    -0.1151      5.376      9.238      8.108      4.687      2.116        4.3     0.1508     0.7179     0.4816   0.001382     0.2362    0.08542    0.00398     0.2158     0.8856       2.73    0.07977
       -1.5     -1.316    -0.8166     -0.579     0.2359    -0.1382     0.2183     0.3464    -0.3048   -0.06557   -0.01605   -0.04176    -0.4265     0.4362     0.3725    -0.1709     0.5284    -0.2216    0.03518    0.02769    -0.2849      -2.86     -3.096     -4.171     -1.939    -0.2875     -1.009     0.1963    -0.6273    -0.1214     0.2947     -1.966     -1.476    -0.3914     -16.23     -11.13     -9.278    0.06581     -8.958   0.004415    -0.3095      0.041    -0.1001     -0.121    -0.3264     -1.402    -0.2807    -0.1158      22.79      32.12      33.77      24.24      39.57      15.39   -0.03742      1.557      2.606     -0.566      1.113      1.149    -0.3187     0.4132      22.42      22.88     0.6715
     -1.426     -1.354     -1.058     -0.708    -0.1157    -0.1382    -0.4514      0.157    -0.3238   -0.06557   -0.01605   -0.04176    -0.4265     0.4362     0.3725    -0.1709     0.5284    -0.2216    0.03518    0.02769    -0.3039      -2.65      -2.92     -2.831    -0.7008    -0.2072    -0.4249     0.5917    -0.3625    -0.1368  -0.008739     -1.616     -1.223   -0.09493     -11.13     -13.96     -10.04  -0.008989     -9.164     -0.677    -0.3187    -0.2095    -0.1716    -0.1332    -0.2968     -1.255    -0.2559    0.01451      28.41      37.14      37.83      28.94      39.45      15.95     0.0722      1.491      2.367    -0.7546      1.229      1.054     -0.364      0.427      23.46      23.75     0.8505
     -1.731     -1.888     -0.946    -0.7597      0.206    -0.1382     0.1613     0.3085    -0.3698   -0.06557   -0.01605   -0.04176    -0.4265     0.4362     0.3725    -0.1709     0.5284    -0.2216    0.03518    0.02769    -0.3499     -2.722     -3.033     -2.515    -0.5602    -0.2137     0.7725      1.188   -0.08691    0.04749    -0.0346     -1.303     -1.417     0.3369     -9.278     -10.04     -12.39     0.0933     -9.628    -0.4755     0.1201    -0.1047     -0.233    -0.1944    -0.3683     -1.775    -0.8496   -0.06128      19.49      35.46       33.4      17.06      34.96      10.89    -0.1943      1.117      1.914     -0.603     0.9749       1.18    -0.5458     0.2239      25.61      25.75     0.6176
    0.08411     0.2278    -0.2511    -0.1773    0.06859 -1.351e-09     0.1306     0.1121   -0.06337  2.615e-09 -9.251e-10  1.026e-09 -1.903e-09 -7.702e-10 -3.481e-10 -7.442e-09  1.331e-09 -3.414e-09  8.653e-10 -2.842e-11   -0.06337     0.1263    -0.1613     -0.446     -1.002    -0.2892     0.1091      1.073   0.008359     0.5607     0.5101     0.2963     0.5238     0.3014    0.06581  -0.008989     0.0933     -8.267     -4.872    -0.0624     0.1894    0.04475     0.2756   -0.07596    0.09895     0.2705     0.1149     0.2815      13.22     -4.748      -3.49      10.22      1.707     -26.07      -0.04     0.7423     0.1146    0.08352     0.6852      1.052     0.1232      0.388      1.007     0.3134      0.376
     -1.402     -1.123    -0.6257    -0.5257     0.3148    -0.1382     0.3686     0.7992    -0.4205   -0.06557   -0.01605   -0.04176    -0.4265     0.4362     0.3725    -0.1709     0.5284    -0.2216    0.03518    0.02769    -0.4006     -2.442     -2.557     -2.384    -0.6025    -0.5645    -0.2865      0.676    -0.3009     0.5136     0.3814     -1.323    -0.9493     0.4121     -8.958     -9.164     -9.628     -4.872     -19.24   0.006756     0.1171    -0.1735     0.3005    -0.1058   0.008606      -1.11    -0.7443    -0.3382      28.41      35.77      24.25      22.07         15      -22.5    -0.3065      1.172      2.215    -0.4307     0.7027      1.118    -0.2789    -0.1531      24.35      25.63     0.5114
     0.1807     0.1657    -0.1959    -0.2057    -0.2038  3.377e-10    -0.3882     -0.283    -0.1524  7.105e-10  8.832e-10  9.371e-11 -2.072e-09 -4.283e-09 -1.918e-09 -2.562e-09 -4.262e-09  2.758e-10 -8.163e-10  3.244e-10    -0.1524   0.004997    -0.0129    -0.5025    -0.5122   -0.08652     0.5118     0.4795    -0.2319     0.1725    0.04491   -0.04995    -0.2162    -0.1291   0.004415     -0.677    -0.4755    -0.0624   0.006756     -2.739     0.1167   -0.03279   -0.03688     0.1216   -0.08897     0.2394     0.1806   0.009171      10.45      15.01      4.983      10.53      18.79       16.2     0.4173     0.4542     0.2717     0.1005     0.4546     0.3877   -0.08883    0.08388      3.339      2.096       0.22
    -0.1765   -0.09324  0.0001352    -0.1158     0.1091  2.346e-09     0.2079    0.05643    0.03826  2.069e-09  7.826e-10  4.484e-09  7.527e-10 -5.934e-09  2.033e-10  -3.77e-09 -3.018e-10  1.958e-09  6.627e-10  1.997e-10    0.03826    -0.3505    -0.2637     -0.554    -0.3464     -0.156    0.04081     0.3194    -0.1206    -0.1442    -0.1157    -0.2031     -0.143    -0.1005    -0.3095    -0.3187     0.1201     0.1894     0.1171     0.1167     -3.016    -0.4566    -0.9131    -0.1356    0.02251    -0.1682    -0.2248      0.196      1.029      5.487     0.5899      2.732      7.029     -2.609    -0.2896    0.07478     0.1171    -0.1755     0.2474    -0.1499    0.04641     0.2559    -0.6549      1.424     0.1991
   -0.00141     0.1545    0.01557   -0.07423   -0.06146  9.715e-10    -0.1171     0.1009     0.1212  4.382e-11 -3.523e-10 -2.581e-10 -1.499e-09 -2.285e-09 -1.629e-09 -5.605e-09  1.554e-09  1.455e-09 -4.158e-10  3.993e-11     0.1212   -0.06654    -0.2306      0.181     0.0924     0.1248    -0.1088     0.3519   -0.06086     0.2943   -0.04277     0.1867     0.1308    0.07399      0.041    -0.2095    -0.1047    0.04475    -0.1735   -0.03279    -0.4566     -1.286     -0.115   -0.06024  -0.005392   -0.02387    -0.0709     0.1239      4.378      7.801      1.974      4.926      5.169      4.816   -0.05743   -0.02181     0.1102    -0.1653    -0.2802    -0.2234   -0.08182     0.1735      2.564      2.622     0.1574
     -0.178    -0.2087    0.01041    0.05719   -0.02974 -6.348e-10   -0.05665   -0.09846    -0.1346   9.82e-10  7.346e-10  1.858e-10  1.235e-10  3.462e-09  3.341e-09  3.579e-09   7.27e-10 -1.921e-09 -2.538e-10 -6.419e-11    -0.1346    -0.1188    -0.1309   -0.01966    -0.0221     -0.182    0.09046     -0.461     0.1104    -0.1461    -0.1281   -0.07693  -0.005379  -0.005351    -0.1001    -0.1716     -0.233     0.2756     0.3005   -0.03688    -0.9131     -0.115      -1.78    -0.0396   -0.03575    -0.5315   -0.07125     0.1111      4.101      4.589      4.357      5.518      9.674     -3.594    -0.1038    0.00457    0.06479    -0.1757    -0.2579    -0.1559    0.08878     0.4164      2.666      1.849     0.4623
   -0.01848   0.006321    0.02001    0.05562   -0.02579  5.821e-10   -0.04912    -0.1483    0.08518  1.835e-09 -2.019e-10  5.288e-10 -3.362e-09 -6.526e-10  7.074e-10 -2.637e-09  1.954e-09 -4.264e-09  1.049e-09 -1.126e-10    0.08518     -0.106    -0.3316    -0.2656    -0.3709   -0.07038     0.3539     0.7132    -0.1862   -0.02857    -0.1304    -0.1131   -0.03164    0.04707     -0.121    -0.1332    -0.1944   -0.07596    -0.1058     0.1216    -0.1356   -0.06024    -0.0396     -1.044     -0.148    0.02024    0.02994     0.1515     -1.756      3.533      3.249     -2.368      9.667      2.002    0.06807      0.154     0.1404    0.02822     0.5418     0.4672    0.03274    -0.2219      3.203      2.776    0.04613
     -3.552     -3.341     -1.547       -1.4    -0.2579   -0.05427    -0.3077    -0.5514    -0.6516    -0.0811   -0.03041     0.0708    0.07566    -0.0331     0.1438      0.393     0.2179    0.09432     0.1731   0.008564    -0.5301    -0.9823     -1.098    -0.3015    0.07919    0.01575    -0.2929    -0.6115    0.09486    -0.1182   -0.08425    -0.2368    -0.1135    0.02597    -0.3264    -0.2968    -0.3683    0.09895   0.008606   -0.08897    0.02251  -0.005392   -0.03575     -0.148     -11.65     -2.648     -1.824    -0.2886      26.69      38.97      30.68      24.03      28.74       6.57     -1.218      1.444      1.329     -0.855      3.192      2.615    -0.3204      1.186      24.29      27.38     0.9023
      -17.5     -9.714     -3.856     -1.452     0.3897     0.1081     0.7409      1.093     -1.264    0.06909     0.0143   -0.08598     0.5614     0.2074   -0.06101     0.4305     0.1641     0.6417    0.04854     -0.119      -1.08     -2.337     -2.303    -0.6896    -0.2684    -0.1934      0.534     0.4241    0.02818    -0.6638   -0.02013    -0.7019    -0.5757     0.1554     -1.402     -1.255     -1.775     0.2705      -1.11     0.2394    -0.1682   -0.02387    -0.5315    0.02024     -2.648     -33.07     -9.383    -0.8871      51.34      49.42      47.14      49.67      45.81     -4.836     -3.015      1.954      1.421     -3.633      2.287      2.274     -1.844     0.8085       29.3      26.38     0.9902
     -5.744     -4.075     -2.267     -1.136     0.2362    0.01957     0.6504     0.7892     -1.318     -0.021     0.1256     0.2289       0.93    -0.3444      1.049     0.8955   -0.08811     0.9665    0.03835    0.01508     -1.031      -1.63     -1.462    -0.2258    -0.1922    -0.2424      0.475     0.2022     0.1099    -0.1098      0.183    -0.4395    -0.5975     0.1215    -0.2807    -0.2559    -0.8496     0.1149    -0.7443     0.1806    -0.2248    -0.0709   -0.07125    0.02994     -1.824     -9.383     -31.21     -2.211      55.34      45.02      51.31      55.57      52.55      6.151     -7.909      2.589        2.5     -4.181      2.454      2.521     -0.682      1.566      26.95      26.95      1.909
    -0.7268     -0.329    -0.2808    -0.5266    0.05889  -0.003345     0.4984     0.7082   -0.03283    0.04417    0.09805   -0.02045        0.8      0.571     0.6925    -0.2206     0.5092     0.4364   -0.01197    0.09096   -0.03761     -0.542     -0.498     0.2146    0.05761   -0.01024    0.00737    -0.1743  -0.005173    -0.3518    -0.1583     0.3369     0.3035    -0.1151    -0.1158    0.01451   -0.06128     0.2815    -0.3382   0.009171      0.196     0.1239     0.1111     0.1515    -0.2886    -0.8871     -2.211     -17.34      29.78      32.45      34.23      33.91      28.67     0.5041     -5.073      2.765      2.762    -0.8557      4.042       2.89   -0.09145     0.3876      23.67      23.31     0.3794
      52.44      51.84      49.61      28.32      20.85      4.113      43.28       59.9      33.26      2.937       3.15      5.243      7.144      5.982      2.193    -0.1139     -2.685     -4.117      3.003    -0.2933      32.61      45.69      41.34      41.67      10.99       3.92      23.64      22.06      7.208       3.86      5.724      29.28      25.96      5.376      22.79      28.41      19.49      13.22      28.41      10.45      1.029      4.378      4.101     -1.756      26.69      51.34      55.34      29.78 -1.477e+04     -987.8      -2042 -1.398e+04 -1.178e+04     -96.54      41.72      31.86      40.95      47.05      44.08       40.5      21.46      33.05        332      291.5       39.2
      55.12      45.97      61.51      34.76      37.74      7.478      71.83      75.58      28.74      4.671      3.163      4.517      1.401      16.24      34.94      42.97      21.99      5.477     0.5898      2.289      28.01         49      42.63      21.07      15.28      11.49     -24.61      6.126      11.57      3.918      12.06      38.28      31.56      9.238      32.12      37.14      35.46     -4.748      35.77      15.01      5.487      7.801      4.589      3.533      38.97      49.42      45.02      32.45     -987.8 -2.347e+04      -5898     -965.9     -660.9     -452.4       40.8      80.39      87.91      52.36      87.71      85.94      26.93      43.98      64.07      54.84      29.21
      55.07      62.09      59.64      44.29      22.45      12.09      47.03      69.49      37.72      2.891      4.024      13.17      2.425      15.06      38.53      44.23      0.102      8.595      6.045    -0.6552      29.86      51.38      54.85      39.38      9.963     -6.556      35.14      38.69      6.579      4.128       2.09      42.72      37.91      8.108      33.77      37.83       33.4      -3.49      24.25      4.983     0.5899      1.974      4.357      3.249      30.68      47.14      51.31      34.23      -2042      -5898 -2.968e+04      -2012      -1645      -34.3      48.91      69.31       94.8      46.59      81.79      103.4      31.82      64.77     -92.07     -230.7      56.41
