
 72

((monodelphis_domestica: 0.013522, (notamacropus_eugenii: 0.012889, sarcophilus_harrisii: 0.017993): 0.002597): 0.021396, (((choloepus_hoffmanni: 0.015842, dasypus_novemcinctus: 0.018718): 0.004502, (echinops_telfairi: 0.028885, (procavia_capensis: 0.015798, loxodonta_africana: 0.012770): 0.002493): 0.003682): 0.000530, (((sorex_araneus: 0.025845, erinaceus_europaeus: 0.024353): 0.004455, ((sus_scrofa: 0.009121, (vicugna_pacos: 0.013003, (tursiops_truncatus: 0.008640, (bos_taurus: 0.003365, (ovis_aries: 0.003386, capra_hircus: 0.001627): 0.002059): 0.007214): 0.001301): 0.000257): 0.003203, ((pteropus_vampyrus: 0.011586, myotis_lucifugus: 0.020857): 0.002791, (equus_caballus: 0.010903, ((felis_catus: 0.000701, (panthera_tigris_altaica: 0.001442, panthera_pardus: 0.000381): 0.000446): 0.004702, (canis_familiaris: 0.006825, (mustela_putorius_furo: 0.007102, ailuropoda_melanoleuca: 0.006713): 0.001070): 0.001320): 0.003466): 0.000313): 0.000201): 0.000545): 0.001695, (((oryctolagus_cuniculus: 0.013511, ochotona_princeps: 0.018526): 0.007046, (((fukomys_damarensis: 0.008289, heterocephalus_glaber_female: 0.007297): 0.002673, ((cavia_porcellus: 0.000637, cavia_aperea: 0.005410): 0.009687, (chinchilla_lanigera: 0.006226, octodon_degus: 0.010165): 0.001203): 0.001902): 0.007639, (ictidomys_tridecemlineatus: 0.010418, (dipodomys_ordii: 0.019806, (jaculus_jaculus: 0.017239, (nannospalax_galili: 0.010670, (((mesocricetus_auratus: 0.006531, cricetulus_griseus_chok1gshd: 0.004224): 0.002315, (peromyscus_maniculatus_bairdii: 0.006572, microtus_ochrogaster: 0.007514): 0.000464): 0.001864, ((mus_pahari: 0.002816, (mus_caroli: 0.001384, (mus_musculus: 0.000660, mus_spretus: 0.000727): 0.000697): 0.001140): 0.002491, rattus_norvegicus: 0.007342): 0.004076): 0.006127): 0.002670): 0.002534): 0.001498): 0.000404): 0.001669): 0.000951, (tupaia_belangeri: 0.018018, ((otolemur_garnettii: 0.012505, (propithecus_coquereli: 0.004637, microcebus_murinus: 0.005578): 0.002871): 0.002651, (carlito_syrichta: 0.014210, (((aotus_nancymaae: 0.003231, callithrix_jacchus: 0.002937): 0.000117, (saimiri_boliviensis_boliviensis: 0.003009, cebus_capucinus: 0.002609): 0.000337): 0.003080, (((chlorocebus_sabaeus: 0.001168, ((papio_anubis: 0.000859, (cercocebus_atys: 0.001175, mandrillus_leucophaeus: 0.000869): 0.000130): 0.000131, (macaca_nemestrina: 0.000683, (macaca_mulatta: 0.000672, macaca_fascicularis: 0.000247): 0.000123): 0.000404): 0.000347): 0.000416, (colobus_angolensis_palliatus: 0.001602, (rhinopithecus_roxellana: 0.000418, rhinopithecus_bieti: 0.000985): 0.000987): 0.000578): 0.001752, (nomascus_leucogenys: 0.003028, (pongo_abelii: 0.002451, (gorilla_gorilla: 0.001131, ((pan_troglodytes: 0.000403, pan_paniscus: 0.000602): 0.000546, homo_sapiens: 0.000692): 0.000146): 0.000712): 0.000221): 0.000807): 0.001320): 0.004008): 0.000804): 0.001129): 0.000276): 0.001617): 0.001565): 0.029386, ornithorhynchus_anatinus: 0.084783);

  0.021396  0.013522  0.002597  0.012889  0.017993  0.029386  0.000530  0.004502  0.015842  0.018718  0.003682  0.028885  0.002493  0.015798  0.012770  0.001565  0.001695  0.004455  0.025845  0.024353  0.000545  0.003203  0.009121  0.000257  0.013003  0.001301  0.008640  0.007214  0.003365  0.002059  0.003386  0.001627  0.000201  0.002791  0.011586  0.020857  0.000313  0.010903  0.003466  0.004702  0.000701  0.000446  0.001442  0.000381  0.001320  0.006825  0.001070  0.007102  0.006713  0.001617  0.000951  0.007046  0.013511  0.018526  0.001669  0.007639  0.002673  0.008289  0.007297  0.001902  0.009687  0.000637  0.005410  0.001203  0.006226  0.010165  0.000404  0.010418  0.001498  0.019806  0.002534  0.017239  0.002670  0.010670  0.006127  0.001864  0.002315  0.006531  0.004224  0.000464  0.006572  0.007514  0.004076  0.002491  0.002816  0.001140  0.001384  0.000697  0.000660  0.000727  0.007342  0.000276  0.018018  0.001129  0.002651  0.012505  0.002871  0.004637  0.005578  0.000804  0.014210  0.004008  0.003080  0.000117  0.003231  0.002937  0.000337  0.003009  0.002609  0.001320  0.001752  0.000416  0.001168  0.000347  0.000131  0.000859  0.000130  0.001175  0.000869  0.000404  0.000683  0.000123  0.000672  0.000247  0.000578  0.001602  0.000987  0.000418  0.000985  0.000807  0.003028  0.000221  0.002451  0.000712  0.001131  0.000146  0.000546  0.000403  0.000602  0.000692  0.084783

 -0.747687  1.019976 -2.805309  4.165205  0.521471 11.327300 -27.878344 -9.392011  3.703868  3.620273  4.741600 11.966428 -23.671096 14.623573 19.743372 23.293180 15.777800 -3.430609 -2.278726 16.310712 40.592852 -2.710780  9.773558 -11.750275  7.980111 12.658830 10.267593 11.798556  9.551174 15.242305 -4.891506  5.225533 64.928081 -4.810822  1.933377  4.150940  6.275151  0.128979  7.619749  7.795767 54.993313  7.046970 41.560867 54.079941 29.186370 14.439390  9.954503 10.523708 12.794308 52.311602 24.879912 -6.963794 12.763627  9.793043 29.827051 10.915539  3.315958  1.856570  6.287114  1.942769  5.423636 25.157611  4.946501  4.771946 36.013549  3.909072 -9.747008  7.456715  0.195285  4.420058  2.731168  9.164554 -2.266376  3.667533 10.487623  4.908235 -3.122015  7.550281  3.153178 -50.565974  8.910077  7.755521 26.796681 30.276379 34.715087 41.415271 41.191252 40.465686 43.473400 45.629551 36.287992 -23.947001  3.183639 20.279939  9.799475  4.884247 -5.154042 26.503627 -2.056068 -9.882701 -0.881543 32.271375 18.420709  6.276380 27.589769 32.101524 19.448769 27.633021 30.885889 32.888166 24.906489 24.483589 32.400128 29.503367 128.412534 35.825152 126.913438 35.730127 35.908549 32.843779 38.344295 34.957548 109.077677 10.456171 65.480724 31.800300 -1.646816 25.935801  4.810200  0.763069 -4.048307  6.899577 29.636544  3.015337 29.666317  6.127208 17.341064 116.815242  6.459491 38.204372  5.159786


Hessian

 -7.033e+07 -3.163e+06  -1.04e+07 -1.994e+06 -5.698e+05 -3.047e+07 -3.524e+05  1.143e+06  1.316e+06  2.376e+06  -7.15e+05  1.307e+06  5.385e+05  1.058e+06  2.485e+06 -1.981e+06 -5.354e+05  1.607e+05  8.866e+05  8.038e+05 -1.673e+06 -4.264e+05  9.204e+05   2.65e+05  1.134e+06 -1.588e+05  2.106e+06   1.77e+05  2.534e+06   1.38e+06  4.186e+06   4.09e+06 -5.521e+06  3.197e+05  1.389e+06  2.169e+06 -3.318e+06  1.773e+06  -7.08e+05 -2.045e+04  2.763e+06  8.288e+05  4.308e+06  2.585e+06 -1.617e+05  7.701e+05 -1.365e+05  1.307e+06  2.637e+06  -1.25e+06 -2.628e+06  2.188e+05  2.183e+06  1.127e+06 -1.509e+06 -3.617e+05 -1.874e+05  1.799e+06  1.426e+06  5.188e+05  1.233e+06  3.569e+06  3.929e+06  1.298e+06  1.311e+06   1.74e+06 -2.582e+06  2.144e+05 -1.516e+06  1.289e+06 -1.959e+06  1.146e+06 -1.002e+06  6.658e+05  1.409e+05 -2.098e+04  4.657e+05  1.965e+06  1.416e+06 -4.132e+05  1.296e+06   1.27e+06      -6648 -1.175e+05  9.829e+05  4.588e+05  8.834e+05  1.877e+05   2.71e+06  1.392e+06   2.13e+06 -2.456e+06  1.027e+06 -1.172e+06 -5.825e+05  1.571e+06  1.133e+06  2.303e+06  1.733e+06 -2.038e+06  1.109e+06 -3.983e+05  9.048e+04  2.091e+06  2.996e+06  1.604e+06  1.786e+06  2.017e+06  3.086e+06  1.025e+05       8958  8.842e+05  2.551e+06  3.615e+06  4.646e+05  4.234e+06  4.374e+06  5.577e+06  4.175e+06   3.72e+06  3.833e+06  4.138e+06  5.817e+06  4.748e+06  1.195e+06  3.246e+06  2.139e+06  4.644e+06  5.013e+06  3.985e+05  3.256e+06  3.526e+05   3.21e+06  1.296e+06  2.575e+06  1.384e+06  3.486e+06  3.616e+06  4.557e+06  3.055e+06  4.691e+05
 -3.163e+06 -1.647e+08 -3.603e+07 -5.465e+06 -4.506e+06   -8.1e+05   1.82e+06  2.124e+06  1.577e+06  2.322e+06  1.604e+06  2.022e+06  1.451e+06  1.932e+06  2.211e+06  1.726e+06  1.378e+06   1.67e+06  1.334e+06  1.553e+06  7.751e+05  2.162e+06  1.378e+06  1.415e+06  1.442e+06  2.421e+06  2.614e+06  1.732e+06  1.529e+06  2.379e+06  3.248e+06   1.98e+06  8.604e+05  2.567e+06  2.694e+06  2.871e+06  2.851e+05  2.054e+06  5.913e+05  1.152e+06  2.029e+06 -6.952e+05  1.931e+06 -3.255e+05  8.214e+05  1.593e+06  3.086e+05  1.366e+06  2.161e+06   1.22e+06   4.31e+05   1.68e+06  2.306e+06  1.839e+06  6.265e+05  1.631e+06  1.879e+06  2.296e+06  2.602e+06  2.252e+06  1.645e+06  3.298e+06  2.805e+06 -2.321e+05  1.703e+06  2.207e+06  1.432e+06  1.579e+06  1.526e+06  2.014e+06  7.473e+05  2.138e+06  1.475e+06  1.909e+06  1.449e+06  1.518e+05  8.087e+05  2.093e+06  1.824e+06 -1.961e+06  1.482e+06   1.23e+06  7.662e+05  4.027e+05   2.18e+06  7.966e+05   1.61e+06 -1.922e+05   1.15e+05  5.825e+05  1.755e+06  6.606e+05  1.704e+06  1.631e+06  9.077e+05  1.915e+06  1.946e+06  1.909e+06   1.92e+06  5.444e+05  1.682e+06  1.601e+06  1.556e+06 -2.631e+06  3.128e+06  7.463e+05  1.793e+06  2.234e+06  3.294e+06  1.369e+06   2.22e+06   6.35e+04  3.666e+05  8.303e+05  -5.99e+05  1.558e+06  3.115e+06  3.636e+06  2.464e+06  1.424e+06  1.192e+06  3.745e+06 -5.276e+05  1.451e+06  2.337e+06   1.97e+06  2.509e+06  2.655e+06  3.586e+06  1.104e+05  3.345e+06  1.675e+06  2.301e+06 -3.188e+05  3.255e+06  6.202e+05  1.649e+06  4.507e+06  1.838e+06  1.791e+06  8.794e+05
  -1.04e+07 -3.603e+07 -4.136e+08 -3.011e+07 -3.162e+07  -5.61e+06 -5.722e+05  1.986e+06  1.622e+06  2.684e+06  6.593e+05   1.73e+06  8.144e+05  1.125e+06  2.508e+06 -6.164e+05 -2.059e+06  8.544e+05  1.212e+06  1.469e+06 -9.732e+05 -8.344e+04  2.283e+06  9.304e+04  1.092e+06  1.029e+06  1.799e+06  1.025e+06  8.763e+05  2.564e+06  4.146e+06  4.228e+06  -8.37e+05  1.777e+06  2.105e+06  2.824e+06  2.649e+05  1.797e+06  2.808e+05 -1.771e+05  3.511e+06 -1.412e+06  4.067e+06  2.405e+06 -1.184e+06  5.979e+05 -4.664e+04  1.598e+06  2.604e+06 -8.399e+05 -1.503e+06  7.399e+05    2.4e+06  1.331e+06 -3.634e+05  1.006e+06  9.936e+05  2.121e+06  2.104e+06  2.441e+06  1.199e+06  3.592e+06  3.966e+06  8.826e+05  1.746e+06  2.141e+06 -5.385e+05  1.592e+06  1.472e+06  2.048e+06  5.623e+05  1.332e+06 -5.297e+05  1.321e+06  1.273e+06  1.135e+06  1.143e+06   2.53e+06  1.213e+06 -3.425e+06 -1.011e+05   2.12e+06 -1.289e+05    7.1e+05  2.341e+06 -6.305e+05  1.147e+06 -1.742e+05  2.262e+06  9.906e+05  1.617e+06 -2.136e+06  1.094e+06 -4.745e+05  8.086e+05  1.592e+06  1.868e+06  2.673e+06  1.812e+06 -1.249e+06  1.607e+06  2.596e+05  2.755e+05 -4.982e+05  2.906e+06  2.723e+06  3.831e+06  2.706e+06  3.355e+06 -2.704e+05  6.661e+05  2.794e+06  2.009e+06  2.478e+06 -7.562e+06  2.805e+06  3.984e+06    3.6e+06   4.95e+06  5.053e+06  1.547e+06  2.105e+06  4.515e+06  4.737e+06  1.915e+06  2.424e+06  2.993e+06  2.816e+06  3.273e+06 -1.073e+06  2.473e+06 -1.209e+04  2.578e+06  1.011e+06  3.299e+06  4.253e+06  3.088e+06  5.543e+06  3.646e+06  2.413e+06  1.074e+06
 -1.994e+06 -5.465e+06 -3.011e+07 -1.502e+08 -4.165e+06 -9.053e+05  1.112e+06  2.216e+06  9.632e+05   2.54e+06  1.102e+06  1.741e+06  1.246e+06  8.876e+05  2.605e+06  6.424e+05   1.34e+06  1.152e+06  1.305e+06  1.144e+06  8.914e+05  1.098e+06  2.031e+06  1.024e+06  7.202e+05  1.593e+06  2.382e+05  1.473e+06  2.485e+06  1.837e+06  2.628e+06  2.494e+06 -1.094e+05  1.266e+06  6.697e+05  2.345e+06  9.637e+05  2.139e+06  1.637e+06  1.738e+06  2.307e+06  1.422e+06  3.897e+06  1.356e+06  1.114e+06  2.034e+06  9.197e+05  2.447e+06  2.174e+06  2.525e+05  3.349e+05  1.428e+06  2.354e+06  9.219e+05  1.236e+04  1.304e+06  2.014e+06  2.047e+06  1.913e+06  1.952e+06  2.022e+06  2.764e+06  2.339e+06  1.382e+06  1.815e+06  1.121e+06 -6.364e+05  1.494e+06  1.163e+06  2.174e+06   1.51e+06  1.802e+06  1.618e+06  1.601e+06  1.848e+06  1.263e+06  1.879e+06  2.105e+06  1.782e+06   1.24e+06  1.459e+06  1.869e+06  1.544e+06  1.248e+06  2.114e+06  9.057e+05  1.812e+06  1.651e+06  8.411e+05  1.999e+06  2.437e+06  1.622e+06   1.27e+06  1.919e+05  1.499e+06  2.141e+06  1.872e+06  2.015e+06  1.897e+06  9.349e+05  2.106e+06  1.601e+06  1.177e+06 -2.271e+06  2.749e+06  1.864e+06  1.718e+06  2.138e+06  2.651e+06  1.081e+06  1.617e+06  1.135e+06  1.962e+06  2.468e+06  2.385e+06  1.648e+06  4.832e+06  2.723e+06  3.428e+06  3.378e+06  2.535e+06  2.281e+06  2.994e+06  1.244e+06  2.226e+06  2.347e+06  2.213e+06  1.328e+06  2.817e+06 -6.272e+05  2.082e+06     -193.8  1.085e+06  1.046e+06  2.077e+06  4.127e+05  1.892e+06  4.591e+06    2.5e+06  1.707e+06  1.248e+06
 -5.698e+05 -4.506e+06 -3.162e+07 -4.165e+06 -1.165e+08  6.798e+05  2.002e+06  2.263e+06  1.658e+06  1.978e+06  2.694e+06  2.227e+06  2.312e+06  2.127e+06   2.04e+06  1.596e+06  2.616e+06  2.096e+06  1.665e+06  1.952e+06  1.639e+06  2.751e+06  2.373e+06  3.022e+06  1.479e+06  2.322e+06  2.965e+06  2.381e+06  1.517e+06   2.51e+06   1.22e+06  1.912e+06  2.225e+06   2.86e+06   2.88e+06  2.125e+06  2.289e+06   2.41e+06  2.136e+06  2.749e+06  1.606e+06  5.966e+05  1.799e+06  3.899e+06  1.544e+06  1.608e+06  9.674e+05  1.786e+06  1.303e+06   2.93e+06  1.511e+06  2.585e+06  2.258e+06   2.13e+06   2.68e+06  2.636e+06   2.32e+06  2.109e+06  2.216e+06  1.997e+06  2.118e+06  2.881e+06  1.626e+06  2.078e+06  2.552e+06  2.486e+06  8.236e+05  1.932e+06  1.939e+06    2.1e+06  2.643e+06  2.336e+06  2.301e+06  2.116e+06  2.364e+06  1.988e+06  2.132e+06  2.224e+06   1.98e+06  2.765e+06  2.213e+06  2.621e+06  2.509e+06  1.636e+06  3.362e+06  3.306e+06  2.131e+06  2.882e+06  2.456e+06  2.731e+06   2.55e+06  1.456e+06  1.751e+06  2.482e+06  2.087e+06  2.051e+06  2.841e+06  2.632e+06  2.122e+06  1.299e+06  1.603e+06  1.797e+06  2.599e+06 -1.371e+06  1.548e+06   2.18e+06  3.161e+06  1.347e+06   2.77e+06  2.686e+06   1.07e+06  2.259e+06  1.061e+06  1.625e+06 -2.431e+05  1.093e+06 -2.027e+06   3.65e+06  2.803e+04  3.826e+06  1.247e+06  1.642e+06  1.168e+06  3.021e+06  2.152e+06  2.317e+06  2.913e+06  1.389e+06  2.155e+06  2.079e+06  2.886e+06  3.455e+06  2.421e+06  3.372e+06  2.424e+06  1.964e+06  2.724e+06  4.087e+06  9.776e+05  2.721e+06  1.076e+06
 -3.047e+07   -8.1e+05  -5.61e+06 -9.053e+05  6.798e+05 -6.158e+07  -6.63e+05  4.292e+05  1.192e+06  2.002e+06 -9.523e+05  8.691e+05      -5285  7.351e+05  2.284e+06 -3.535e+06 -1.569e+06 -1.186e+06  4.554e+05  4.077e+05  -3.27e+06 -1.735e+06  3.456e+05 -1.211e+06  8.548e+05 -1.156e+06  1.733e+06 -6.173e+05  2.562e+06  1.065e+06  3.798e+06  3.613e+06 -5.271e+06 -5.746e+05  1.203e+06  1.562e+06  -5.66e+06  1.191e+06 -2.185e+06 -4.224e+05  2.184e+06  1.211e+06   4.33e+06  1.971e+06 -1.164e+06  4.141e+05 -1.223e+06  8.078e+05  2.126e+06 -2.375e+06 -4.167e+06 -8.434e+05   1.73e+06  6.518e+05 -2.978e+06  -1.25e+06 -4.203e+05   1.87e+06  1.625e+06 -5.227e+05  7.202e+05  3.509e+06  4.002e+06   7.63e+05  9.324e+05  1.414e+06 -3.608e+06 -7.176e+04 -2.952e+06  9.449e+05  -2.33e+06   8.89e+05  -1.68e+06  4.578e+05 -4.305e+05  4.952e+05  3.711e+04  1.662e+06  1.271e+06 -1.668e+06  9.495e+05  7.809e+05 -7.298e+05 -3.996e+05  6.524e+05  8.092e+04  5.046e+05  -2.13e+05  2.544e+06  1.585e+06  2.133e+06 -2.817e+06  7.732e+05 -2.254e+06 -6.764e+05  1.377e+06  2.671e+05  2.179e+06  1.389e+06 -3.243e+06  6.736e+05 -1.236e+06 -3.385e+05  2.221e+06  2.752e+06  1.716e+06  1.927e+06   1.79e+06   2.65e+06      -8245   4.82e+05  2.389e+05  2.296e+06  1.725e+06  1.514e+06  3.939e+06  2.941e+06  5.097e+06  4.613e+06  3.684e+06  4.188e+06  3.719e+06  5.515e+06  3.867e+06  1.084e+06  3.084e+06  1.689e+06  3.791e+06  4.872e+06 -1.771e+04  3.171e+06  8.815e+05  3.032e+06  1.495e+06  2.571e+06 -5.675e+04  2.937e+06  4.341e+06  4.883e+06  1.968e+06  7.177e+05
 -3.524e+05   1.82e+06 -5.722e+05  1.112e+06  2.002e+06  -6.63e+05 -2.505e+09 -5.394e+07 -6.684e+06 -1.972e+07 -1.246e+08 -2.596e+06 -6.444e+07 -7.363e+06 -1.443e+07 -4.729e+08  -2.52e+07 -1.439e+07 -4.642e+06 -4.338e+06 -3.833e+07 -3.318e+07 -1.224e+07 -3.289e+07  -5.21e+06 -2.912e+07 -9.094e+06 -1.648e+07  1.093e+05 -4.822e+06 -4.623e+05  1.659e+06 -7.016e+07 -2.705e+07 -1.119e+07  -4.21e+06 -6.091e+07 -1.177e+07  -2.25e+07  -1.53e+07 -1.028e+07 -1.572e+07  4.368e+06 -9.436e+06 -2.692e+07 -9.264e+06 -1.948e+07 -9.508e+06 -6.452e+06 -3.403e+07 -3.205e+07 -1.414e+07 -5.841e+06 -5.129e+06 -3.167e+07   -1.5e+07 -1.051e+07 -2.713e+06 -1.931e+06 -8.977e+06 -5.641e+06  2.021e+06  4.513e+06 -8.761e+06 -4.685e+06 -7.258e+05 -3.346e+07 -1.184e+07 -2.762e+07 -5.225e+06 -1.878e+07 -4.052e+06 -1.733e+07 -4.781e+06  -9.49e+06 -4.581e+06 -5.843e+06 -1.153e+06 -2.722e+06  -2.38e+06 -2.563e+06 -3.087e+06 -4.137e+06 -7.772e+06 -3.649e+06 -1.282e+06  3.085e+05 -6.113e+06 -1.035e+06 -2.201e+05 -1.034e+06 -4.283e+07  -6.63e+06 -3.948e+07 -2.087e+07 -7.185e+06 -2.229e+07 -8.186e+06 -8.432e+06 -3.914e+07 -5.978e+06 -2.267e+07 -9.802e+06 -8.079e+06  9.602e+05 -5.401e+06 -1.413e+04 -4.516e+06 -4.051e+06 -1.086e+07 -9.545e+06 -1.222e+07 -2.539e+06  2.496e+06 -8.767e+06 -1.423e+06  5.983e+05  1.434e+05  3.864e+06 -1.092e+07  5.452e+05  6.693e+05  4.299e+06  1.103e+07 -2.358e+06 -1.212e+06  1.706e+06  8.848e+06  4.049e+06 -1.047e+07 -5.597e+05 -1.174e+07   1.13e+06 -5.429e+06 -4.197e+06 -1.636e+07 -1.375e+07  6.598e+06  7.337e+06  3.579e+06  1.285e+06
  1.143e+06  2.124e+06  1.986e+06  2.216e+06  2.263e+06  4.292e+05 -5.394e+07 -3.162e+08 -1.885e+07 -6.328e+07 -1.649e+06  2.753e+04 -9.871e+05  1.328e+05 -1.331e+04 -2.562e+07 -1.356e+07 -3.124e+06 -4.352e+05 -3.701e+05 -2.239e+07  -1.16e+07 -3.298e+06 -1.008e+07 -6.767e+05 -8.194e+06 -1.742e+06 -5.552e+06  8.929e+05 -2.666e+06  1.402e+06  -3.14e+05 -2.462e+07 -8.412e+06 -2.175e+06 -5.922e+05 -2.033e+07 -2.449e+06 -8.729e+06 -5.451e+06 -1.183e+05 -3.214e+06  2.502e+06 -3.458e+06 -5.947e+06 -1.918e+06 -7.353e+06 -2.855e+06 -1.203e+05  -1.27e+07  -1.64e+07 -4.472e+06  4.042e+04 -1.205e+05 -1.045e+07 -4.615e+06 -2.147e+06 -3.001e+05  6.865e+05 -1.994e+06 -2.879e+05  2.319e+06  3.968e+06 -2.693e+06 -3.562e+05  2.043e+05 -1.122e+07 -2.976e+06 -9.345e+06  -5.17e+05 -6.379e+06 -1.618e+05 -2.742e+06 -4.955e+05 -7.361e+05  3.136e+05 -5.435e+05  7.849e+05    8.4e+05 -3.359e+06  1.086e+05  5.656e+04 -1.405e+06 -1.381e+06  6.618e+05   8.22e+05  5.508e+05  1.495e+06      -3423  3.414e+06  1.358e+06 -1.848e+07 -1.047e+06 -1.203e+07 -7.775e+06 -1.312e+06 -5.554e+06  -4.08e+05 -2.099e+06 -1.222e+07 -1.308e+06 -8.012e+06 -3.033e+06 -5.957e+06  1.835e+06 -2.038e+06 -5.515e+06  2.306e+05 -2.662e+05 -5.228e+06 -9.475e+05 -3.247e+06  -1.83e+06 -1.072e+06  3.873e+05  2.941e+06  -8.06e+05  2.969e+06  2.497e+06 -3.216e+06  8.319e+05  1.718e+06  3.705e+06  7.453e+05  1.776e+06  9.313e+05 -2.583e+05  2.076e+06  3.221e+06 -1.469e+06  8.692e+05 -2.606e+06  6.865e+05  -2.71e+06  1.379e+06  -1.32e+06 -3.718e+04  2.511e+06  3.285e+06 -5.051e+04  1.448e+06
  1.316e+06  1.577e+06  1.622e+06  9.632e+05  1.658e+06  1.192e+06 -6.684e+06 -1.885e+07 -9.795e+07  1.279e+06 -2.694e+05  7.122e+05 -1.489e+05 -2.215e+05  8.431e+05 -3.771e+06 -1.762e+06 -1.263e+05  7.603e+05  7.001e+05 -3.961e+06 -2.337e+06  3.117e+05 -3.735e+06 -7.407e+05 -7.165e+05 -8.146e+05 -5.143e+05  7.352e+05  1.424e+06  1.215e+06 -4.252e+05 -5.476e+06 -1.592e+06 -7.669e+05  1.127e+06 -3.659e+06  1.457e+05 -6.753e+05  3.205e+05  7.724e+05   -4.5e+05  1.609e+06 -3.385e+04 -1.881e+05   7.02e+05  5.857e+05  8.518e+05  3.485e+05 -1.448e+06  -1.49e+06  1.066e+05  1.182e+06  8.325e+05 -2.316e+06  4.762e+05  8.565e+05  7.623e+05  9.572e+05  5.603e+05  1.273e+06  2.052e+06  2.178e+06  1.299e+06  1.394e+06  1.024e+06 -2.082e+06  4.674e+05 -1.184e+06  1.141e+06  1.502e+05  1.215e+06  2.611e+05  1.001e+06  1.305e+06  1.748e+06  7.963e+05  1.659e+06   1.15e+06  1.041e+06  1.925e+06  1.541e+06  9.541e+05  1.223e+06  1.233e+06  1.391e+06  2.307e+06  2.844e+06  1.277e+06   5.95e+04  1.835e+06 -3.118e+06   5.91e+04 -1.588e+06  -1.28e+06  9.433e+05 -8.906e+05  8.978e+05  9.194e+05 -1.866e+06  9.034e+05 -1.173e+06 -1.474e+05 -2.574e+06  8.317e+04  6.973e+05  3.687e+05   1.14e+06  9.771e+05 -1.102e+06  1.226e+05 -2.804e+05 -6.536e+04  2.008e+06 -1.052e+06 -2.812e+05 -9.344e+05  2.335e+06  1.558e+06  6.163e+05 -1.296e+06   -5.9e+05   1.69e+06  3.034e+06 -4.838e+05  1.124e+06  1.838e+06  1.364e+06   7.17e+05 -2.554e+05  1.485e+06 -2.792e+06 -2.363e+05 -5.722e+05  9.913e+05 -1.338e+06  1.315e+06  1.983e+06 -1.852e+06  7.418e+05  1.067e+06
  2.376e+06  2.322e+06  2.684e+06   2.54e+06  1.978e+06  2.002e+06 -1.972e+07 -6.328e+07  1.279e+06 -1.262e+08  8.151e+05  1.055e+06  7.382e+05  1.127e+06   7.61e+05 -1.003e+07 -5.573e+06 -5.078e+05  8.965e+05  9.551e+05 -7.747e+06 -4.461e+06 -7.318e+05 -4.721e+06  7.306e+05 -3.451e+06  8.126e+05 -1.708e+06  7.516e+05 -5.884e+05    1.4e+06 -2.486e+05 -1.151e+07 -2.596e+06  6.496e+05  1.653e+05 -7.863e+06 -1.049e+04 -2.519e+06 -1.515e+06 -1.697e+06 -1.755e+06  1.648e+06 -4.554e+06 -3.605e+06 -1.313e+06 -3.069e+06 -9.221e+05 -2.501e+05 -6.114e+06 -6.918e+06 -1.285e+06   6.35e+05  1.221e+06   -3.3e+06 -9.856e+05   1.82e+05  1.347e+06  1.421e+06 -3.815e+05  1.044e+06  3.247e+06  2.714e+06 -1.788e+05  4.389e+05  1.082e+06 -6.168e+06 -8.235e+04 -3.916e+06  8.025e+05 -1.394e+06  1.248e+06 -5.341e+05  1.234e+06  2.159e+06  1.875e+06  1.669e+06  2.069e+06  2.044e+06  1.098e+06  1.605e+06  1.967e+06  1.315e+06  1.583e+06  2.549e+06  3.221e+06  3.003e+06  2.301e+06  1.736e+06  4.317e+06  2.172e+06 -6.915e+06  6.051e+05 -5.089e+06 -2.882e+06  2.757e+05 -1.769e+06  9.005e+05 -4.904e+05 -4.973e+06  6.949e+04  -1.99e+06 -1.792e+05 -5.852e+06  1.374e+06  4.488e+05 -7.961e+05  3.273e+05  8.049e+05 -7.174e+05   7.95e+05 -1.221e+04  -1.36e+06  6.649e+05  1.338e+06  1.629e+06 -1.874e+06  3.251e+05  1.518e+06 -7.944e+06  2.862e+06  1.145e+06  1.493e+06 -1.287e+06  2.734e+06  1.613e+06  7.878e+05  1.527e+06  3.711e+06 -1.336e+06  1.156e+06  1.185e+06  1.069e+06  -6.96e+05  7.193e+05  6.521e+05 -1.017e+06 -3.362e+06  1.524e+06  1.042e+06  1.543e+06
  -7.15e+05  1.604e+06  6.593e+05  1.102e+06  2.694e+06 -9.523e+05 -1.246e+08 -1.649e+06 -2.694e+05  8.151e+05  -5.66e+08 -4.183e+06 -1.571e+08  -9.49e+06 -2.289e+07 -6.097e+07 -1.634e+07 -9.405e+06  -2.45e+06 -2.697e+06 -2.716e+07 -1.877e+07 -7.106e+06 -1.908e+07 -2.724e+06 -1.656e+07 -3.459e+06 -1.127e+07 -7.692e+05 -4.053e+06  2.998e+06  1.614e+06 -3.858e+07 -1.643e+07 -6.153e+06 -2.289e+06 -3.054e+07 -5.155e+06 -1.348e+07 -9.458e+06 -6.154e+06 -6.635e+06  4.851e+06  2.562e+05 -1.311e+07 -5.287e+06 -9.127e+06  -5.34e+06  -1.97e+06 -1.806e+07 -3.017e+07 -1.012e+07 -1.613e+06 -3.087e+06 -2.203e+07 -9.661e+06 -4.245e+06 -6.786e+05 -7.358e+05 -8.981e+06 -3.441e+06  2.284e+06  4.878e+06  -7.54e+06 -2.799e+06 -1.664e+06 -2.427e+07 -7.924e+06 -1.898e+07 -2.576e+06 -1.595e+07 -3.017e+06 -1.107e+07 -2.182e+06 -6.561e+06 -3.899e+06 -3.568e+06  5.656e+05  4.228e+04 -4.087e+06 -1.743e+06 -2.132e+06 -4.123e+06 -3.872e+06  -1.64e+06 -2.771e+06 -1.375e+06 -2.398e+06  7.669e+05  3.473e+05  6.125e+05 -2.871e+07  -4.13e+06 -1.852e+07 -1.608e+07 -4.304e+06 -1.055e+07 -3.053e+06 -4.339e+06 -2.289e+07 -3.716e+06 -1.122e+07 -7.367e+06 -3.451e+06  1.632e+06 -3.018e+06 -7.632e+06 -2.458e+06  8.451e+05 -8.286e+06 -5.618e+06 -2.858e+06 -2.182e+06   1.81e+06  -7.11e+06  4.495e+06 -3.287e+06  4.646e+06  4.437e+06  3.044e+06  3.808e+06  2.653e+06  4.409e+06  1.262e+06 -2.906e+06  3.022e+05 -7.236e+05  3.153e+06  5.271e+06 -7.396e+06  7.814e+05 -7.437e+06   6.18e+05  -3.51e+06   1.97e+06 -4.722e+06  2.221e+06  2.924e+06  5.053e+06 -1.434e+04  1.312e+06
  1.307e+06  2.022e+06   1.73e+06  1.741e+06  2.227e+06  8.691e+05 -2.596e+06  2.753e+04  7.122e+05  1.055e+06 -4.183e+06 -6.861e+07 -1.528e+05  -6.68e+05  1.151e+06 -2.682e+06 -2.288e+06 -3.063e+06 -2.681e+05 -7.882e+04 -1.656e+06 -2.304e+06 -3.388e+05 -4.186e+06  1.501e+05 -2.114e+06  7.755e+05 -1.297e+06    1.7e+06  1.159e+05  2.621e+06  2.187e+06 -4.183e+06 -1.623e+06       2581  7.312e+05 -2.672e+06  3.875e+05 -1.366e+06 -1.062e+06  3.566e+05  -3.23e+05  3.065e+06 -3.406e+05 -2.007e+06  -1.13e+05 -2.524e+06  2.416e+05  7.436e+05 -2.047e+06 -4.784e+06 -1.955e+06   5.37e+05  9.502e+04 -2.497e+06 -1.408e+06 -1.892e+05   1.21e+06  1.265e+06 -7.039e+05  6.393e+05  2.035e+06  2.732e+06  1.738e+05  4.375e+05  7.063e+05 -2.665e+06 -5.255e+04 -3.788e+06  5.909e+05 -1.955e+06   5.09e+05 -1.236e+06   5.82e+05 -3.879e+05  4.547e+05  1.649e+05  1.356e+06  7.348e+05 -9.762e+04  7.859e+05  9.407e+05 -2.321e+05       4536  1.004e+06  1.035e+05  2.971e+05   2.11e+05  1.608e+06  2.314e+06  1.391e+06 -4.407e+06 -4.424e+05 -1.965e+06 -1.586e+06  9.006e+05 -2.605e+05  1.334e+06  1.186e+05 -3.163e+06   -1.8e+05 -1.062e+06 -5.864e+04 -7.893e+05  1.891e+06  5.804e+05  1.344e+05  1.048e+06  1.695e+06 -1.121e+06  1.095e+06  5.576e+05  1.931e+06  1.738e+06  1.317e+06  2.514e+06  4.959e+06  2.488e+06  2.802e+06 -8.682e+05  1.744e+06 -6.807e+04  3.211e+06  2.584e+06  6.208e+05  1.586e+06  1.926e+06   3.28e+06  2.584e+06 -5.113e+05  1.851e+06 -8.086e+05  2.083e+06  1.665e+06  1.997e+06  -1.07e+06  2.483e+06  2.707e+05   2.32e+06  1.574e+06  1.013e+06
  5.385e+05  1.451e+06  8.144e+05  1.246e+06  2.312e+06      -5285 -6.444e+07 -9.871e+05 -1.489e+05  7.382e+05 -1.571e+08 -1.528e+05  -6.08e+08 -2.221e+07 -5.431e+07 -3.019e+07 -1.248e+07 -4.749e+06 -7.107e+05 -9.267e+05 -2.626e+07 -1.397e+07 -4.373e+06 -1.586e+07 -2.187e+06 -1.329e+07   -3.3e+06 -6.416e+06 -2.151e+06 -3.125e+06  1.895e+06  4.946e+05 -2.738e+07  -9.94e+06 -3.256e+06 -8.878e+05 -2.417e+07 -5.062e+06 -9.516e+06 -7.535e+06 -2.171e+06 -7.483e+06  4.725e+06 -7.402e+06 -8.946e+06 -4.134e+06 -7.712e+06  -2.09e+06 -1.677e+06  -1.43e+07 -1.666e+07 -6.131e+06 -4.237e+05 -9.882e+05 -1.448e+07 -6.612e+06 -2.899e+06 -3.391e+04  2.902e+05 -3.946e+06 -2.537e+06  9.335e+05  4.023e+06 -7.127e+06 -1.769e+06 -6.052e+05 -1.876e+07 -5.582e+06 -1.254e+07 -1.497e+06  -9.35e+06 -1.282e+06 -7.905e+06  -1.56e+06 -3.295e+06 -2.654e+06 -1.212e+06  3.161e+05  1.814e+06  1.044e+06 -4.667e+05 -1.893e+06  -3.26e+06 -1.436e+06 -5.827e+05  4.971e+05 -1.309e+06 -2.978e+06  -2.18e+06  1.336e+06 -2.202e+04  -2.18e+07 -1.363e+06 -1.961e+07 -1.104e+07 -2.826e+06 -9.086e+06 -3.566e+06 -2.717e+06 -1.857e+07 -2.247e+06 -9.229e+06 -6.268e+06 -1.297e+07  4.501e+05 -1.583e+06 -3.526e+06 -6.075e+05 -1.974e+06 -7.927e+06 -6.668e+06 -2.839e+06 -1.278e+06  -1.16e+06 -8.222e+06  3.112e+05 -6.715e+06  1.767e+06  3.543e+06 -5.523e+06  1.921e+06 -3.591e+06 -9.375e+05  1.346e+06 -3.966e+06  1.623e+06  6.114e+05  5.855e+06  3.604e+06 -7.626e+06 -8.476e+05 -6.337e+06  1.615e+05 -3.977e+06  5.247e+05 -1.044e+07 -4.056e+06 -2.949e+06 -6.627e+05 -3.384e+05  1.472e+06
  1.058e+06  1.932e+06  1.125e+06  8.876e+05  2.127e+06  7.351e+05 -7.363e+06  1.328e+05 -2.215e+05  1.127e+06  -9.49e+06  -6.68e+05 -2.221e+07 -1.475e+08  6.086e+05 -6.585e+06 -3.394e+06 -2.314e+06 -1.709e+05 -1.481e+05  -5.38e+06  -6.39e+06 -1.422e+06 -6.036e+06 -1.087e+06 -4.285e+06 -2.447e+06 -3.031e+06  9.243e+05 -2.451e+06  2.587e+06  8.793e+05 -7.843e+06 -4.429e+06 -3.159e+06  7.497e+05 -7.326e+06  -5.63e+05  -4.09e+06 -3.023e+06 -4.825e+05 -1.185e+06  4.663e+06  1.697e+06 -3.704e+06 -1.988e+05 -1.935e+06 -5.741e+05  5.162e+05 -3.725e+06 -8.383e+06 -3.065e+06  7.736e+05 -7.234e+05 -5.379e+06 -3.253e+06 -1.001e+06  8.618e+05  9.842e+05 -1.367e+06  -7.73e+04  2.353e+06  3.223e+06 -1.705e+06 -8.765e+05 -1.103e+05 -7.029e+06 -1.212e+06 -4.517e+06  5.349e+05 -3.645e+06 -4.373e+05 -3.693e+06 -3.099e+05  -1.23e+06  -4.22e+05  -5.85e+05  1.501e+06  6.567e+05 -1.372e+06  2.702e+05      -4246 -1.826e+06 -9.018e+05 -2.388e+05 -1.037e+06 -3.412e+05  4.961e+05      -8999  5.089e+05  3.987e+05 -7.222e+06  -6.02e+05 -5.126e+06 -3.616e+06 -7.147e+05 -2.213e+06  1.867e+05 -4.496e+05 -5.349e+06 -4.832e+05 -3.225e+06 -2.218e+06   -2.3e+06  7.525e+05 -5.567e+05 -1.624e+06   4.87e+05  1.071e+06 -2.487e+06  -2.17e+06 -2.209e+06 -9.423e+05  9.169e+05 -7.957e+05  2.074e+06  8.517e+05  3.231e+06  3.024e+06  1.628e+06  3.804e+06 -1.744e+05  2.594e+06  1.396e+06  1.581e+06  1.388e+06   4.03e+05  3.233e+06  3.878e+06 -2.816e+06  1.586e+06  -2.67e+06 -1.041e+06 -1.095e+06  1.168e+06 -4.771e+05  1.006e+06  3.473e+06  2.943e+06 -7.008e+05  1.298e+06
  2.485e+06  2.211e+06  2.508e+06  2.605e+06   2.04e+06  2.284e+06 -1.443e+07 -1.331e+04  8.431e+05   7.61e+05 -2.289e+07  1.151e+06 -5.431e+07  6.086e+05 -2.105e+08 -7.288e+06 -2.256e+06  4.314e+05  1.166e+06  1.393e+06 -5.907e+06 -3.161e+06 -1.501e+05 -2.098e+06  3.859e+05 -2.343e+06  9.199e+05 -8.656e+05 -2.082e+06 -7.748e+05 -1.261e+06 -1.119e+06 -1.003e+07 -9.083e+05  1.222e+06 -2.215e+05 -1.289e+07 -2.663e+06 -1.881e+06 -8.788e+05  3.585e+05 -1.958e+06  5.797e+05 -2.027e+06 -5.472e+06 -1.069e+06 -2.867e+06  6.166e+05 -2.811e+06 -3.322e+06  -4.09e+06 -1.567e+05  3.264e+05  1.564e+06 -5.162e+06  2.775e+05  4.207e+05  7.961e+05  1.473e+06  8.154e+05  8.323e+05  2.152e+06  2.095e+06 -8.826e+05  7.487e+05  1.538e+06 -4.032e+06 -2.709e+05 -2.014e+06    1.3e+06 -9.896e+05   1.38e+06  -9.01e+05  1.834e+06  1.761e+06  1.335e+06  1.984e+06  1.595e+06  2.173e+06 -2.258e+06  1.856e+06  8.947e+05   1.57e+06  1.967e+06  2.978e+06  1.834e+06  3.671e+06  2.079e+06 -3.074e+06  3.311e+06  1.436e+06 -5.732e+06  6.946e+05 -4.789e+06 -2.591e+06 -7.694e+05 -1.407e+06 -1.143e+05  6.362e+05 -4.849e+06  5.498e+05 -1.218e+06   3.89e+05 -1.179e+07  9.067e+05 -5.781e+05 -1.994e+06 -7.077e+05 -8.958e+05 -1.265e+06 -2.012e+05 -1.086e+06 -4.608e+06 -2.173e+06 -4.077e+06 -5.069e+06 -1.611e+06   7.04e+04 -6.515e+05 -7.378e+06  3.393e+05  2.762e+05 -4.983e+06 -1.367e+06 -2.116e+06  1.882e+06  7.579e+04  -1.11e+06  2.586e+06 -1.633e+06  2.292e+06 -1.358e+06  6.164e+05 -1.065e+06  1.458e+06  1.102e+06 -4.433e+06 -7.852e+05  3.204e+05 -2.396e+06  1.617e+06
 -1.981e+06  1.726e+06 -6.164e+05  6.424e+05  1.596e+06 -3.535e+06 -4.729e+08 -2.562e+07 -3.771e+06 -1.003e+07 -6.097e+07 -2.682e+06 -3.019e+07 -6.585e+06 -7.288e+06 -1.462e+09 -3.128e+07 -1.139e+07 -2.541e+06 -3.985e+06 -3.776e+07 -2.482e+07 -1.002e+07 -3.299e+07 -3.326e+06 -1.873e+07 -5.511e+06 -1.378e+07 -1.191e+06 -5.521e+06 -3.839e+04  1.903e+06 -5.668e+07 -2.065e+07 -8.605e+06 -3.159e+06 -6.423e+07  -1.02e+07 -1.997e+07 -1.419e+07  -8.22e+06 -1.047e+07  2.582e+06 -1.038e+07 -1.864e+07 -7.877e+06 -1.529e+07 -7.523e+06 -3.794e+06 -3.477e+07 -3.094e+07 -1.273e+07 -3.288e+06 -4.239e+06 -2.338e+07 -1.527e+07 -7.601e+06 -1.413e+06 -1.754e+06  -1.04e+07 -3.046e+06  7.615e+05  4.676e+06  -5.94e+06 -5.107e+06 -1.312e+06 -3.271e+07 -8.648e+06  -2.17e+07 -4.951e+06 -1.611e+07 -2.664e+06 -1.473e+07 -4.293e+06 -7.468e+06 -7.838e+06 -5.383e+06 -1.454e+06 -2.097e+06 -5.917e+06 -3.815e+06 -3.689e+06 -9.071e+06 -9.307e+06 -2.827e+06 -6.292e+06 -9.957e+05 -7.172e+06  -4.17e+06   7.35e+05 -2.278e+06 -3.399e+07  -5.22e+06 -3.584e+07 -2.084e+07 -6.929e+06 -1.337e+07  -5.57e+06   -6.3e+06 -3.416e+07  -5.92e+06 -2.163e+07 -9.564e+06 -1.266e+07  1.719e+06  -6.06e+06 -3.705e+06 -5.038e+06 -1.615e+06 -1.356e+07  -6.99e+06  -8.23e+05 -8.901e+05 -2.027e+06 -4.636e+06  7.789e+05  1.972e+06  1.297e+06  1.664e+06 -1.458e+06  3.169e+06 -3.974e+06  2.966e+06  8.112e+06  1.428e+06  4.095e+05 -5.177e+06  4.413e+06  2.556e+06 -1.033e+07  2.764e+06 -6.698e+06 -4.174e+06 -9.035e+06 -2.483e+06 -9.951e+06 -1.034e+06 -8.277e+05   9.91e+05 -6.661e+06  9.416e+05
 -5.354e+05  1.378e+06 -2.059e+06   1.34e+06  2.616e+06 -1.569e+06  -2.52e+07 -1.356e+07 -1.762e+06 -5.573e+06 -1.634e+07 -2.288e+06 -1.248e+07 -3.394e+06 -2.256e+06 -3.128e+07 -1.577e+09 -1.211e+06 -5.831e+05 -1.165e+06 -5.599e+08 -2.737e+07 -1.098e+07 -3.163e+07 -3.725e+06 -1.995e+07 -7.158e+06 -1.186e+07 -3.233e+06 -9.971e+06  3.004e+06  -1.29e+06 -1.301e+08 -2.619e+07 -9.848e+06 -2.306e+06 -9.216e+07 -1.206e+07 -4.269e+07 -2.124e+07 -6.985e+06 -1.141e+07  4.133e+06 -1.496e+07 -2.786e+07 -1.163e+07 -2.142e+07 -7.765e+06 -4.507e+06 -1.111e+08 -3.409e+07 -1.489e+07 -5.486e+06  -3.73e+06 -2.988e+07 -1.638e+07 -5.956e+06 -1.426e+06 -5.636e+05 -6.764e+06 -4.587e+06  3.444e+06  4.906e+06  -8.87e+06 -4.396e+06  -4.44e+06 -4.504e+07 -1.181e+07 -2.302e+07 -5.068e+06 -1.971e+07 -3.285e+06 -1.035e+07 -3.501e+06 -4.801e+06 -4.146e+06 -5.163e+06  3.029e+05 -2.227e+06 -5.129e+06 -2.283e+06 -5.072e+06 -5.686e+06 -6.335e+06 -7.738e+04  2.386e+05  1.967e+05 -7.528e+04 -7.328e+06   4.85e+06 -8.807e+05 -5.909e+07  -6.05e+06 -4.509e+07 -2.656e+07 -6.588e+06 -1.961e+07 -5.774e+06 -9.073e+06 -4.316e+07  -5.86e+06 -2.858e+07 -1.156e+07 -9.632e+06 -6.495e+05 -7.838e+06 -1.584e+07 -3.276e+06 -2.622e+06 -1.381e+07 -7.077e+06 -8.876e+06   -3.2e+06 -6.193e+06 -9.512e+06 -7.587e+05  3.248e+06  8.603e+05  2.759e+06  -7.89e+06 -1.963e+06 -9.913e+06  2.387e+06 -6.892e+06 -3.945e+06 -1.136e+06 -2.796e+06  2.319e+06  6.357e+05 -1.075e+07 -6.367e+05 -2.747e+07  2.035e+05 -7.332e+06 -3.926e+04 -1.733e+07  1.844e+06 -8.855e+06  3.226e+05 -7.314e+06  1.459e+06
  1.607e+05   1.67e+06  8.544e+05  1.152e+06  2.096e+06 -1.186e+06 -1.439e+07 -3.124e+06 -1.263e+05 -5.078e+05 -9.405e+06 -3.063e+06 -4.749e+06 -2.314e+06  4.314e+05 -1.139e+07 -1.211e+06 -2.488e+08 -2.378e+07 -3.411e+07 -2.114e+07 -1.186e+07 -4.625e+06 -1.325e+07 -5.225e+06 -9.071e+06 -2.659e+06 -8.475e+06 -1.666e+05 -2.657e+06   2.49e+06  1.964e+06 -1.501e+07 -9.827e+06 -4.512e+06 -2.251e+06  -1.71e+07 -4.198e+06 -1.048e+07 -6.691e+06 -1.282e+06 -1.942e+06  3.864e+06 -1.135e+07 -1.034e+07 -5.181e+06 -1.048e+07 -4.126e+06 -2.127e+06 -8.088e+06  -2.31e+07 -8.235e+06 -1.318e+06 -2.596e+06 -1.314e+07 -7.388e+06 -6.925e+06 -7.349e+05 -2.563e+06 -4.668e+06 -1.957e+06  2.489e+06  3.698e+06  -6.03e+06 -1.964e+06 -1.448e+06  -1.46e+07 -4.569e+06 -1.597e+07 -2.557e+06 -9.992e+06 -1.552e+06 -7.209e+06 -1.903e+06 -4.475e+06 -3.487e+06 -7.318e+06 -5.426e+06 -6.386e+05 -9.488e+06 -2.156e+06 -1.267e+06 -4.106e+06 -4.304e+06 -9.661e+05 -3.322e+06  -2.63e+06 -1.145e+06 -1.802e+06  1.052e+05 -4.521e+05 -1.543e+07  -4.51e+06 -8.555e+06 -7.863e+06 -1.565e+06 -6.517e+06 -1.053e+05 -3.463e+06 -1.096e+07 -3.378e+06 -6.585e+06 -3.954e+06  -3.52e+06 -5.662e+04 -1.613e+06 -8.995e+05 -1.916e+06  4.984e+05 -4.655e+06 -1.891e+07 -1.653e+07 -2.717e+05 -1.735e+07 -9.791e+05  2.398e+06   -4.2e+05 -4.316e+05  2.234e+06 -1.433e+07  4.767e+06  1.682e+06  4.687e+06  2.067e+06  4.608e+04  6.567e+05  7.245e+05  1.834e+06  4.657e+06 -6.716e+06   1.25e+06 -2.778e+06  1.096e+06 -1.492e+06  1.281e+06 -3.154e+06  4.155e+05 -1.046e+07  2.855e+06 -1.953e+06  1.007e+06
  8.866e+05  1.334e+06  1.212e+06  1.305e+06  1.665e+06  4.554e+05 -4.642e+06 -4.352e+05  7.603e+05  8.965e+05  -2.45e+06 -2.681e+05 -7.107e+05 -1.709e+05  1.166e+06 -2.541e+06 -5.831e+05 -2.378e+07 -6.134e+07  1.798e+06 -3.763e+06 -4.459e+06 -1.479e+06 -4.231e+06 -2.019e+05 -3.301e+06  6.704e+04 -2.616e+06  1.136e+06 -3.409e+05  1.858e+06  2.148e+06 -3.965e+06 -2.976e+06 -6.427e+05  1.579e+04 -4.502e+06 -4.372e+05 -2.734e+06 -1.975e+06 -2.047e+05 -1.257e+06  2.284e+06   1.79e+06 -3.211e+06  -7.81e+05 -2.449e+06 -6.067e+05  3.908e+05 -2.531e+06 -7.027e+06  -2.86e+06 -5.925e+04 -5.647e+05 -3.648e+06 -2.373e+06 -9.726e+05  5.335e+05  1.274e+06 -2.066e+06 -2.147e+05  2.278e+06   2.49e+06 -6.175e+05 -3.898e+05  1.604e+05 -5.342e+06 -6.675e+05 -4.185e+06 -5.897e+05 -2.719e+06 -8.909e+04 -1.981e+06 -8.482e+04 -1.003e+06 -2.341e+05 -2.567e+05   5.38e+05  9.742e+05 -2.604e+06 -2.975e+05 -2.152e+04 -9.983e+05 -1.392e+06  1.273e+05 -9.999e+05 -3.543e+05  1.429e+05  1.068e+06 -3.688e+05   4.45e+05 -3.122e+06 -8.019e+05 -1.944e+06 -1.907e+06  1.678e+05 -7.487e+05   9.44e+05 -4.465e+05 -3.375e+06 -4.404e+05 -2.126e+06 -1.034e+06 -6.626e+05  1.811e+06  2.721e+05 -6.473e+05  6.471e+05  1.524e+06 -7.965e+05  1.579e+05 -1.219e+06  1.237e+06  2.575e+05      -7019  2.427e+06  1.675e+06  3.129e+06   1.79e+06  1.196e+06  2.798e+06  2.818e+06  3.174e+06   2.08e+06  6.083e+05  1.293e+06  1.255e+06  3.129e+06  3.415e+06  4.988e+05  1.649e+06  1.746e+05  1.844e+06  6.461e+05  2.115e+06  3.921e+05  1.972e+06  1.412e+06  2.915e+06  1.344e+06  8.536e+05
  8.038e+05  1.553e+06  1.469e+06  1.144e+06  1.952e+06  4.077e+05 -4.338e+06 -3.701e+05  7.001e+05  9.551e+05 -2.697e+06 -7.882e+04 -9.267e+05 -1.481e+05  1.393e+06 -3.985e+06 -1.165e+06 -3.411e+07  1.798e+06 -7.344e+07 -6.363e+06 -4.194e+06  -1.19e+06 -3.739e+06 -2.763e+05 -3.138e+06 -5.794e+05 -2.231e+06   1.11e+06 -5.552e+05  2.633e+06  2.107e+06 -5.829e+06 -3.053e+06 -7.362e+05      -8296 -6.746e+06 -4.794e+05 -3.937e+06 -2.323e+06   4.97e+05 -1.237e+06   2.92e+06    1.7e+06 -3.293e+06 -1.156e+06 -1.863e+06 -5.278e+05  1.894e+05 -3.647e+06 -6.579e+06 -2.579e+06  4.385e+05 -3.432e+05 -3.944e+06 -2.591e+06 -1.201e+06  3.756e+05  5.247e+05 -9.945e+05  6.684e+04  1.683e+06   2.75e+06 -5.123e+05 -1.836e+05  1.879e+05 -6.041e+06 -1.467e+06 -4.707e+06 -3.942e+05 -3.656e+06 -7.604e+04 -2.686e+06 -4.526e+04 -1.726e+06  -7.71e+05 -1.096e+06  6.247e+05   8.44e+05 -2.315e+06  2.983e+04 -1.496e+05 -1.092e+06 -1.096e+06  5.621e+05 -5.173e+04 -5.909e+05 -1.565e+05  7.168e+05  5.273e+05  1.043e+06 -6.487e+06  -6.11e+05 -3.699e+06 -2.675e+06  3.197e+05 -1.265e+06  7.047e+05 -3.734e+05 -4.769e+06 -7.131e+05 -2.902e+06 -1.181e+06  -5.44e+05  1.465e+06  1.389e+05  4.672e+05  7.815e+05  1.483e+06 -2.117e+06 -1.229e+06 -1.004e+06  1.219e+06  8.248e+05   1.51e+06  2.749e+06  1.754e+06  3.462e+06  3.041e+06  1.342e+06  2.576e+06  6.226e+05  3.272e+06   2.27e+06 -1.683e+05  1.551e+06  8.305e+05  2.583e+06  3.752e+06 -4.109e+05  1.535e+06 -1.556e+06  1.436e+06  7.774e+04  1.382e+06  3.238e+05  1.425e+06  1.759e+06  3.072e+06 -2.177e+05  1.001e+06
 -1.673e+06  7.751e+05 -9.732e+05  8.914e+05  1.639e+06  -3.27e+06 -3.833e+07 -2.239e+07 -3.961e+06 -7.747e+06 -2.716e+07 -1.656e+06 -2.626e+07  -5.38e+06 -5.907e+06 -3.776e+07 -5.599e+08 -2.114e+07 -3.763e+06 -6.363e+06 -3.324e+09 -5.451e+07 -1.309e+07 -3.303e+07 -5.767e+06 -2.829e+07 -1.305e+07 -2.322e+07 -1.055e+07 -1.312e+07 -2.766e+06 -4.622e+06 -2.445e+08 -4.255e+07 -1.532e+07  -7.59e+06  -1.68e+08 -2.202e+07 -7.092e+07 -3.276e+07 -1.454e+07 -1.723e+07   3.35e+06 -1.518e+07 -4.138e+07 -1.953e+07 -3.275e+07 -1.806e+07 -9.367e+06 -1.063e+08 -6.528e+07 -1.494e+07 -6.912e+06 -4.807e+06  -4.69e+07 -2.124e+07 -8.169e+06 -1.561e+06 -4.192e+06 -1.494e+07 -5.261e+06   1.17e+06   3.11e+06  -1.04e+07 -5.062e+06 -5.261e+06 -4.597e+07 -1.814e+07 -3.256e+07 -7.628e+06 -2.136e+07 -4.225e+06  -1.17e+07 -5.546e+06 -9.298e+06 -6.214e+06 -5.449e+06 -9.674e+05 -1.541e+06 -2.568e+07 -2.944e+06 -5.901e+06 -7.648e+06 -7.407e+06 -8.677e+05 -4.931e+06  -2.75e+06   -1.8e+06 -2.245e+07  4.918e+06 -4.985e+06 -9.872e+07 -7.077e+06 -7.095e+07 -4.089e+07 -1.205e+07 -2.819e+07 -9.563e+06  -8.15e+06 -6.507e+07 -1.054e+07 -3.297e+07 -1.465e+07 -1.009e+07 -6.402e+06 -1.179e+07 -6.292e+06 -6.241e+06  -4.07e+06 -1.976e+07 -7.438e+06 -1.816e+07 -1.376e+07 -9.746e+06 -1.686e+07 -1.198e+06 -8.022e+06 -9.552e+06  6.583e+06 -2.783e+07 -5.842e+06 -6.448e+06  2.751e+06 -3.251e+07  -1.56e+07 -2.069e+05 -4.872e+06 -1.501e+05  5.528e+06 -2.005e+07 -4.222e+06 -2.022e+07  -8.78e+06 -9.053e+06 -1.443e+06 -1.167e+07 -1.809e+07 -4.322e+06  6.021e+05 -8.473e+05  1.407e+06
 -4.264e+05  2.162e+06 -8.344e+04  1.098e+06  2.751e+06 -1.735e+06 -3.318e+07  -1.16e+07 -2.337e+06 -4.461e+06 -1.877e+07 -2.304e+06 -1.397e+07  -6.39e+06 -3.161e+06 -2.482e+07 -2.737e+07 -1.186e+07 -4.459e+06 -4.194e+06 -5.451e+07 -9.123e+08 -1.924e+07 -1.556e+08 -1.199e+07 -8.402e+07 -1.516e+07 -2.048e+07 -3.815e+06 -8.502e+06  -9.29e+05 -6.815e+06 -1.187e+08 -3.001e+07 -1.146e+07 -5.942e+06 -6.275e+07 -1.677e+07 -3.738e+07 -2.236e+07 -1.039e+07  -1.43e+07  4.702e+06  3.554e+04 -3.103e+07 -1.312e+07 -2.922e+07 -1.378e+07 -6.876e+06 -3.132e+07 -4.475e+07 -1.968e+07 -5.737e+06 -4.459e+06 -3.534e+07 -2.023e+07 -7.728e+06 -2.161e+06 -2.539e+06 -1.129e+07 -6.093e+06  1.746e+06  5.477e+06 -7.138e+06 -5.249e+06 -3.148e+06   -3.6e+07 -1.145e+07 -3.259e+07 -4.802e+06 -1.829e+07 -4.001e+06 -1.345e+07 -4.049e+06 -7.462e+06 -4.096e+06 -1.678e+06 -7.447e+05 -1.469e+06 -1.122e+07 -2.463e+06 -4.837e+06 -9.105e+06 -5.911e+06 -3.074e+06 -3.384e+06 -4.517e+06 -5.017e+06 -1.788e+06  4.006e+06 -1.149e+06 -5.053e+07 -6.295e+06 -3.534e+07 -2.521e+07 -8.219e+06 -1.805e+07 -5.631e+06 -1.114e+07 -3.526e+07 -6.083e+06 -2.484e+07 -9.487e+06 -9.504e+06 -3.175e+06 -4.066e+06 -9.932e+06 -3.037e+06 -1.525e+06 -1.629e+07  -8.97e+06 -8.381e+06 -5.532e+06 -1.855e+06 -6.282e+06 -9.046e+05 -2.797e+06  4.197e+06  3.149e+06  1.541e+06  3.863e+06 -5.847e+06  2.297e+06  6.454e+06 -5.683e+06  -1.62e+06 -2.391e+06  3.777e+06  7.185e+06 -1.261e+07  7.722e+05  -6.43e+06  -1.97e+06 -7.532e+06 -4.405e+05  -4.53e+06 -8.797e+05 -1.188e+06    5.8e+06  3.469e+05  1.132e+06
