
 72

((monodelphis_domestica: 0.025240, (notamacropus_eugenii: 0.022038, sarcophilus_harrisii: 0.026588): 0.005349): 0.045096, ((echinops_telfairi: 0.052105, (procavia_capensis: 0.030621, loxodonta_africana: 0.021157): 0.005818): 0.008475, ((choloepus_hoffmanni: 0.026269, dasypus_novemcinctus: 0.031990): 0.010765, (((sorex_araneus: 0.052917, erinaceus_europaeus: 0.047885): 0.008914, ((pteropus_vampyrus: 0.023208, myotis_lucifugus: 0.035892): 0.006144, (((felis_catus: 0.001427, (panthera_tigris_altaica: 0.001674, panthera_pardus: 0.000623): 0.001051): 0.011233, (canis_familiaris: 0.013975, (mustela_putorius_furo: 0.014043, ailuropoda_melanoleuca: 0.011521): 0.002453): 0.002926): 0.008419, (equus_caballus: 0.021047, (vicugna_pacos: 0.022766, (sus_scrofa: 0.019662, (tursiops_truncatus: 0.016916, (bos_taurus: 0.005750, (ovis_aries: 0.004484, capra_hircus: 0.002225): 0.004045): 0.016153): 0.003076): 0.001544): 0.006225): 0.000813): 0.000472): 0.001127): 0.003784, ((tupaia_belangeri: 0.034044, ((oryctolagus_cuniculus: 0.022539, ochotona_princeps: 0.036163): 0.016430, (ictidomys_tridecemlineatus: 0.023627, (((fukomys_damarensis: 0.016198, heterocephalus_glaber_female: 0.013730): 0.006077, ((cavia_porcellus: 0.001005, cavia_aperea: 0.005103): 0.020201, (chinchilla_lanigera: 0.012515, octodon_degus: 0.020608): 0.002723): 0.004457): 0.018877, (dipodomys_ordii: 0.041562, (jaculus_jaculus: 0.035440, (nannospalax_galili: 0.023270, (((mesocricetus_auratus: 0.011122, cricetulus_griseus_chok1gshd: 0.007979): 0.005010, (peromyscus_maniculatus_bairdii: 0.012056, microtus_ochrogaster: 0.014560): 0.000899): 0.003852, ((mus_pahari: 0.005671, (mus_caroli: 0.002751, (mus_spretus: 0.001485, mus_musculus: 0.001308): 0.001527): 0.002588): 0.005638, rattus_norvegicus: 0.013011): 0.009260): 0.013320): 0.006324): 0.006497): 0.003456): 0.001179): 0.003957): 0.002066): 0.000635, ((otolemur_garnettii: 0.023579, (microcebus_murinus: 0.010390, propithecus_coquereli: 0.007715): 0.006274): 0.006059, (carlito_syrichta: 0.027097, (((aotus_nancymaae: 0.005293, callithrix_jacchus: 0.005906): 0.000225, (saimiri_boliviensis_boliviensis: 0.005166, cebus_capucinus: 0.004490): 0.000687): 0.006825, (((chlorocebus_sabaeus: 0.001978, ((papio_anubis: 0.001196, (cercocebus_atys: 0.001472, mandrillus_leucophaeus: 0.001187): 0.000221): 0.000258, (macaca_nemestrina: 0.000855, (macaca_mulatta: 0.000735, macaca_fascicularis: 0.000349): 0.000204): 0.000704): 0.000520): 0.000852, (colobus_angolensis_palliatus: 0.002475, (rhinopithecus_roxellana: 0.000512, rhinopithecus_bieti: 0.000972): 0.001831): 0.001081): 0.003287, (nomascus_leucogenys: 0.005021, (pongo_abelii: 0.004075, (gorilla_gorilla: 0.001924, ((pan_troglodytes: 0.000597, pan_paniscus: 0.000819): 0.000813, homo_sapiens: 0.001406): 0.000314): 0.001436): 0.000479): 0.001668): 0.003082): 0.009683): 0.001784): 0.003033): 0.003780): 0.004146): 0.001059): 0.058089, ornithorhynchus_anatinus: 0.145346);

  0.045096  0.025240  0.005349  0.022038  0.026588  0.058089  0.008475  0.052105  0.005818  0.030621  0.021157  0.001059  0.010765  0.026269  0.031990  0.004146  0.003784  0.008914  0.052917  0.047885  0.001127  0.006144  0.023208  0.035892  0.000472  0.008419  0.011233  0.001427  0.001051  0.001674  0.000623  0.002926  0.013975  0.002453  0.014043  0.011521  0.000813  0.021047  0.006225  0.022766  0.001544  0.019662  0.003076  0.016916  0.016153  0.005750  0.004045  0.004484  0.002225  0.003780  0.000635  0.034044  0.002066  0.016430  0.022539  0.036163  0.003957  0.023627  0.001179  0.018877  0.006077  0.016198  0.013730  0.004457  0.020201  0.001005  0.005103  0.002723  0.012515  0.020608  0.003456  0.041562  0.006497  0.035440  0.006324  0.023270  0.013320  0.003852  0.005010  0.011122  0.007979  0.000899  0.012056  0.014560  0.009260  0.005638  0.005671  0.002588  0.002751  0.001527  0.001485  0.001308  0.013011  0.003033  0.006059  0.023579  0.006274  0.010390  0.007715  0.001784  0.027097  0.009683  0.006825  0.000225  0.005293  0.005906  0.000687  0.005166  0.004490  0.003082  0.003287  0.000852  0.001978  0.000520  0.000258  0.001196  0.000221  0.001472  0.001187  0.000704  0.000855  0.000204  0.000735  0.000349  0.001081  0.002475  0.001831  0.000512  0.000972  0.001668  0.005021  0.000479  0.004075  0.001436  0.001924  0.000314  0.000813  0.000597  0.000819  0.001406  0.145346

 -14.418580 14.370808  5.873169 11.281155  9.634488  3.133488 -3.601635 15.243125 -32.018849  8.620839 18.003407 52.805948 -24.564617  4.682616  5.739601 11.463623 17.405743 -12.369457  5.713978  5.119281 29.582714 -16.828046 14.818037 13.198107  9.737034  9.567953 -3.426037 57.492302 50.815408  9.353451 63.253293 28.099600  2.608501  2.434095  2.516486  0.276214 -25.069452  4.724806  5.738479  4.243358  0.483541  5.370578 -0.464233  2.820758  6.782232  9.278499 37.770665 41.815138 52.540096 40.861004 -105.321580  0.810594  0.223057  3.280241  0.856147 -4.817670 29.777632  8.006471 -4.595315  5.502690  6.183657  1.283069 32.283415 30.949609 38.286250 28.451240 25.536923 -7.244590 -1.434905 24.948224 -2.691532 -8.172617  9.216095 -1.151291 -5.293687 -1.092172 -8.418774 -6.308693  3.688186  9.229202  8.352511 -12.822097 20.907589 24.325855 21.131611 29.172198 35.931536 34.685810  1.653206 122.096241 127.327636 108.431755 24.712416 23.769762 46.804072  2.984371 18.288191 -4.645596 31.237709 -47.840523 15.342250 27.929997 33.485331 -33.277990 26.977330 39.015502  4.746482 30.798073 23.475682 104.488990 111.466803 79.225276 105.440635 22.880003 70.259464 112.053154 65.848561 115.202716 104.314729 93.848453 109.299707 63.801214 21.963070 98.257459 68.285255 27.350447 23.073177 20.050430 90.418022 106.849333 24.352869 130.117942 19.571158 29.276007 29.373285 24.895744 81.331481 96.352967 102.417452 113.034049 10.977340


Hessian

 -3.327e+07 -1.528e+06 -5.751e+06 -1.436e+06 -8.333e+05 -1.597e+07  2.195e+06  9.737e+05  1.775e+06   1.26e+06  1.668e+06 -6.324e+06  1.146e+06  6.996e+05   1.45e+06 -7.799e+05  8.284e+05  9.548e+05  7.262e+05  7.905e+05  4.202e+05  1.497e+06  1.605e+06  1.503e+06  3.594e+05  1.211e+06  1.529e+06  1.486e+06  1.537e+06  2.084e+06  1.986e+06  1.159e+06  1.301e+06  1.485e+06  1.556e+06  1.676e+06  1.259e+06  1.467e+06   1.68e+06  9.557e+05  1.598e+06  1.554e+06  1.726e+06  1.915e+06  1.572e+06  1.947e+06  1.936e+06  2.193e+06   2.32e+06  7.717e+05   6.02e+05  9.419e+05  9.368e+05  1.364e+06  1.546e+06  1.091e+06  8.362e+05  1.137e+06  6.366e+05  1.466e+06  1.713e+06  1.745e+06  1.709e+06  1.495e+06   1.46e+06  1.959e+06  2.006e+06   1.62e+06  1.734e+06  1.578e+06  1.052e+06  1.198e+06  1.215e+06   1.25e+06  1.071e+06   1.23e+06  1.258e+06  1.383e+06  1.419e+06  1.654e+06   1.31e+06  1.783e+06  1.426e+06  1.286e+06  1.411e+06  1.487e+06  1.433e+06  1.855e+06  1.756e+06   1.65e+06  1.786e+06   2.08e+06  1.762e+06  9.366e+05  1.181e+06  1.349e+06  1.588e+06  1.556e+06  1.737e+06  8.753e+05  1.273e+06  1.065e+06  1.486e+06  2.037e+06  2.181e+06   1.66e+06  1.919e+06  1.763e+06  1.772e+06  1.212e+06  1.454e+06  1.701e+06  1.929e+06  2.415e+06  3.081e+06  2.334e+06  3.061e+06  2.812e+06  2.188e+06  1.398e+06  2.628e+06  2.402e+06  2.911e+06  2.474e+06  1.893e+06  1.838e+06  1.519e+06  1.991e+06  2.548e+06  1.342e+06  1.993e+06   1.33e+06  1.882e+06  1.547e+06  2.176e+06  1.398e+06  2.244e+06  2.651e+06  2.381e+06  2.477e+06 -1.648e+05
 -1.528e+06 -9.562e+07 -3.033e+07 -5.054e+06 -5.441e+06 -3.544e+05  2.056e+06  1.306e+06  1.936e+06  1.467e+06  1.739e+06  1.296e+06  1.824e+06  8.439e+05  1.732e+06   1.64e+06  2.194e+06  1.552e+06  1.017e+06  1.097e+06  2.086e+06  2.553e+06  1.961e+06  1.828e+06  1.422e+06  1.914e+06  1.897e+06  1.425e+06  1.738e+06  1.648e+06  2.884e+06   1.68e+06  1.565e+06  1.618e+06  1.833e+06  1.847e+06   2.41e+06  1.839e+06  2.636e+06   1.12e+06  2.482e+06  1.737e+06  2.229e+06  1.926e+06      2e+06  1.325e+06  1.692e+06  1.886e+06  1.187e+06  1.853e+06   2.01e+06  1.136e+06  2.321e+06  2.036e+06  1.628e+06  1.582e+06  2.228e+06  1.502e+06  2.232e+06  2.145e+06  1.878e+06  1.596e+06  1.952e+06  2.153e+06  1.744e+06  2.203e+06  1.367e+06  1.846e+06   1.94e+06  1.629e+06  2.154e+06  1.516e+06  2.018e+06  1.512e+06  1.746e+06  1.427e+06  1.998e+06  1.416e+06  1.328e+06  1.388e+06  1.153e+06   1.87e+06  1.436e+06   1.64e+06  1.717e+06  1.427e+06  1.528e+06   1.47e+06  1.242e+06  1.456e+06  2.181e+06  1.671e+06  1.722e+06  1.607e+06   1.98e+06  1.593e+06  2.108e+06  1.917e+06  1.855e+06  2.447e+06  1.742e+06  2.186e+06  2.053e+06  1.958e+06   2.07e+06   2.01e+06  2.732e+06  1.671e+06  1.962e+06  1.986e+06  1.728e+06   1.67e+06  1.156e+06  1.273e+06 -8.019e+05  1.726e+06  2.555e+05  2.363e+06  1.317e+06  1.733e+06  1.343e+06  5.428e+05  1.581e+06  1.787e+06  1.099e+06  2.002e+06  1.341e+06  7.684e+05  2.311e+06  2.087e+06  2.258e+06  1.284e+06  1.551e+06  1.903e+06  1.693e+06  1.845e+06  2.072e+06  1.952e+06  8.119e+05  2.006e+06  2.976e+05
 -5.751e+06 -3.033e+07 -2.195e+08 -1.702e+07 -2.093e+07 -3.046e+06  2.204e+06   1.45e+06  2.142e+06  1.617e+06  1.954e+06 -5.078e+04  1.985e+06  8.615e+05  1.879e+06  1.338e+06  2.498e+06   1.65e+06  1.037e+06  1.194e+06  2.169e+06  2.756e+06  2.094e+06  1.936e+06  1.077e+06  1.945e+06  1.722e+06   2.04e+06  1.752e+06   2.04e+06  2.753e+06  1.579e+06  1.688e+06  1.344e+06  2.138e+06  2.053e+06  1.764e+06  2.149e+06   2.53e+06  1.178e+06   2.88e+06  2.159e+06  3.111e+06  2.104e+06   2.22e+06  1.857e+06  1.961e+06   1.71e+06  2.054e+06   2.07e+06   2.95e+06  1.476e+06  2.424e+06  2.344e+06  2.179e+06  1.564e+06   2.31e+06   1.66e+06  1.538e+06  2.216e+06  2.298e+06  2.068e+06  2.009e+06  2.272e+06  2.044e+06  2.203e+06  1.802e+06  1.671e+06  2.367e+06  2.102e+06  2.253e+06  1.649e+06  2.242e+06  1.707e+06   2.14e+06  1.508e+06  2.252e+06  1.635e+06  1.728e+06  1.769e+06  1.163e+06  2.068e+06  1.534e+06  2.025e+06  1.903e+06  1.902e+06  1.862e+06  2.068e+06  1.862e+06  2.062e+06  1.865e+06   1.66e+06  2.078e+06  1.735e+06  2.391e+06  1.731e+06  2.215e+06  2.029e+06  2.099e+06  1.804e+06  1.708e+06  2.162e+06  2.252e+06  2.685e+06  2.002e+06  2.081e+06   2.54e+06  2.051e+06  1.944e+06  1.672e+06  1.691e+06   2.17e+06  2.242e+06  2.128e+06  2.278e+05  2.845e+06  2.378e+06  2.283e+06  2.815e+06  3.011e+06  2.495e+06  1.295e+06  2.377e+06  2.717e+06  1.407e+06  2.041e+06  1.698e+06  2.074e+06  2.621e+06  1.872e+06   2.61e+06 -1.941e+05  2.313e+06  1.433e+06  1.881e+06  1.425e+06  2.292e+06   1.97e+06   2.41e+06  2.092e+06  3.022e+05
 -1.436e+06 -5.054e+06 -1.702e+07 -9.577e+07 -5.823e+06 -7.682e+05  1.922e+06  1.119e+06  1.597e+06   9.65e+05   1.52e+06  7.119e+05  1.671e+06  5.974e+05  1.554e+06  1.324e+06  2.091e+06  1.241e+06  9.551e+05  9.514e+05  2.022e+06  1.731e+06  1.269e+06  1.608e+06   1.99e+06  1.868e+06  1.743e+06  1.356e+06  1.726e+06  1.533e+06   1.45e+06  1.896e+06  1.223e+06  1.305e+06   1.76e+06  1.594e+06  1.685e+06  1.527e+06  2.006e+06  7.212e+05  2.196e+06  1.573e+06  2.107e+06   1.34e+06  1.599e+06  1.642e+06  1.945e+06  1.685e+06  1.852e+06  1.884e+06  1.319e+06  1.022e+06  2.029e+06  1.873e+06  1.596e+06  1.083e+06   1.76e+06  1.435e+06  1.919e+06  2.016e+06  1.809e+06  1.372e+06  1.524e+06  1.659e+06  1.549e+06  1.919e+06  1.161e+06  1.796e+06  1.552e+06   1.46e+06  1.981e+06   1.37e+06  1.731e+06   1.18e+06  1.727e+06  1.188e+06   1.92e+06  1.665e+06  1.383e+06  1.435e+06  1.091e+06  1.233e+06  1.648e+06  1.545e+06  1.838e+06  1.847e+06  1.842e+06  1.505e+06  1.437e+06  1.604e+06  1.802e+06  2.658e+06  1.628e+06  1.604e+06  2.047e+06  1.337e+06   1.65e+06  1.499e+06  1.568e+06   1.89e+06  1.346e+06  1.589e+06  1.392e+06  2.817e+06  1.598e+06  1.382e+06  1.954e+06  1.549e+06  1.599e+06   1.02e+06  1.228e+06  1.867e+06  9.322e+05  2.211e+06  1.692e+06  9.284e+05  1.762e+06  1.897e+06  1.833e+06  1.677e+06  1.495e+06   1.09e+06   1.99e+06  3.913e+05  1.857e+06  1.635e+06  1.241e+06  1.492e+06  1.916e+06  9.909e+05  1.495e+06  1.586e+05   1.07e+06  5.197e+05   1.84e+06  2.589e+06  1.087e+06  1.458e+06  1.358e+06  1.338e+06  3.478e+05
 -8.333e+05 -5.441e+06 -2.093e+07 -5.823e+06 -8.768e+07      -2783  2.334e+06  1.332e+06  1.935e+06   1.69e+06   1.26e+06  2.172e+06  2.049e+06  9.116e+05  1.753e+06  1.733e+06  2.762e+06  1.576e+06  1.001e+06  1.059e+06  2.758e+06  2.627e+06  1.958e+06  1.577e+06  2.165e+06  2.249e+06  2.159e+06  2.124e+06    1.7e+06  1.293e+06  2.062e+06  1.418e+06  1.536e+06  1.346e+06  1.587e+06  1.681e+06  2.404e+06  1.862e+06  2.644e+06  1.105e+06  2.495e+06  1.927e+06  2.669e+06  1.977e+06  2.431e+06  1.666e+06  1.686e+06  1.218e+06  1.634e+06  2.631e+06   2.39e+06  1.353e+06  2.871e+06  2.109e+06  1.682e+06  1.463e+06  2.317e+06  1.659e+06  2.702e+06  2.576e+06  1.995e+06  1.775e+06  1.947e+06  2.019e+06   1.84e+06  1.043e+06  8.159e+05  2.352e+06  1.956e+06   1.73e+06  2.375e+06  1.522e+06  2.289e+06  1.518e+06  2.045e+06  1.604e+06  2.151e+06  1.916e+06  1.786e+06   1.65e+06   1.63e+06  2.083e+06  1.511e+06  1.619e+06  2.212e+06  1.854e+06  1.907e+06  2.024e+06  1.953e+06  1.071e+06  1.597e+06  1.926e+06  1.706e+06  2.388e+06  2.496e+06  1.531e+06  2.262e+06  1.813e+06  2.079e+06  2.378e+06  1.645e+06  2.331e+06  1.985e+06  2.141e+06  1.835e+06  1.759e+06  1.623e+06  1.793e+06  1.927e+06   1.96e+06  1.704e+06  1.829e+06  9.822e+05  1.933e+06  1.334e+06  2.156e+06  1.579e+06  1.255e+06  1.718e+06  2.087e+06  2.713e+06  2.084e+06  1.671e+06  1.137e+06  1.439e+06  2.051e+06  1.441e+06  1.016e+06  2.298e+06  1.939e+06  1.969e+06  1.093e+06  1.878e+06   2.01e+06  2.199e+06  2.032e+06  1.933e+06  1.933e+06  1.772e+06  2.486e+06  3.494e+05
 -1.597e+07 -3.544e+05 -3.046e+06 -7.682e+05      -2783 -3.013e+07  2.096e+06  8.372e+05  1.732e+06  1.186e+06  1.612e+06 -1.013e+07   7.61e+05  6.595e+05  1.236e+06 -1.786e+06  1.468e+05  6.224e+05  5.621e+05  6.174e+05 -3.124e+05  1.123e+06  1.546e+06  1.246e+06 -3.867e+05  8.891e+05  1.381e+06  1.323e+06  1.312e+06  2.151e+06  1.895e+06   7.28e+05  1.283e+06  1.088e+06  1.378e+06  1.508e+06 -4.746e+04  1.189e+06   1.15e+06  8.455e+05   1.08e+06  1.347e+06  1.483e+06  1.754e+06  1.255e+06   1.97e+06  1.855e+06  2.066e+06  2.398e+06  1.276e+05 -4.189e+04   8.08e+05  1.283e+05  1.028e+06  1.313e+06  9.606e+05   2.45e+05  1.007e+06 -4.273e+04  1.136e+06   1.54e+06  1.629e+06  1.706e+06  1.281e+06  1.368e+06  2.263e+06   2.18e+06  1.398e+06  1.538e+06  1.492e+06  5.008e+05  1.081e+06  7.946e+05  1.117e+06  9.757e+05  1.202e+06  1.131e+06  1.236e+06  1.227e+06   1.63e+06  1.311e+06  1.422e+06  1.207e+06  1.254e+06  1.386e+06  1.264e+06  1.432e+06  1.645e+06  1.786e+06   1.84e+06  1.871e+06  2.028e+06   1.62e+06  5.042e+05  8.895e+05  1.275e+06  1.337e+06  1.301e+06  1.694e+06  3.781e+05  1.113e+06  8.045e+05  1.371e+06  1.606e+06   2.14e+06  1.481e+06  1.415e+06  1.726e+06  1.831e+06  1.102e+06  1.163e+06   1.46e+06  2.173e+06  2.276e+06  2.604e+06  2.281e+06  2.707e+06  2.583e+06  2.445e+06   1.36e+06  2.591e+06  2.158e+06  2.771e+06  2.204e+06   1.78e+06  1.845e+06   1.68e+06  1.753e+06  2.358e+06  1.161e+06  1.797e+06  1.039e+06   1.91e+06  1.376e+06  1.994e+06  9.203e+05  2.038e+06  2.277e+06  2.777e+06  2.391e+06 -3.076e+04
  2.195e+06  2.056e+06  2.204e+06  1.922e+06  2.334e+06  2.096e+06 -2.482e+08 -2.942e+06 -8.103e+07 -4.469e+06 -1.564e+07 -1.435e+08  -7.15e+05 -2.984e+05 -1.303e+05 -4.002e+07 -7.419e+06 -2.538e+06 -5.327e+05 -5.057e+05 -9.291e+06 -5.725e+06 -1.732e+06 -4.909e+05 -1.404e+07 -5.238e+06 -2.663e+06  9.037e+04 -3.251e+05  2.629e+06 -1.876e+05 -4.819e+06 -1.154e+06 -3.734e+06 -1.572e+06   1.77e+05 -1.289e+07 -1.916e+06 -7.603e+06  -2.53e+05 -6.863e+06 -1.687e+06 -5.168e+06   2.69e+05 -3.015e+06  1.907e+05 -2.429e+05  2.607e+06  1.809e+06 -8.304e+06 -1.274e+07 -1.364e+06 -1.218e+07 -3.327e+06  -1.66e+05 -1.812e+05  -8.81e+06 -1.689e+06 -9.645e+06 -2.479e+06  6.168e+05  1.437e+06  1.451e+06 -7.392e+05  6.954e+05  3.847e+06  3.546e+06 -2.409e+05   5.61e+05  7.772e+05 -5.247e+06 -3.258e+05 -3.297e+06   3.72e+05 -1.814e+06  1.055e+06 -1.067e+05  3.217e+05   6.63e+05  1.717e+06  1.647e+06 -2.334e+05  5.166e+05  9.281e+05   7.02e+05  9.135e+05  1.894e+06  1.374e+06  1.888e+06  1.915e+06   2.93e+06  2.859e+06   1.54e+06 -7.929e+06  -5.39e+06 -8.506e+05   -3.3e+06 -1.843e+06 -6.757e+05 -8.802e+06 -1.167e+06 -4.279e+06 -1.303e+06 -1.027e+06  1.573e+06  1.157e+06 -1.551e+06  7.417e+04  3.394e+05 -1.344e+06  -1.01e+06 -1.221e+06  1.153e+06  3.684e+05 -6.024e+05  2.043e+06  2.399e+06  2.766e+06  2.461e+06  1.547e+06  1.598e+06  3.955e+06  3.524e+06   3.72e+06  4.874e+05   1.82e+06  1.689e+06  2.277e+06  3.406e+06 -1.878e+06  1.831e+06 -2.715e+06  1.832e+06  7.271e+05  1.533e+06  2.411e+06  2.773e+05  2.677e+06  2.039e+06  1.525e+06    9.8e+05
  9.737e+05  1.306e+06   1.45e+06  1.119e+06  1.332e+06  8.372e+05 -2.942e+06 -4.052e+07 -7.532e+05 -1.167e+05  5.052e+05  -2.02e+06  3.743e+05  4.811e+05  6.638e+05 -9.204e+05 -7.181e+05 -6.212e+05       3529  2.106e+05 -6.353e+05 -1.469e+05  5.296e+05   3.73e+05 -5.118e+05 -1.349e+05  2.813e+05  7.546e+05  6.083e+05   1.77e+06  1.667e+06 -1.521e+05  6.171e+05 -2.201e+05  5.219e+05  8.687e+05 -9.341e+05  4.813e+05 -5.382e+05  3.598e+05 -4.974e+05  2.755e+05   3.84e+05  8.046e+05  1.605e+05  1.313e+06  7.215e+05  1.546e+06  1.134e+06  -5.95e+05 -2.717e+06  6.868e+04  -1.29e+06 -2.988e+05   3.97e+05  3.594e+05 -7.515e+05  4.496e+05 -1.133e+06  1.261e+05  7.953e+05  1.103e+06  1.255e+06   6.12e+05  1.026e+06  1.629e+06  1.633e+06  8.131e+05  7.138e+05  7.985e+05 -3.584e+05  5.671e+05 -6.475e+04  6.638e+05  4.446e+05  9.105e+05  6.849e+05  8.736e+05  1.133e+06  1.084e+06  1.263e+06   4.61e+05   6.93e+05  9.241e+05  8.481e+05  7.246e+05  9.787e+05  6.382e+05  8.847e+05   1.18e+06  9.579e+05  1.057e+06  1.026e+06 -6.167e+04  1.926e+05  7.573e+05  3.557e+05  4.859e+05  1.098e+06 -6.178e+05  3.093e+05   2.03e+05  8.489e+05  1.036e+06  1.371e+06  1.184e+06  3.025e+05  8.032e+05  1.288e+06  8.136e+05  7.895e+05  7.331e+05  1.605e+06  5.457e+05  1.656e+06  1.109e+06  1.881e+06  2.105e+06   1.29e+06  1.577e+06  1.875e+06   1.34e+06  1.239e+06  1.402e+06  1.535e+06  1.412e+06  1.239e+06  2.088e+06  1.867e+06  1.089e+06  1.647e+06  3.148e+05  1.377e+06  1.322e+06  1.473e+06  1.098e+06   2.04e+06  1.598e+06  1.285e+06  9.279e+05  5.333e+05
  1.775e+06  1.936e+06  2.142e+06  1.597e+06  1.935e+06  1.732e+06 -8.103e+07 -7.532e+05 -2.676e+08  -1.14e+07 -3.576e+07 -5.943e+07 -8.204e+05 -1.902e+05  2.828e+05 -2.063e+07 -4.586e+06 -4.871e+05  2.731e+05  1.563e+05 -7.922e+06 -3.399e+06 -7.508e+05   3.91e+05 -1.085e+07  -3.84e+06 -1.611e+06   5.24e+05 -3.105e+05  2.447e+06 -1.356e+06 -3.273e+06 -2.746e+05 -2.356e+06 -6.764e+05  6.848e+04 -1.069e+07  -2.07e+06 -5.121e+06 -1.786e+05 -4.607e+06 -9.973e+05 -2.972e+06  2.157e+05 -1.405e+06 -3.784e+04 -3.985e+05  2.803e+06  2.187e+06 -5.416e+06 -8.275e+06 -3.929e+05 -7.691e+06 -1.373e+06  4.473e+05  4.233e+05 -5.431e+06 -8.528e+05  -6.99e+06 -1.063e+06  3.217e+05  1.407e+06  1.309e+06 -1.081e+05  1.015e+06  2.559e+06  3.057e+06  5.142e+05  3.148e+05  1.051e+06  -2.51e+06  5.377e+05 -1.063e+06  8.548e+05 -6.002e+05  1.303e+06  4.348e+05  3.866e+05  1.289e+06   1.77e+06  1.325e+06  2.328e+05  1.293e+06      1e+06  1.027e+06  1.254e+06  1.744e+06  1.945e+06  2.022e+06  2.354e+06  8.949e+05  1.333e+06  1.902e+06 -6.386e+06 -3.704e+06 -3.125e+05 -2.364e+06 -2.358e+05 -3.019e+05 -6.323e+06 -2.322e+05 -3.064e+06 -1.201e+06   1.11e+06  1.192e+06  7.668e+05 -3.235e+05  2.005e+05  4.778e+05 -1.887e+06 -1.759e+06 -1.337e+06  4.154e+05 -5.756e+05 -3.056e+05  9.744e+05 -1.846e+06   2.01e+06   1.23e+06  1.381e+06  2.034e+06  4.071e+06  2.269e+06  2.004e+06  3.375e+05  1.249e+06  8.104e+05  2.037e+06  3.161e+06 -2.387e+06  1.128e+06 -3.693e+06  1.468e+06 -5.091e+04  1.426e+06 -8.305e+05  8.504e+05  2.235e+06  2.566e+06   1.72e+06  9.236e+05
   1.26e+06  1.467e+06  1.617e+06   9.65e+05   1.69e+06  1.186e+06 -4.469e+06 -1.167e+05  -1.14e+07 -8.174e+07 -1.142e+06 -3.615e+06  4.733e+05  1.845e+05  7.541e+05 -1.875e+06  -6.99e+05  2.032e+05  4.273e+05  4.391e+05 -5.913e+05 -7.421e+05 -1.218e+05  8.267e+05 -2.135e+06 -8.422e+05 -1.576e+05 -4.878e+05 -2.533e+05  1.964e+06  9.692e+04 -6.092e+05  6.624e+05 -5.151e+05  1.335e+05   8.16e+05 -2.736e+06 -4.182e+04 -1.548e+06 -7.548e+04 -9.485e+05  1.804e+05 -6.831e+05  4.309e+04 -3.204e+05  4.951e+05  3.647e+05  1.908e+06  9.292e+05 -3.909e+05 -2.749e+06  2.318e+05 -1.945e+06 -7.096e+04  7.082e+05  2.565e+05 -9.889e+05  3.087e+05 -2.449e+06       6248  5.792e+05  1.204e+06  9.682e+05  4.967e+05  7.313e+05  1.961e+06  1.972e+06  4.889e+05  6.444e+05  8.321e+05 -5.312e+05  7.849e+05 -7.192e+04  6.631e+05   5.04e+05  7.758e+05  5.254e+05  9.492e+05  1.101e+06  1.096e+06  1.396e+06  5.607e+05  1.006e+06  9.982e+05  1.019e+06  9.651e+05  1.182e+06  1.405e+06   1.22e+06  1.633e+06  7.702e+05  5.709e+05  1.062e+06 -8.851e+05 -8.281e+05  3.843e+05 -2.646e+05  5.499e+05   4.05e+05 -1.271e+06  3.647e+05 -5.984e+05  8.443e+04 -1.004e+06  9.673e+05   9.94e+05 -2.378e+05  4.543e+05  7.339e+05 -1.234e+05  2.413e+05 -4.858e+04  2.094e+05 -5.448e+05  1.136e+06   9.48e+05  1.284e+06  2.226e+06  1.364e+06  1.061e+06  2.669e+06   2.37e+06  2.161e+06 -1.454e+05  3.834e+05  1.021e+06  1.023e+06  9.105e+05  2.653e+06 -3.466e+05  1.626e+06 -9.278e+05  3.693e+05  8.279e+04  1.099e+06  8.082e+05  8.666e+05  2.187e+06  1.415e+06  1.049e+06  6.673e+05
  1.668e+06  1.739e+06  1.954e+06   1.52e+06   1.26e+06  1.612e+06 -1.564e+07  5.052e+05 -3.576e+07 -1.142e+06 -1.325e+08 -1.173e+07   5.96e+04  2.124e+05  6.073e+05 -4.911e+06 -2.186e+05  1.068e+06  9.299e+05  8.992e+05 -2.248e+06  2.725e+05  9.443e+05  4.939e+05 -4.558e+06 -1.054e+05   3.48e+05  1.471e+06  -6.31e+04  1.303e+06  6.143e+05 -3.517e+05  8.068e+05 -4.236e+05  6.673e+05  -3.84e+05 -3.588e+06 -9.155e+05 -1.788e+05  4.865e+05 -5.125e+05  4.982e+05  3.196e+05  7.606e+05  5.615e+05  5.344e+05  3.709e+05  3.618e+05  5.837e+05  -1.67e+06 -2.641e+06  6.361e+05  -1.06e+06  1.108e+06  9.859e+05  1.333e+06 -6.354e+05   5.68e+05 -1.364e+06  9.498e+05  1.431e+06  1.426e+06  1.512e+06  1.211e+06   1.49e+06  2.153e+06  1.151e+06   1.48e+06  1.026e+06    1.5e+06  3.543e+05  1.281e+06  8.256e+05  1.435e+06  7.661e+05  1.537e+06  1.733e+06   2.32e+06  2.074e+06  1.594e+06  2.207e+06  1.539e+06  1.664e+06  1.883e+06  1.976e+06  1.674e+06  2.308e+06  2.733e+06  3.099e+06  1.816e+06  2.869e+06  1.439e+06  1.899e+06 -1.603e+06 -4.321e+04  6.154e+05 -1.346e+05  1.025e+06  4.337e+05 -1.163e+06  7.289e+05 -1.156e+05  7.344e+05 -7.945e+05  6.094e+05   7.68e+05  7.129e+05  5.417e+05  5.797e+05 -3.973e+05  6.602e+05  -1.35e+05  1.438e+05      -3594 -5.081e+05      -2482  7.868e+05  1.517e+06 -3.593e+05  4.558e+05  3.732e+05  4.301e+05 -7.124e+05  8.484e+05  1.265e+06  5.664e+05  1.527e+06  4.496e+05  1.112e+06  -1.74e+05  5.647e+05 -1.475e+06  1.109e+06  1.342e+06  1.773e+06  1.731e+05  2.072e+05  4.838e+05  1.383e+06  1.264e+06  8.251e+05
 -6.324e+06  1.296e+06 -5.078e+04  7.119e+05  2.172e+06 -1.013e+07 -1.435e+08  -2.02e+06 -5.943e+07 -3.615e+06 -1.173e+07  -8.75e+08 -2.731e+06 -2.879e+05      -2809 -1.011e+08 -8.972e+06 -3.004e+06 -6.732e+05  -7.75e+05 -1.177e+07 -5.716e+06 -1.487e+06 -2.677e+05 -1.989e+07 -7.265e+06 -2.667e+06  -6.29e+05 -5.635e+05  4.171e+06  1.634e+06 -5.045e+06 -1.959e+06 -4.751e+06 -1.542e+06 -2.619e+05 -1.802e+07 -2.568e+06  -7.09e+06 -3.139e+05 -6.707e+06 -1.431e+06 -6.528e+06  8.754e+05 -3.401e+06 -2.083e+05  4.208e+04  2.839e+06  2.391e+06 -9.812e+06 -1.627e+07 -1.766e+06 -1.428e+07  -3.93e+06 -4.081e+05 -2.864e+05 -1.005e+07 -2.444e+06   -1.4e+07 -3.478e+06  3.711e+05  8.847e+05  1.595e+06 -7.905e+05  6.682e+05  4.468e+06  4.262e+06 -9.805e+05  7.567e+05  6.149e+05 -8.691e+06 -2.505e+05 -3.834e+06  2.526e+05 -3.002e+06  5.818e+05 -9.635e+05 -3.814e+05  4.743e+05  1.966e+06  1.386e+06     -1e+06  5.838e+05  5.554e+05 -3.622e+05  6.613e+05  2.185e+06  1.629e+06  2.115e+06  9.035e+05  3.799e+06  2.781e+06  1.671e+06 -9.178e+06 -6.616e+06 -1.058e+06 -2.894e+06 -1.576e+06 -9.379e+05 -1.141e+07 -1.282e+06 -6.073e+06 -2.403e+06   -1.6e+06  2.288e+06  1.397e+06 -3.325e+06   4.61e+05  1.044e+06 -4.125e+06  9.713e+04 -1.015e+06  9.412e+05 -1.561e+05 -9.738e+05  2.897e+06    3.6e+06  4.126e+06  3.551e+06  3.431e+06   1.44e+06  6.196e+06  1.869e+06    4.3e+06  1.127e+06  2.639e+06  1.008e+06  1.995e+06  3.729e+06 -1.436e+06   2.32e+06 -4.323e+06  1.644e+06 -2.386e+05  3.658e+06  2.912e+06   1.08e+06  2.599e+06  4.522e+06  3.006e+06  7.767e+05
  1.146e+06  1.824e+06  1.985e+06  1.671e+06  2.049e+06   7.61e+05  -7.15e+05  3.743e+05 -8.204e+05  4.733e+05   5.96e+04 -2.731e+06 -1.481e+08 -1.085e+07 -3.973e+07 -2.285e+07 -5.408e+06 -4.278e+05  2.309e+05  1.764e+05 -7.204e+06  -2.25e+06 -4.543e+05   3.65e+05 -1.007e+07 -2.838e+06 -1.122e+06 -4.241e+05  5.794e+05  2.917e+06  1.038e+06 -2.401e+06 -5.968e+05 -2.678e+06 -2.145e+05  1.378e+05  -7.78e+06 -1.234e+06     -4e+06   3.53e+04 -3.943e+06  -7.06e+05 -2.994e+06    2.5e+05  -6.47e+05  8.111e+05  3.915e+05  2.039e+06   1.66e+06 -5.689e+06 -6.406e+06 -3.307e+05 -5.792e+06 -1.038e+06  3.522e+05  6.393e+05 -3.222e+06 -2.801e+05 -4.262e+06 -4.517e+05  6.107e+05  1.092e+06  1.312e+06  1.235e+06   1.16e+06  2.499e+06  2.396e+06  7.574e+05  1.235e+06  1.188e+06 -1.543e+06  5.697e+05 -4.356e+05  1.163e+06  5.247e+05  1.235e+06    1.3e+06  1.929e+06  1.856e+06  1.533e+06  1.883e+06  1.437e+06  1.416e+06  1.602e+06  2.054e+06  1.757e+06  1.926e+06  2.626e+06    1.5e+06  2.146e+06  2.032e+06  2.838e+06  1.822e+06 -5.901e+06 -2.865e+06  1.798e+05 -1.704e+06 -6.296e+05 -2.168e+05 -4.871e+06 -6.616e+04 -2.193e+06 -3.239e+05 -8.427e+05  1.396e+06  1.294e+06 -1.225e+05  7.525e+05  9.257e+05  -6.21e+05   1.96e+05 -7.048e+05  6.638e+05  1.038e+06  1.155e+06  6.703e+05  1.991e+06  1.545e+06  1.132e+06  6.331e+05  1.824e+06  1.529e+06  2.689e+06  1.187e+06  1.339e+06  4.325e+05  1.115e+06  2.818e+06  2.923e+06  -8.14e+05  1.632e+06  3.958e+05  1.054e+06  8.396e+05  1.979e+06  1.064e+06  2.366e+05  2.587e+06  2.583e+06  1.348e+06  8.473e+05
  6.996e+05  8.439e+05  8.615e+05  5.974e+05  9.116e+05  6.595e+05 -2.984e+05  4.811e+05 -1.902e+05  1.845e+05  2.124e+05 -2.879e+05 -1.085e+07  -6.03e+07  1.091e+04 -2.431e+06 -8.952e+05  4.543e+05  5.268e+05  4.111e+05 -1.624e+06 -1.042e+05 -7.746e+04   6.96e+05 -2.191e+06 -3.348e+05  3.183e+05  1.572e+05  7.439e+05  8.399e+05 -1.272e+05  2.235e+05  4.082e+05  2.471e+05  4.465e+05  2.924e+05 -1.448e+06  9.149e+04 -5.086e+05  1.694e+05 -5.806e+05  2.703e+05 -2.742e+04  1.901e+04  4.774e+05  5.798e+05  7.945e+05  8.194e+05  6.032e+05  -9.29e+05 -5.519e+05  2.697e+05 -5.345e+05  4.691e+05   7.07e+05  5.936e+05 -4.144e+05  3.017e+05  1.653e+05  5.683e+05  5.845e+05  7.442e+05  8.893e+05  5.403e+05  7.786e+05  1.075e+06  1.187e+06  1.063e+06  8.227e+05  8.907e+05  4.108e+05  7.471e+05  5.402e+05  8.719e+05  7.681e+05  8.109e+05  1.036e+06  1.187e+06  1.188e+06  1.102e+06  1.185e+06   1.23e+06  1.039e+06  1.012e+06  1.501e+06  1.367e+06  1.106e+06  1.124e+06  1.143e+06  1.447e+06  1.471e+06  1.082e+06  1.226e+06 -1.342e+06 -3.108e+05  4.818e+05  5.407e+04  2.432e+05  4.174e+05 -3.505e+05  5.413e+05 -2.562e+05  1.356e+05 -6.395e+05   4.29e+05  4.701e+05 -9.691e+04   3.31e+05  8.242e+05  1.922e+04   2.61e+05   2.49e+05  1.327e+04  6.716e+05  8.517e+05  5.556e+05   2.17e+05   1.33e+06   1.09e+06  2.163e+05   7.16e+05  5.073e+04  6.044e+05  7.263e+05 -3.152e+05  5.719e+05  1.781e+05  9.741e+05  7.906e+05 -3.843e+05  6.476e+05 -3.099e+05  1.184e+05 -5.713e+04  1.074e+06 -7.507e+05  8.597e+05  4.671e+04  7.656e+05  4.298e+05  4.848e+05
   1.45e+06  1.732e+06  1.879e+06  1.554e+06  1.753e+06  1.236e+06 -1.303e+05  6.638e+05  2.828e+05  7.541e+05  6.073e+05      -2809 -3.973e+07  1.091e+04 -7.786e+07 -8.351e+06 -2.593e+06  1.438e+05  3.455e+05  5.546e+05 -3.634e+06  -9.12e+05    4.1e+05  4.988e+05  -4.75e+06 -9.108e+05     -2e+05  5.796e+05  7.493e+05  1.983e+06  1.546e+06 -5.063e+05  8.447e+04  -8.25e+05  8.622e+04  2.394e+05 -3.523e+06  1.248e+05 -1.907e+06  4.544e+05 -1.963e+06  2.305e+05 -7.365e+05  9.341e+05 -9.352e+04  9.702e+05  7.221e+05  1.488e+06  1.278e+06 -2.436e+06 -2.833e+06  2.946e+05  -2.66e+06 -2.299e+05  6.541e+05  8.713e+05 -1.048e+06  6.677e+05 -1.801e+06   3.13e+05  1.266e+06  1.379e+06  1.593e+06  1.388e+06  1.418e+06  1.935e+06  1.575e+06  1.447e+06  1.305e+06  1.361e+06 -7.239e+04  7.838e+05  7.493e+05  1.387e+06  1.536e+06  1.535e+06  1.969e+06  2.206e+06  2.131e+06  1.372e+06  2.174e+06  2.101e+06   1.51e+06  1.876e+06   2.22e+06  2.011e+06   2.03e+06  2.486e+06  2.474e+06  1.963e+06  2.449e+06  2.575e+06  1.688e+06 -2.551e+06 -8.963e+05  9.031e+05 -4.846e+05 -1.554e+05  6.945e+05 -2.036e+06   4.66e+05 -4.671e+05  5.653e+05  6.506e+05  1.357e+06  1.231e+06  8.075e+05  1.152e+06  1.368e+06  8.736e+05  7.775e+05  7.077e+05  1.112e+06   1.21e+06  1.732e+06  1.665e+06   1.25e+06  1.825e+06  1.184e+06  1.485e+06  2.522e+06  7.358e+05  1.171e+06  1.866e+05  1.785e+06  1.144e+06  1.191e+06   1.66e+06  2.481e+06  8.842e+05  1.509e+06   9.38e+05  1.704e+06  1.591e+06  2.137e+06  4.629e+05  1.271e+06  2.271e+06    1.8e+06  1.454e+06   7.23e+05
 -7.799e+05   1.64e+06  1.338e+06  1.324e+06  1.733e+06 -1.786e+06 -4.002e+07 -9.204e+05 -2.063e+07 -1.875e+06 -4.911e+06 -1.011e+08 -2.285e+07 -2.431e+06 -8.351e+06 -6.164e+08 -1.624e+07 -3.001e+06 -6.451e+05 -6.333e+05 -1.777e+07  -6.46e+06 -1.659e+06 -5.149e+05 -2.595e+07 -8.246e+06 -4.113e+06 -1.666e+06 -8.901e+05  2.831e+06  -1.68e+06 -7.102e+06  -2.43e+06 -6.052e+06 -2.001e+06 -1.434e+06 -1.803e+07 -3.438e+06 -8.391e+06 -7.839e+05 -9.072e+06 -2.551e+06 -6.621e+06 -1.085e+06 -3.721e+06  3.115e+05   -7.1e+05  2.933e+06  8.058e+05 -1.934e+07 -1.163e+07 -2.097e+06  -1.34e+07 -4.191e+06 -9.286e+05  -6.68e+05 -9.338e+06 -2.659e+06 -1.167e+07 -4.264e+06 -6.274e+05  1.645e+06  7.791e+05 -4.084e+05  5.988e+05  4.168e+06  4.061e+06 -1.279e+05  7.713e+05  5.618e+05 -7.739e+06 -6.118e+05 -4.452e+06  1.475e+05 -3.081e+06  4.145e+05  -4.69e+05 -1.876e+05  1.223e+05  1.374e+06  2.653e+05   7.76e+05  1.126e+05  8.647e+05  5.775e+05  2.574e+05  1.162e+06  1.339e+06  2.164e+06  2.368e+06  1.743e+06  2.867e+06  6.714e+05 -1.268e+07 -7.537e+06 -1.856e+06 -5.594e+06 -3.687e+06 -1.638e+06 -1.396e+07 -2.393e+06 -6.929e+06 -3.088e+06 -9.173e+05  6.331e+05  3.368e+05  5.029e+05 -2.987e+05  3.169e+04 -2.087e+06 -4.391e+05   1.35e+06 -1.148e+06  3.117e+05 -5.345e+05  3.544e+06  2.744e+06  2.741e+06 -7.503e+05  1.052e+06  3.191e+06  4.125e+06  4.254e+06  1.208e+06  6.232e+05  6.509e+05  1.115e+06  1.102e+06   2.69e+06 -1.961e+06  1.344e+06 -4.298e+06    6.6e+05 -1.161e+06  1.526e+06 -2.702e+06 -2.658e+06  3.251e+06  1.747e+06  1.297e+06  7.897e+05
  8.284e+05  2.194e+06  2.498e+06  2.091e+06  2.762e+06  1.468e+05 -7.419e+06 -7.181e+05 -4.586e+06  -6.99e+05 -2.186e+05 -8.972e+06 -5.408e+06 -8.952e+05 -2.593e+06 -1.624e+07 -7.808e+08  5.278e+05  4.668e+05   3.51e+05 -3.383e+08 -6.766e+06 -2.196e+06 -1.235e+06  -1.32e+08 -1.687e+07 -7.137e+06 -2.042e+06 -3.083e+06  1.592e+06 -1.926e+06 -1.044e+07 -4.527e+06 -9.772e+06 -4.162e+06 -2.455e+06 -3.549e+07 -7.317e+06 -1.642e+07 -1.243e+06 -1.463e+07  -3.37e+06 -1.135e+07 -1.967e+06 -5.106e+06  -2.72e+05 -1.594e+06  2.521e+06  1.693e+06  -7.13e+07 -2.149e+07  -3.04e+06 -1.751e+07 -6.234e+06 -1.508e+06 -6.428e+05 -1.636e+07 -4.568e+06 -1.503e+07 -5.123e+06 -6.189e+05  1.167e+06  1.129e+06 -1.687e+06 -1.578e+05  2.304e+06  3.996e+06 -2.121e+06 -2.329e+05  2.529e+05 -9.538e+06 -8.084e+05  -6.06e+06  -1.62e+05   -4.6e+06  2.939e+05 -1.274e+06  3.751e+05  6.386e+05  1.322e+06  1.796e+06  -1.22e+06  7.849e+05  6.678e+05  1.187e+06  2.319e+05  1.461e+06  1.885e+06  2.352e+06  2.521e+06  2.967e+06  1.707e+06  7.124e+05 -2.238e+07 -1.265e+07 -2.953e+06 -8.733e+06 -4.668e+06 -1.754e+06  -2.05e+07 -2.835e+06 -1.056e+07     -3e+06  1.229e+05  6.508e+05  7.428e+04 -1.412e+06  -1.11e+06 -1.873e+06 -5.715e+06 -1.875e+06  -1.66e+05  3.504e+05 -4.259e+06  8.408e+05  2.557e+06  2.923e+06  1.297e+06  2.909e+06 -6.875e+05  2.672e+05  2.727e+06  2.921e+06  1.349e+06 -4.357e+05  2.029e+05  7.346e+05  6.361e+05  2.945e+06 -2.838e+06  1.592e+06 -8.036e+05  2.071e+06  3.494e+05  2.018e+06 -2.834e+06  1.928e+06  3.073e+06  3.934e+06  2.598e+06  1.085e+06
  9.548e+05  1.552e+06   1.65e+06  1.241e+06  1.576e+06  6.224e+05 -2.538e+06 -6.212e+05 -4.871e+05  2.032e+05  1.068e+06 -3.004e+06 -4.278e+05  4.543e+05  1.438e+05 -3.001e+06  5.278e+05 -1.118e+08 -1.337e+07 -2.094e+07  -1.22e+07 -3.485e+06 -1.003e+06 -6.361e+05 -6.927e+06 -3.066e+06 -1.896e+06 -8.897e+05 -7.692e+05  1.922e+06 -9.157e+04 -2.934e+06 -1.128e+06 -3.731e+06 -1.092e+06   8.46e+04 -6.929e+06 -1.119e+06 -4.823e+06 -4.416e+05 -5.309e+06 -1.112e+06 -2.838e+06  1.952e+04 -2.074e+06  4.286e+05 -7.012e+05  1.521e+06  1.116e+06 -2.923e+06 -9.424e+06 -1.125e+06 -7.473e+06 -2.348e+06 -3.151e+04 -2.955e+05  -4.15e+06 -7.164e+05 -5.848e+06 -1.383e+06  2.101e+05  1.224e+06   1.14e+06 -1.688e+05  6.286e+05  1.799e+06  2.193e+06 -1.347e+04  1.402e+05  6.239e+05 -3.409e+06 -3.859e+05 -2.147e+06  2.136e+05 -1.337e+06  4.528e+05  -1.89e+05   7.09e+05  2.057e+05  7.244e+05  1.127e+06 -7.868e+04  3.715e+05  4.588e+05  3.891e+05  2.797e+05  1.222e+06  6.408e+05  1.162e+06  1.678e+06  2.066e+06  1.116e+06  7.202e+05 -3.179e+06 -1.991e+06  8.758e+04 -1.169e+06 -7.443e+05  2.986e+05  -4.18e+06  -8.52e+05 -1.661e+06 -3.462e+05 -1.578e+06  1.449e+06  1.105e+06 -6.276e+05  9.122e+05  1.272e+06 -1.911e+05   6.31e+05  5.442e+05  9.947e+05  1.274e+06  2.117e+06   1.95e+06  2.535e+06  1.728e+06  1.906e+06   1.38e+06  1.393e+06  9.108e+05  2.893e+06  2.441e+06  1.466e+06  7.421e+05  1.503e+06  2.353e+06  2.115e+06  7.165e+05   1.36e+06 -5.594e+05   1.05e+06  1.231e+06  2.241e+06   1.68e+06  2.009e+06  3.011e+06  9.795e+05  1.791e+06  6.679e+05
  7.262e+05  1.017e+06  1.037e+06  9.551e+05  1.001e+06  5.621e+05 -5.327e+05       3529  2.731e+05  4.273e+05  9.299e+05 -6.732e+05  2.309e+05  5.268e+05  3.455e+05 -6.451e+05  4.668e+05 -1.337e+07 -2.975e+07  1.079e+06 -2.036e+06 -9.344e+05       4171  2.711e+04 -1.992e+06  -5.19e+05 -2.979e+05  3.106e+05  3.388e+05  1.208e+06  1.029e+06 -7.825e+05  1.251e+04 -9.003e+05 -1.146e+05  1.954e+05 -2.003e+06  4.203e+04 -1.447e+06  1.677e+05 -1.435e+06 -1.692e+05 -7.439e+05  5.596e+05  -4.63e+05  7.103e+05  4.736e+05  1.101e+06  9.762e+05 -7.096e+05 -2.945e+06 -8.355e+04  -2.02e+06 -5.944e+05  1.235e+05  7.896e+04 -9.303e+05  1.967e+05 -1.618e+06 -1.975e+05  6.136e+05  7.476e+05  8.344e+05  7.462e+04  5.577e+05  1.574e+06  1.482e+06    2.6e+05  5.225e+05  4.706e+05 -7.367e+05  1.803e+05 -2.081e+05  4.169e+05 -2.056e+05  6.336e+05   2.52e+05  6.336e+05  5.685e+05  6.673e+05  8.266e+05  1.867e+05  3.917e+05  6.588e+05  6.449e+05  2.684e+05  8.074e+05  7.844e+05  7.977e+05  1.283e+06  1.478e+06  8.656e+05  7.794e+05 -5.651e+05 -1.956e+05  4.992e+05  1.396e+05  7.364e+04  7.213e+05 -9.938e+05  1.199e+05 -1.348e+05  5.441e+05  9.568e+05  1.252e+06  1.021e+06  2.247e+05   7.89e+05  1.097e+06  7.632e+05  9.364e+05   6.36e+05  1.355e+06  8.061e+05  1.302e+06  1.368e+06  1.335e+06  1.839e+06  1.172e+06  4.801e+05  1.203e+06  8.912e+05  2.084e+06  1.979e+06   9.64e+05  1.206e+06  1.273e+06  1.737e+06  1.912e+06  9.999e+05  1.074e+06    6.3e+05  1.079e+06  7.746e+05  1.105e+06  5.318e+05  1.392e+06  1.935e+06  1.548e+06  1.105e+06  4.098e+05
  7.905e+05  1.097e+06  1.194e+06  9.514e+05  1.059e+06  6.174e+05 -5.057e+05  2.106e+05  1.563e+05  4.391e+05  8.992e+05  -7.75e+05  1.764e+05  4.111e+05  5.546e+05 -6.333e+05   3.51e+05 -2.094e+07  1.079e+06 -3.823e+07 -3.695e+06 -9.475e+05 -2.121e+04  3.198e+05 -2.446e+06 -9.214e+05 -2.937e+05 -9.652e+04   2.74e+05  1.525e+06   5.33e+05 -6.919e+05 -5.024e+04 -9.858e+05  -1.34e+05  5.954e+05 -2.952e+06   1.15e+04 -1.275e+06  2.039e+05 -1.582e+06  2.425e+04 -1.128e+06  5.146e+05 -3.707e+05  6.713e+05  2.139e+05  1.296e+06  1.424e+06 -9.752e+05 -3.167e+06 -3.674e+04 -2.689e+06 -5.104e+05  4.494e+05  2.713e+05  -1.34e+06       6472 -2.055e+06 -1.878e+05  5.529e+05   9.06e+05  8.861e+05  3.026e+05  7.576e+05  1.333e+06  1.469e+06  5.517e+05  6.378e+05  7.107e+05 -9.945e+05  1.897e+05 -5.434e+05  5.105e+05 -1.822e+05  6.324e+05  3.582e+05  6.026e+05  7.383e+05   9.58e+05  9.928e+05  5.456e+05   7.94e+05  5.076e+05  7.229e+05  7.639e+05  1.008e+06  7.727e+05  1.027e+06  1.281e+06  8.417e+05  8.803e+05  9.158e+05 -1.023e+06 -4.756e+05  4.393e+05 -3.651e+04  1.465e+05  7.363e+05 -1.116e+06   1.22e+05 -4.276e+05   1.57e+05  2.604e+04  1.156e+06  8.929e+05  4.942e+05  7.752e+05   9.41e+05  6.538e+04  5.568e+05  1.192e+06  8.609e+05    8.1e+05  1.568e+06  1.405e+06  1.587e+06  1.539e+06   1.76e+06  1.259e+06  1.624e+06  2.431e+06  2.011e+06  1.363e+06  1.283e+06  8.759e+05   1.09e+06  1.248e+06  1.855e+06  1.023e+06  1.179e+06 -1.784e+04  1.172e+06  9.383e+05  1.148e+06  9.402e+05  1.012e+06  1.979e+06  1.887e+06  1.154e+06  5.125e+05
  4.202e+05  2.086e+06  2.169e+06  2.022e+06  2.758e+06 -3.124e+05 -9.291e+06 -6.353e+05 -7.922e+06 -5.913e+05 -2.248e+06 -1.177e+07 -7.204e+06 -1.624e+06 -3.634e+06 -1.777e+07 -3.383e+08  -1.22e+07 -2.036e+06 -3.695e+06 -1.593e+09 -1.459e+07 -4.201e+06 -2.222e+06 -3.094e+08 -2.584e+07 -9.935e+06 -4.816e+06 -5.078e+06 -1.311e+06  -3.22e+06  -1.46e+07 -7.356e+06 -1.458e+07 -6.418e+06 -5.251e+06 -6.954e+07 -1.379e+07 -2.678e+07 -2.609e+06 -2.323e+07 -6.577e+06 -1.877e+07 -3.645e+06 -8.499e+06 -2.406e+05 -3.308e+06  1.493e+06  5.666e+05 -6.118e+07 -2.957e+07 -2.915e+06 -2.147e+07 -5.669e+06 -1.806e+06  1.478e+05 -1.773e+07 -5.226e+06 -1.845e+07 -4.949e+06 -1.629e+06  1.113e+06  4.047e+05  -2.41e+06       7722  3.996e+06  4.188e+06 -2.708e+06 -3.536e+05  1.096e+06 -8.484e+06 -6.069e+05 -6.973e+06  1.087e+04 -5.523e+06   4.46e+05 -9.688e+05  6.503e+05   9.17e+05  1.521e+06  1.369e+06 -1.758e+06 -5.925e+05  3.112e+05  1.316e+06  9.601e+05  2.205e+06  2.486e+06  3.326e+06  3.397e+06  5.497e+05  1.317e+06  4.494e+04  -3.13e+07 -1.628e+07 -3.362e+06 -1.049e+07   -4.9e+06 -5.115e+06 -2.388e+07   -3.3e+06 -1.375e+07 -3.373e+06 -4.176e+05   1.25e+06 -1.314e+05 -2.585e+05  -1.68e+06 -1.101e+06 -1.026e+07 -1.671e+06 -4.082e+06  2.958e+05 -3.693e+06 -1.045e+07  1.047e+06 -2.767e+06  2.088e+06  3.216e+06 -4.922e+06  5.583e+06  4.134e+06  1.636e+06  1.288e+06  -1.63e+06  5.073e+05   1.97e+04 -3.165e+06  2.339e+06 -5.298e+06   6.42e+05 -5.343e+06 -4.221e+04 -2.591e+04 -9.428e+05   2.31e+06 -1.493e+06  5.199e+06   6.93e+06  3.483e+05  1.211e+06
  1.497e+06  2.553e+06  2.756e+06  1.731e+06  2.627e+06  1.123e+06 -5.725e+06 -1.469e+05 -3.399e+06 -7.421e+05  2.725e+05 -5.716e+06  -2.25e+06 -1.042e+05  -9.12e+05  -6.46e+06 -6.766e+06 -3.485e+06 -9.344e+05 -9.475e+05 -1.459e+07 -3.515e+08  -4.06e+07 -1.692e+07 -5.815e+07 -1.119e+07 -5.606e+06 -2.496e+06 -2.609e+06  2.756e+06 -1.672e+06 -9.001e+06 -2.834e+06 -5.988e+06 -3.607e+06 -1.933e+06 -1.762e+07 -4.799e+06 -1.308e+07 -1.535e+06 -1.267e+07 -3.761e+06  -8.21e+06 -2.312e+06 -4.393e+06 -7.933e+05 -1.015e+06  1.855e+06  1.159e+05 -9.167e+06 -1.525e+07  -1.66e+06 -1.207e+07 -3.436e+06 -1.023e+05 -1.107e+05 -9.467e+06 -2.528e+06 -1.136e+07 -2.905e+06 -2.159e+05  1.489e+06  1.594e+06 -6.668e+05  7.402e+05  3.616e+06  3.561e+06 -1.336e+06  5.889e+05  8.904e+05 -5.315e+06  -6.32e+05 -2.738e+06  6.303e+05 -1.921e+06  8.912e+05   -3.8e+04  1.265e+06  9.737e+05  1.562e+06  1.841e+06 -1.699e+05  1.541e+06  1.111e+06  1.274e+06  8.232e+05   1.59e+06   2.36e+06   2.83e+06  2.255e+06  1.003e+06  1.263e+06   1.46e+06 -1.052e+07 -6.629e+06  -1.58e+06 -5.035e+06 -2.829e+06 -6.141e+05 -8.823e+06 -9.572e+05 -4.906e+06 -1.749e+06  1.318e+05  1.666e+06  9.267e+05 -2.515e+05  1.439e+05  2.024e+05 -2.294e+06 -8.358e+05 -8.002e+05  -3.76e+05 -4.288e+05   2.41e+06  3.005e+06  2.548e+05  3.595e+06  2.531e+06  1.512e+06  1.839e+06  1.769e+06  2.142e+06 -1.412e+06  1.473e+05  6.938e+05  2.022e+06  3.394e+06  3.727e+06 -1.304e+06   2.15e+06 -9.572e+05  1.307e+06 -2.415e+05  1.552e+06 -2.299e+06  1.801e+06  2.984e+06  1.709e+06  3.558e+06  9.691e+05
