
 72

((monodelphis_domestica: 0.073485, (notamacropus_eugenii: 0.058710, sarcophilus_harrisii: 0.067063): 0.016221): 0.127241, ((choloepus_hoffmanni: 0.055000, dasypus_novemcinctus: 0.072374): 0.028820, ((echinops_telfairi: 0.132355, (procavia_capensis: 0.083522, loxodonta_africana: 0.046575): 0.016563): 0.030935, (((sorex_araneus: 0.155098, erinaceus_europaeus: 0.133463): 0.026246, ((pteropus_vampyrus: 0.062715, myotis_lucifugus: 0.085346): 0.017947, (((felis_catus: 0.005048, (panthera_tigris_altaica: 0.002508, panthera_pardus: 0.001814): 0.003460): 0.039177, (canis_familiaris: 0.044834, (mustela_putorius_furo: 0.042641, ailuropoda_melanoleuca: 0.030066): 0.009229): 0.010438): 0.027701, (equus_caballus: 0.058772, (vicugna_pacos: 0.056176, (sus_scrofa: 0.061798, (tursiops_truncatus: 0.040154, (bos_taurus: 0.014934, (ovis_aries: 0.006559, capra_hircus: 0.005135): 0.011580): 0.049891): 0.008996): 0.004723): 0.019950): 0.002281): 0.001264): 0.003581): 0.011891, ((tupaia_belangeri: 0.099279, ((oryctolagus_cuniculus: 0.057567, ochotona_princeps: 0.099911): 0.055155, (ictidomys_tridecemlineatus: 0.081936, (((fukomys_damarensis: 0.041882, heterocephalus_glaber_female: 0.033417): 0.018799, ((cavia_porcellus: 0.002472, cavia_aperea: 0.005024): 0.060748, (chinchilla_lanigera: 0.038258, octodon_degus: 0.059559): 0.007377): 0.013285): 0.060370, (dipodomys_ordii: 0.122916, (jaculus_jaculus: 0.098926, (nannospalax_galili: 0.070002, (((mesocricetus_auratus: 0.029646, cricetulus_griseus_chok1gshd: 0.027174): 0.017772, (peromyscus_maniculatus_bairdii: 0.039772, microtus_ochrogaster: 0.049671): 0.002998): 0.013173, ((mus_pahari: 0.017482, (mus_caroli: 0.008541, (mus_musculus: 0.003869, mus_spretus: 0.004048): 0.004987): 0.009494): 0.020556, rattus_norvegicus: 0.039092): 0.033556): 0.043345): 0.023019): 0.023061): 0.011825): 0.004009): 0.014308): 0.006984): 0.001683, ((otolemur_garnettii: 0.071421, (propithecus_coquereli: 0.021964, microcebus_murinus: 0.032698): 0.020821): 0.019321, (carlito_syrichta: 0.074286, (((aotus_nancymaae: 0.013141, callithrix_jacchus: 0.016553): 0.000672, (saimiri_boliviensis_boliviensis: 0.014422, cebus_capucinus: 0.012142): 0.002171): 0.022206, (((chlorocebus_sabaeus: 0.005840, ((papio_anubis: 0.003068, (cercocebus_atys: 0.003026, mandrillus_leucophaeus: 0.002832): 0.000740): 0.000793, (macaca_nemestrina: 0.001838, (macaca_mulatta: 0.001439, macaca_fascicularis: 0.000827): 0.000564): 0.002066): 0.001677): 0.003072, (colobus_angolensis_palliatus: 0.006298, (rhinopithecus_roxellana: 0.001161, rhinopithecus_bieti: 0.001448): 0.004805): 0.003121): 0.010301, (nomascus_leucogenys: 0.011555, (pongo_abelii: 0.009198, (gorilla_gorilla: 0.004482, ((pan_troglodytes: 0.001134, pan_paniscus: 0.001233): 0.002401, homo_sapiens: 0.003617): 0.000967): 0.004469): 0.001598): 0.005275): 0.010583): 0.035417): 0.006133): 0.009713): 0.012276): 0.014099): 0.002996): 0.153634, ornithorhynchus_anatinus: 0.313406);

  0.127241  0.073485  0.016221  0.058710  0.067063  0.153634  0.028820  0.055000  0.072374  0.002996  0.030935  0.132355  0.016563  0.083522  0.046575  0.014099  0.011891  0.026246  0.155098  0.133463  0.003581  0.017947  0.062715  0.085346  0.001264  0.027701  0.039177  0.005048  0.003460  0.002508  0.001814  0.010438  0.044834  0.009229  0.042641  0.030066  0.002281  0.058772  0.019950  0.056176  0.004723  0.061798  0.008996  0.040154  0.049891  0.014934  0.011580  0.006559  0.005135  0.012276  0.001683  0.099279  0.006984  0.055155  0.057567  0.099911  0.014308  0.081936  0.004009  0.060370  0.018799  0.041882  0.033417  0.013285  0.060748  0.002472  0.005024  0.007377  0.038258  0.059559  0.011825  0.122916  0.023061  0.098926  0.023019  0.070002  0.043345  0.013173  0.017772  0.029646  0.027174  0.002998  0.039772  0.049671  0.033556  0.020556  0.017482  0.009494  0.008541  0.004987  0.003869  0.004048  0.039092  0.009713  0.019321  0.071421  0.020821  0.021964  0.032698  0.006133  0.074286  0.035417  0.022206  0.000672  0.013141  0.016553  0.002171  0.014422  0.012142  0.010583  0.010301  0.003072  0.005840  0.001677  0.000793  0.003068  0.000740  0.003026  0.002832  0.002066  0.001838  0.000564  0.001439  0.000827  0.003121  0.006298  0.004805  0.001161  0.001448  0.005275  0.011555  0.001598  0.009198  0.004469  0.004482  0.000967  0.002401  0.001134  0.001233  0.003617  0.313406

 -7.121817  6.732339 -27.237097 14.197988  8.902466 19.019856 -9.106648 -0.476696  8.198337  3.825587 10.966988 -7.204797 -8.758374  9.987772 -6.229137 40.059476 32.065998 -8.857245  1.112655 12.785047 12.565110 -39.414016 27.693029  0.257426 32.741163 14.825745 29.037265 33.822521 43.528425 18.728485 42.819028 10.968254 23.692332 -1.384210  6.431284 -0.578649 -7.600884 -13.282345  7.268325  6.895576 15.016504 -0.859576 -17.832736 14.325923 11.106063 22.463299 26.478222 37.491274 38.841608  0.625619 -21.217074 -2.863577  8.823193  6.090221  8.506864 -8.196305 47.892552 -8.384121 14.210888  2.230880  3.364028 13.908852 13.932659 20.606492  2.124728 43.571336 50.002939 -8.191095  9.239149 13.553751 -13.217501  8.658714 -0.637230  0.203396  7.719910  3.185639 -3.338443 41.364627 38.560623 21.165483 20.219060 -10.752484  6.234063 -5.571944 10.056119  9.308155 47.157319 82.753940 67.835551 71.393024 76.779221 76.672761 17.298304 -1.143731 -9.191517  4.276662 10.692474  8.165304  9.829992 -21.308366 13.541331 12.484589  8.491364 -3.220213 20.462337  5.515268 18.716212 69.058130 63.692810 52.805950 61.504306 115.631719 69.110345 68.411989 100.223959 75.410656 122.024711 27.094004 24.591772 20.446855 54.586937  3.239175 23.547193 22.296044 53.495845 27.616744 71.962093 135.499080 150.246968 70.816755 60.323205 42.437750 53.229070 62.399163 76.361451 62.822170 155.121119 182.183599 159.599619 78.728655 11.714163


Hessian

 -6.577e+06 -6.171e+05 -1.497e+06 -3.942e+05 -4.601e+05  -3.54e+06  4.391e+05   1.86e+05  3.776e+05 -1.972e+06  2.575e+05  2.001e+05  2.902e+05  2.565e+05  2.986e+05 -1.962e+05  4.678e+05  2.623e+05  1.382e+05  1.688e+05  5.482e+05  5.057e+05   4.05e+05  3.645e+05  6.082e+05  5.195e+05  4.702e+05  5.297e+05  5.151e+05  5.086e+05  4.951e+05  5.394e+05  4.484e+05  5.039e+05  4.451e+05  4.781e+05  6.602e+05  4.025e+05  5.805e+05  2.783e+05  6.121e+05   4.81e+05  5.992e+05  4.712e+05  4.594e+05  4.902e+05  5.062e+05  5.581e+05  5.328e+05  3.975e+05  5.703e+05  2.555e+05  5.349e+05  4.329e+05   4.08e+05  2.702e+05  4.837e+05  3.249e+05  5.435e+05  4.559e+05  4.715e+05  3.466e+05  4.208e+05  4.791e+05  3.727e+05  4.366e+05  3.635e+05  5.344e+05  4.401e+05   3.23e+05  4.391e+05  2.367e+05  4.118e+05  2.674e+05  3.879e+05  3.262e+05  4.046e+05  4.631e+05  4.768e+05  4.136e+05  3.763e+05  5.631e+05  4.576e+05  4.006e+05   4.06e+05   4.61e+05  4.764e+05  5.348e+05  5.417e+05   5.91e+05  5.814e+05  4.587e+05  4.105e+05  5.191e+05  5.174e+05  3.551e+05  5.202e+05  4.894e+05  4.156e+05  5.384e+05  3.307e+05  4.718e+05  4.841e+05  5.197e+05  4.877e+05  5.247e+05   5.06e+05  5.127e+05  5.153e+05  4.703e+05  5.403e+05   5.55e+05  5.464e+05  5.998e+05  6.666e+05  6.067e+05  6.906e+05  6.289e+05  6.478e+05  6.179e+05  6.051e+05  5.834e+05   4.77e+05  5.167e+05  6.048e+05  5.738e+05  5.516e+05  5.673e+05  6.641e+05  5.392e+05  5.891e+05  6.515e+05  5.153e+05  5.697e+05  5.772e+05  7.508e+05  5.379e+05   6.89e+05   6.99e+05  5.782e+05 -1.445e+05
 -6.171e+05 -1.996e+07 -8.637e+06 -1.429e+06 -2.865e+06 -2.899e+05  5.252e+05  2.628e+05  4.603e+05  3.165e+05  6.107e+05  2.908e+05  5.148e+05  3.674e+05  3.857e+05  6.259e+05  8.742e+05  4.116e+05  1.986e+05  2.683e+05  9.553e+05  7.255e+05  5.328e+05  4.651e+05  1.131e+06  8.441e+05  6.729e+05  6.077e+05   7.54e+05  5.399e+05  8.379e+05  7.944e+05  5.593e+05  7.645e+05  6.159e+05  5.769e+05  1.009e+06  5.509e+05   9.09e+05  3.625e+05   8.85e+05  6.485e+05  8.442e+05  5.267e+05  6.709e+05  5.049e+05  5.849e+05  6.384e+05  5.527e+05   8.86e+05  1.146e+06  3.663e+05  9.862e+05  6.351e+05  5.061e+05  3.691e+05  8.658e+05  4.821e+05  9.202e+05  6.918e+05  5.471e+05  4.444e+05  4.787e+05  6.227e+05   4.95e+05  4.105e+05  2.541e+05  6.364e+05  4.787e+05  3.899e+05  7.573e+05  3.286e+05  6.869e+05  3.347e+05  6.284e+05  3.831e+05  5.689e+05  5.134e+05  5.217e+05  4.189e+05  3.707e+05  5.511e+05  4.588e+05  4.331e+05  4.852e+05  4.425e+05  4.765e+05  5.355e+05  5.711e+05  5.344e+05  6.579e+05  4.073e+05  3.959e+05  9.168e+05  7.698e+05  4.555e+05  6.578e+05  6.206e+05  5.286e+05  1.019e+06  4.919e+05  7.584e+05  6.795e+05  8.183e+05  6.335e+05  6.579e+05  6.377e+05  5.879e+05  6.244e+05  6.489e+05  6.519e+05  6.319e+05  6.044e+05   9.02e+05  8.573e+05  7.738e+05  8.444e+05  7.348e+05  5.912e+05  7.328e+05  7.959e+05      5e+05  5.894e+05  6.636e+05  6.754e+05   5.85e+05  6.714e+05  4.753e+05  4.655e+05  7.464e+05  6.717e+05  6.196e+05  5.589e+05  6.587e+05  8.688e+05  7.892e+05  7.723e+05  6.013e+05  6.813e+05  7.341e+05      -1067
 -1.497e+06 -8.637e+06 -3.641e+07 -3.427e+06 -7.189e+06 -8.676e+05  6.191e+05  2.951e+05  5.413e+05 -2.863e+04  6.524e+05  3.343e+05  5.305e+05  4.043e+05  4.629e+05  5.553e+05   9.11e+05   4.52e+05  2.211e+05   3.02e+05  9.306e+05  7.368e+05  5.657e+05  5.102e+05  1.099e+06   8.87e+05  7.839e+05  6.205e+05  9.004e+05  5.622e+05  7.555e+05  8.271e+05  6.094e+05  8.159e+05  6.975e+05   6.27e+05  1.127e+06  6.163e+05  1.029e+06  3.974e+05  9.929e+05  6.956e+05  8.899e+05  5.995e+05    7.4e+05  5.498e+05  6.915e+05  6.655e+05  6.702e+05  8.927e+05  1.269e+06  3.911e+05  1.087e+06  7.211e+05  5.581e+05  4.211e+05  1.017e+06   5.17e+05  1.015e+06  7.579e+05  6.219e+05  5.375e+05  5.602e+05  6.903e+05    5.3e+05  5.318e+05  3.295e+05  7.745e+05  5.766e+05  4.439e+05  8.116e+05  3.677e+05  7.692e+05  4.154e+05  7.306e+05  4.645e+05  6.284e+05  5.879e+05  6.145e+05  5.019e+05  4.855e+05  6.026e+05  5.419e+05  5.162e+05  5.956e+05  5.991e+05  6.049e+05  5.831e+05  6.341e+05  4.678e+05  7.466e+05  5.304e+05  4.644e+05  9.649e+05  8.343e+05  5.192e+05  7.522e+05  6.685e+05  5.651e+05  9.652e+05  5.421e+05  7.535e+05  8.052e+05   7.56e+05  6.977e+05  7.364e+05  5.892e+05  7.064e+05   6.69e+05  7.427e+05  7.156e+05  7.434e+05  6.602e+05  8.517e+05  1.066e+06   8.49e+05  7.618e+05   8.97e+05  7.647e+05  9.527e+05  1.064e+06  4.699e+05  6.297e+05  7.342e+05  6.254e+05  7.014e+05  8.114e+05  8.295e+05  9.577e+05  8.221e+05  6.765e+05  8.025e+05  6.783e+05  7.728e+05  7.772e+05  8.439e+05  8.807e+05  7.752e+05   8.39e+05   7.77e+05      -3129
 -3.942e+05 -1.429e+06 -3.427e+06 -1.954e+07 -2.247e+06 -2.191e+05  4.203e+05   1.92e+05  3.742e+05  2.388e+05  4.932e+05  2.372e+05  3.992e+05  2.876e+05  3.002e+05  5.268e+05  6.459e+05  3.555e+05  1.921e+05  2.249e+05  6.715e+05  5.773e+05  3.407e+05  3.882e+05  8.604e+05  6.369e+05  4.733e+05  3.797e+05  4.505e+05  3.033e+05  6.052e+05  6.686e+05  4.288e+05  5.797e+05  4.564e+05  4.574e+05  7.714e+05  3.991e+05  6.459e+05  2.361e+05  6.488e+05  4.748e+05  6.094e+05  3.312e+05  5.233e+05  3.456e+05  4.252e+05  4.632e+05   4.11e+05    5.9e+05  8.519e+05   2.96e+05  6.693e+05  5.132e+05  3.866e+05  2.801e+05   6.62e+05  3.409e+05   7.09e+05  5.439e+05  4.102e+05   3.51e+05  3.658e+05  4.755e+05  3.883e+05  3.329e+05  2.356e+05  4.766e+05  3.703e+05  2.814e+05  5.491e+05  2.731e+05  4.683e+05  2.731e+05  4.111e+05  3.005e+05  4.397e+05  4.205e+05  3.825e+05  3.411e+05  3.158e+05  3.989e+05  3.711e+05  3.402e+05  3.694e+05  3.619e+05  3.949e+05  4.122e+05  4.827e+05   4.16e+05  4.551e+05  3.606e+05  3.059e+05  6.176e+05  6.106e+05  3.895e+05   4.96e+05  4.071e+05  4.363e+05  5.663e+05  3.777e+05   4.35e+05  4.944e+05   5.54e+05  4.572e+05  4.688e+05  4.824e+05  4.655e+05  4.757e+05  3.143e+05  4.386e+05  4.522e+05    3.9e+05  5.849e+05  6.174e+05  4.433e+05  4.836e+05  4.421e+05  4.129e+05  4.481e+05  5.626e+05  2.676e+05  3.803e+05  3.857e+05  4.729e+05  5.043e+05  4.718e+05  4.638e+05  4.935e+05  4.983e+05  3.843e+05  4.858e+05  4.636e+05  3.874e+05  5.239e+05  4.348e+05  4.339e+05  5.174e+05  5.178e+05   4.68e+05  2.067e+04
 -4.601e+05 -2.865e+06 -7.189e+06 -2.247e+06 -2.123e+07 -2.103e+05  5.511e+05  2.413e+05  4.593e+05  4.123e+05  6.051e+05  2.833e+05  4.891e+05  3.711e+05  4.281e+05  6.933e+05  9.081e+05   3.84e+05  2.042e+05  2.531e+05  9.388e+05  7.333e+05  5.252e+05  4.266e+05  1.086e+06   7.81e+05  6.047e+05  5.363e+05  5.596e+05  5.456e+05  6.641e+05  7.131e+05  5.206e+05  6.932e+05   5.49e+05  5.376e+05  9.984e+05  5.681e+05  8.984e+05  3.412e+05  9.336e+05  6.245e+05  8.373e+05  4.978e+05  6.154e+05  5.535e+05  5.789e+05  4.825e+05  3.946e+05  8.952e+05  1.084e+06  3.601e+05  9.486e+05  6.316e+05   4.85e+05  3.687e+05    9.1e+05   4.76e+05  9.289e+05   6.82e+05  5.635e+05  4.094e+05  4.873e+05  5.981e+05  4.684e+05  4.403e+05  2.247e+05  6.292e+05  4.668e+05  4.015e+05  7.526e+05  3.254e+05  6.828e+05   3.59e+05  6.479e+05  4.129e+05  5.557e+05  5.436e+05  5.039e+05  4.489e+05  4.007e+05    6.2e+05  4.793e+05  4.546e+05  4.947e+05  4.442e+05  5.026e+05  5.315e+05  4.558e+05  3.631e+05  7.081e+05   5.24e+05  4.315e+05  9.563e+05  7.241e+05  4.856e+05  6.925e+05  5.816e+05  5.252e+05  9.288e+05  4.948e+05  7.791e+05  7.162e+05   8.82e+05    6.5e+05  6.436e+05  8.011e+05  6.448e+05  6.244e+05  7.194e+05  6.116e+05  6.997e+05  6.357e+05  7.247e+05  7.896e+05  6.492e+05  6.837e+05  6.986e+05  5.944e+05  6.284e+05   6.62e+05  5.628e+05  3.365e+05  7.133e+05  5.314e+05  5.983e+05  7.067e+05  4.961e+05    4.8e+05  7.929e+05  6.243e+05  6.556e+05  5.394e+05   7.41e+05  7.029e+05  9.218e+05  7.928e+05  5.303e+05  6.484e+05  6.345e+05   1.55e+04
  -3.54e+06 -2.899e+05 -8.676e+05 -2.191e+05 -2.103e+05 -6.275e+06    4.6e+05  1.903e+05  3.756e+05 -3.332e+06  1.533e+05  1.752e+05  2.398e+05   2.53e+05  2.818e+05 -5.077e+05  3.369e+05  2.126e+05  1.242e+05  1.557e+05   4.02e+05  4.566e+05  3.863e+05  3.245e+05  4.189e+05   4.74e+05  4.493e+05  4.854e+05  4.847e+05   4.82e+05  5.296e+05  5.103e+05  4.393e+05  4.662e+05  4.446e+05  4.733e+05  5.688e+05  3.619e+05   5.21e+05  2.591e+05   5.66e+05  4.521e+05  5.141e+05  4.561e+05  4.259e+05  5.162e+05  4.981e+05  5.749e+05  5.602e+05  2.334e+05  4.028e+05  2.423e+05  3.999e+05  3.784e+05  3.797e+05   2.54e+05  3.926e+05  3.103e+05  4.155e+05  4.123e+05  4.682e+05  3.662e+05  4.361e+05  4.855e+05  3.759e+05  4.546e+05  4.151e+05  5.342e+05  4.426e+05  3.238e+05  3.753e+05   2.21e+05  3.508e+05  2.635e+05  3.471e+05  3.287e+05  3.925e+05  4.726e+05    4.8e+05  4.146e+05  4.241e+05  5.457e+05  4.448e+05  4.205e+05  4.106e+05  4.796e+05   5.21e+05  5.603e+05  5.544e+05  5.888e+05  6.041e+05  5.316e+05   4.54e+05  4.413e+05   4.77e+05  3.478e+05  4.791e+05  4.704e+05  4.005e+05  4.368e+05  3.185e+05  4.342e+05  4.637e+05   5.26e+05  5.349e+05  5.362e+05   5.36e+05  5.013e+05  5.064e+05  4.822e+05  5.584e+05  5.664e+05   5.85e+05  6.876e+05  8.623e+05  6.341e+05  7.784e+05  7.082e+05  6.634e+05  6.256e+05  6.741e+05  6.126e+05  4.883e+05  6.185e+05   6.67e+05  6.252e+05  5.843e+05  6.962e+05  6.518e+05  5.261e+05  6.161e+05  5.957e+05  5.313e+05  5.987e+05   6.27e+05  8.221e+05   6.52e+05  7.502e+05   7.64e+05  6.739e+05 -1.998e+05
  4.391e+05  5.252e+05  6.191e+05  4.203e+05  5.511e+05    4.6e+05 -4.123e+07 -4.719e+06 -1.311e+07 -3.172e+07 -8.427e+04  2.063e+05  1.047e+05  2.926e+05  1.865e+05  -9.51e+06 -1.216e+06  2.092e+05  1.532e+05  1.991e+05 -1.268e+06 -5.906e+04  2.399e+05  2.788e+05 -1.361e+06 -1.561e+05  1.895e+05  3.588e+05  4.741e+05   4.52e+05  5.112e+05  1.204e+05   3.37e+05  1.738e+05  3.506e+05  3.836e+05 -7.835e+05  1.912e+04 -3.868e+05  1.936e+05 -3.076e+05  3.209e+05  7.901e+04   3.31e+05  2.873e+05  5.251e+05  6.407e+05  5.681e+05  7.409e+05 -1.433e+06 -6.866e+05  1.222e+05 -5.823e+05  2.214e+05  3.362e+05  3.554e+05 -1.184e+05  2.696e+05  1.288e+05  2.593e+05  6.383e+05  5.815e+05  6.626e+05  6.678e+05  5.943e+05  6.999e+05  4.882e+05  6.692e+05  6.309e+05  5.337e+05  3.806e+05  3.059e+05  4.855e+05  4.676e+05  6.391e+05  6.311e+05  8.401e+05  9.795e+05  9.159e+05  8.494e+05  9.337e+05  9.158e+05  8.948e+05   8.19e+05  9.549e+05  9.616e+05  9.998e+05  1.123e+06  1.107e+06  1.053e+06  1.354e+06  1.288e+06  8.806e+05  -7.93e+05 -1.626e+05  3.995e+05       6497  3.921e+05  2.457e+05 -4.574e+05  2.289e+05   2.06e+04  5.627e+05  3.144e+04   8.14e+05   6.64e+05  6.842e+05  6.172e+05  6.892e+05  3.873e+05  6.741e+05  3.564e+05  7.872e+05   5.06e+05  5.691e+05  9.368e+05  7.674e+05  8.022e+05  6.313e+05  9.369e+05  1.118e+06  6.273e+05  7.613e+05   1.11e+06   7.26e+05  8.069e+05  7.432e+05  6.445e+05  1.003e+06  6.943e+05   8.15e+05  7.382e+05  7.308e+05  7.377e+05  9.491e+05  8.617e+05  9.773e+05  1.007e+06  6.519e+05  9.183e+05  1.791e+05
   1.86e+05  2.628e+05  2.951e+05   1.92e+05  2.413e+05  1.903e+05 -4.719e+06 -2.192e+07 -5.508e+05 -3.975e+06  6.935e+04  1.574e+05  1.028e+05   1.33e+05  1.205e+05 -1.347e+06 -1.349e+05  2.028e+05  1.384e+05  1.697e+05 -1.112e+05  1.719e+05  1.492e+05  2.589e+05 -2.408e+05   1.18e+05    2.2e+05   2.17e+05  3.187e+05  1.575e+05  3.418e+05  2.603e+05  2.839e+05  3.185e+05  3.006e+05  3.135e+05 -1.126e+05  1.194e+05  3.741e+04  1.469e+05   2.41e+05  2.574e+05  1.798e+05  1.408e+05  2.782e+05  2.206e+05  3.112e+05  3.151e+05  4.267e+05 -1.587e+05  6.098e+04  1.618e+05  1.227e+05  2.475e+05  2.718e+05   2.43e+05  2.009e+05  1.987e+05  2.294e+05  2.819e+05  3.498e+05  2.947e+05  2.928e+05  3.303e+05  3.179e+05  2.435e+05  2.884e+05  3.599e+05  3.365e+05  2.681e+05  3.405e+05  2.116e+05  3.433e+05  2.502e+05  3.947e+05  2.895e+05  4.098e+05  4.877e+05   5.56e+05  4.464e+05  4.622e+05  6.282e+05  4.654e+05  4.335e+05  4.886e+05   4.96e+05  4.584e+05  5.594e+05  5.917e+05    6.7e+05  5.558e+05   5.27e+05  4.553e+05 -1.217e+05   8.81e+04  2.449e+05  1.796e+05  1.923e+05  2.729e+05  6.207e+04  2.236e+05  1.766e+05  3.291e+05  3.642e+05  3.082e+05  3.488e+05  2.794e+05  3.151e+05  3.589e+05  3.018e+05  2.978e+05  3.804e+05  3.771e+05  5.207e+05  9.641e+04  3.262e+05  6.146e+05  5.533e+05  5.239e+05  5.526e+05  4.944e+05  1.467e+05  5.203e+05  3.364e+05  2.628e+05  3.033e+05  3.505e+05  2.387e+05  3.442e+05  2.701e+05  3.721e+05  3.352e+05  2.248e+05  1.781e+05  2.724e+05  2.748e+05  4.916e+05  2.514e+05  4.951e+05  3.125e+05  1.082e+05
  3.776e+05  4.603e+05  5.413e+05  3.742e+05  4.593e+05  3.756e+05 -1.311e+07 -5.508e+05 -2.576e+07  -1.12e+07  1.694e+05  2.122e+05  2.236e+05  2.905e+05  2.366e+05  -4.07e+06 -5.095e+05  2.275e+05  1.656e+05  1.994e+05 -5.427e+05  1.591e+05  3.167e+05  2.853e+05 -5.042e+05  1.418e+05  2.662e+05  3.493e+05  2.399e+05  4.005e+05  4.535e+05  2.561e+05  2.827e+05  3.074e+05  3.711e+05  3.789e+05 -3.013e+05  1.859e+05       7941  2.202e+05  2.015e+04  3.265e+05  2.642e+05  3.804e+05  3.149e+05  4.683e+05  4.994e+05  4.852e+05  5.941e+05 -5.789e+05 -2.082e+05  1.843e+05 -1.662e+05  2.602e+05  3.101e+05  3.085e+05  1.704e+04  3.738e+05  2.991e+05  3.598e+05  5.625e+05  4.938e+05   5.21e+05  5.759e+05  5.677e+05  6.459e+05  4.497e+05   5.44e+05  5.641e+05    4.7e+05  5.006e+05  2.927e+05  5.575e+05  4.573e+05  7.012e+05  5.731e+05    8.1e+05  8.919e+05  8.613e+05  7.154e+05  8.371e+05  9.796e+05  7.513e+05  7.357e+05  8.258e+05  8.431e+05  8.987e+05  1.028e+06  9.993e+05  9.472e+05  1.052e+06  9.426e+05  7.865e+05   -1.6e+05  1.103e+05  4.443e+05  1.754e+05  3.964e+05  2.854e+05  8.639e+04  2.839e+05  2.714e+05  5.036e+05  4.516e+05  7.331e+05  7.068e+05  5.553e+05   5.39e+05  6.003e+05  4.319e+05  6.959e+05  3.627e+05  7.834e+05   6.37e+05  4.894e+05  5.635e+05  9.347e+05  7.893e+05  5.247e+05  1.118e+06  9.498e+05  7.139e+05  8.957e+05   6.88e+05  6.571e+05  7.384e+05  7.366e+05   3.22e+05  6.977e+05  8.207e+05  7.146e+05  7.609e+05  6.282e+05   7.35e+05  8.824e+05  7.699e+05  8.326e+05    9.4e+05  1.243e+06  8.788e+05  1.536e+05
 -1.972e+06  3.165e+05 -2.863e+04  2.388e+05  4.123e+05 -3.332e+06 -3.172e+07 -3.975e+06  -1.12e+07 -1.307e+08 -3.386e+05  3.335e+05  1.345e+05  4.387e+05  3.299e+05 -1.627e+07 -1.232e+06  2.612e+05  1.751e+05   2.73e+05 -1.261e+06  1.751e+05  4.542e+05  4.692e+05 -1.657e+06  8.562e+04  4.559e+05  7.135e+05  7.724e+05  7.621e+05  8.818e+05  3.224e+05  5.801e+05  5.349e+05  5.666e+05  6.365e+05 -4.802e+05  2.263e+05 -8.438e+04  3.243e+05      -9703  6.843e+05  4.762e+05  5.295e+05  5.961e+05  8.192e+05  8.695e+05  9.177e+05  1.255e+06 -1.611e+06 -9.066e+05  2.123e+05 -4.903e+05  4.255e+05  5.676e+05  5.097e+05      -8837  4.049e+05   1.05e+05  4.939e+05  9.216e+05  7.982e+05  1.009e+06   8.32e+05  8.283e+05   1.13e+06  7.468e+05  9.829e+05  9.056e+05  7.411e+05  4.906e+05  4.368e+05  6.191e+05  6.479e+05  8.036e+05  8.886e+05  1.081e+06  1.218e+06  1.238e+06   1.12e+06  1.296e+06  1.321e+06  1.114e+06  1.123e+06  1.244e+06  1.343e+06  1.339e+06  1.401e+06  1.458e+06  1.441e+06  1.816e+06  1.872e+06  1.223e+06 -7.345e+05 -5.668e+04  5.521e+05  2.774e+05  5.965e+05  5.142e+05 -2.287e+05  4.021e+05  2.757e+05   7.79e+05  3.578e+05  1.219e+06  9.303e+05  7.737e+05  9.291e+05  1.063e+06  5.992e+05  1.056e+06  6.645e+05  1.264e+06   1.11e+06  1.139e+06  1.453e+06  1.429e+06  1.388e+06  1.162e+06  1.378e+06  1.395e+06  6.978e+05  9.287e+05  1.579e+06  1.138e+06  1.046e+06   1.17e+06  9.837e+05  1.549e+06  9.642e+05  1.127e+06  7.728e+05  9.111e+05  1.246e+06  1.207e+06  1.183e+06  1.372e+06  1.403e+06  8.436e+05  1.381e+06  2.381e+04
  2.575e+05  6.107e+05  6.524e+05  4.932e+05  6.051e+05  1.533e+05 -8.427e+04  6.935e+04  1.694e+05 -3.386e+05  -4.96e+07 -1.331e+06 -2.161e+07 -1.993e+06 -6.631e+06  -1.29e+07 -1.409e+06  6.841e+04  1.218e+05  1.306e+05 -1.412e+06  -2.47e+05  1.307e+05  1.773e+05 -1.257e+06 -2.411e+05  1.932e+05  4.904e+05  4.946e+05  8.822e+05  7.794e+05 -1.051e+05  4.195e+05  7.123e+04   3.62e+05  5.259e+05 -1.045e+06  4.899e+04 -6.709e+05  1.999e+05 -4.849e+05  2.243e+05 -4.201e+04  4.553e+05  1.716e+05  7.065e+05  6.242e+05  9.187e+05   6.95e+05 -1.586e+06 -1.239e+06  7.458e+04 -1.046e+06  8.607e+04  3.681e+05  3.121e+05 -5.592e+05  2.552e+05 -4.051e+05  1.895e+05  6.643e+05  6.095e+05  7.879e+05  6.538e+05  6.315e+05  7.998e+05  7.954e+05  7.742e+05  7.565e+05   5.66e+05  5.873e+04  3.031e+05  1.753e+05  4.518e+05  4.915e+05  6.173e+05  7.492e+05  1.058e+06  1.024e+06  9.548e+05  9.404e+05  1.113e+06  9.274e+05  9.255e+05  9.564e+05  1.075e+06  1.183e+06  1.221e+06  1.188e+06  1.195e+06  1.308e+06  1.253e+06  9.687e+05 -9.381e+05 -2.664e+05  3.529e+05  9.541e+04  4.298e+05  3.338e+05  -5.51e+05  2.003e+05 -1.147e+05  5.327e+05  9.388e+05   8.29e+05  9.433e+05  5.815e+05  7.958e+05  9.157e+05  3.258e+05  7.403e+05  6.619e+05   9.62e+05  9.097e+05  9.003e+05  1.134e+06  3.163e+05  1.015e+06  1.131e+06  9.964e+05  1.058e+06  7.876e+05  1.123e+06   7.89e+05  1.133e+06  9.137e+05  9.356e+05  1.097e+06  1.167e+06  7.622e+05  1.086e+06  7.405e+05  7.647e+05  1.033e+06  1.086e+06  1.101e+06  9.106e+05  1.329e+06  1.287e+06  1.358e+06   1.81e+05
  2.001e+05  2.908e+05  3.343e+05  2.372e+05  2.833e+05  1.752e+05  2.063e+05  1.574e+05  2.122e+05  3.335e+05 -1.331e+06 -1.082e+07 -5.369e+05      -9875      -2783 -2.147e+05   2.09e+05  1.442e+05  1.034e+05  1.413e+05  2.845e+05  2.653e+05   2.65e+05  2.026e+05  2.078e+05  2.779e+05   2.91e+05  3.028e+05  2.819e+05  4.038e+05  3.431e+05  2.889e+05  3.518e+05  3.443e+05  3.266e+05  3.728e+05  2.464e+05  2.846e+05  2.788e+05  1.858e+05  2.651e+05  2.686e+05  3.066e+05  3.616e+05  2.955e+05  4.195e+05   3.49e+05  5.332e+05  4.086e+05  1.532e+05  1.055e+05  1.809e+05  1.265e+05  1.893e+05  2.202e+05  1.735e+05  2.121e+05  3.001e+05  2.188e+05  3.115e+05  3.863e+05   3.23e+05  4.126e+05  3.862e+05  3.348e+05  3.788e+05  2.768e+05  3.954e+05   3.67e+05  2.753e+05  3.193e+05  1.741e+05  3.134e+05  2.282e+05  3.365e+05  3.188e+05  3.474e+05  4.733e+05  4.653e+05  3.986e+05  4.579e+05  4.141e+05  4.028e+05  3.928e+05   4.69e+05  4.959e+05  4.653e+05  5.341e+05  5.389e+05  5.223e+05  5.752e+05  5.126e+05  4.159e+05   2.48e+05  3.717e+05  3.198e+05  3.362e+05   4.21e+05  2.977e+05   3.03e+05  2.445e+05   2.95e+05  3.922e+05  4.871e+05  5.383e+05  4.973e+05    5.1e+05   4.51e+05   5.11e+05  3.755e+05  5.484e+05  5.354e+05  5.708e+05  5.484e+05  6.865e+05  6.908e+05   5.89e+05  4.883e+05  6.137e+05  6.703e+05  5.263e+05  5.018e+05  6.782e+05  3.624e+05   6.56e+05  6.093e+05  4.742e+05  5.775e+05  5.023e+05  4.975e+05  5.494e+05  5.568e+05  5.583e+05  6.111e+05  6.248e+05  8.074e+05  5.549e+05  6.314e+05  6.032e+05  5.091e+05  9.303e+04
  2.902e+05  5.148e+05  5.305e+05  3.992e+05  4.891e+05  2.398e+05  1.047e+05  1.028e+05  2.236e+05  1.345e+05 -2.161e+07 -5.369e+05 -5.514e+07 -4.228e+06 -1.258e+07 -7.264e+06 -7.479e+05  3.037e+05  2.281e+05  2.094e+05 -7.744e+05  6.566e+04  2.084e+05  3.249e+05 -9.172e+05  5.301e+04  4.032e+05  4.169e+05  6.223e+05  8.543e+05  1.066e+06  8.011e+04   4.68e+05  2.697e+05  5.223e+05  4.912e+05 -7.597e+05  5.888e+04 -2.355e+05   2.73e+05 -6.086e+04  3.924e+05  2.648e+05  4.224e+05  4.434e+05  4.626e+05  5.734e+05  7.729e+05  7.623e+05 -7.837e+05 -3.934e+05  1.683e+05 -3.619e+05   3.11e+05  4.424e+05  4.089e+05 -1.329e+05   3.43e+05 -1.093e+05  3.981e+05  6.649e+05  5.505e+05  6.349e+05  7.405e+05  5.944e+05   7.38e+05  5.983e+05  8.048e+05  6.788e+05  5.074e+05  3.586e+05  3.248e+05    4.3e+05  4.865e+05  5.709e+05    5.6e+05  7.129e+05  9.497e+05  1.069e+06  8.651e+05  1.034e+06  1.083e+06   8.66e+05  7.987e+05  9.445e+05  1.036e+06  9.509e+05  1.061e+06  1.083e+06  1.031e+06  1.101e+06  1.018e+06  9.195e+05 -3.452e+05  7.042e+04   3.86e+05  2.231e+05  3.707e+05  4.282e+05   7.02e+04  3.773e+05   1.96e+05  5.688e+05  4.171e+05   7.64e+05  7.226e+05  6.894e+05  6.832e+05  7.612e+05  2.908e+05  5.401e+05  6.213e+05  5.612e+05  9.594e+05  1.335e+06  1.192e+06  5.489e+05   1.09e+06  1.001e+06  7.481e+05  1.062e+06  9.691e+05  9.432e+05  1.057e+06  7.745e+05   7.16e+05   8.31e+05  6.163e+05   1.19e+06   5.16e+05  9.151e+05  5.332e+05  5.974e+05  7.582e+05  8.212e+05  1.006e+06  8.745e+05  9.014e+05  8.831e+05  1.076e+06  1.876e+05
  2.565e+05  3.674e+05  4.043e+05  2.876e+05  3.711e+05   2.53e+05  2.926e+05   1.33e+05  2.905e+05  4.387e+05 -1.993e+06      -9875 -4.228e+06 -2.048e+07 -1.173e+06  -3.91e+05  3.547e+05  2.663e+05  1.705e+05  1.977e+05  4.395e+05  3.494e+05  2.638e+05  3.265e+05  4.157e+05  4.059e+05  3.591e+05  3.864e+05  5.101e+05   5.91e+05   5.28e+05  4.121e+05  4.366e+05  5.325e+05  4.249e+05  3.681e+05  2.594e+05  2.613e+05  3.355e+05  1.898e+05  3.726e+05  3.855e+05  3.899e+05  3.206e+05  3.598e+05  3.283e+05  3.773e+05  5.142e+05  5.407e+05  2.787e+05  3.166e+05  2.216e+05  3.675e+05  3.349e+05  3.458e+05  2.491e+05  3.956e+05   3.65e+05  3.071e+05  3.961e+05  4.953e+05  3.926e+05  4.301e+05  4.525e+05  3.695e+05  3.844e+05  3.712e+05  4.859e+05  4.135e+05  3.261e+05  4.664e+05  2.691e+05  4.591e+05  3.288e+05  4.716e+05  3.766e+05  4.859e+05   6.22e+05  6.236e+05    4.9e+05  6.179e+05   6.49e+05  5.644e+05  5.288e+05  5.778e+05  6.248e+05   6.45e+05  6.636e+05  7.271e+05  6.809e+05  7.493e+05  7.211e+05  5.574e+05  3.407e+05  4.375e+05  3.585e+05  3.803e+05  3.518e+05   4.05e+05  2.706e+05  3.202e+05  2.981e+05  4.347e+05  4.499e+05  5.143e+05   3.49e+05  5.893e+05  4.894e+05  4.902e+05  3.646e+05  4.475e+05  5.306e+05  4.931e+05  6.119e+05  1.885e+05   5.86e+05  4.489e+05  7.462e+05  7.293e+05  6.198e+05  4.966e+05  6.594e+05  6.868e+05  6.298e+05  3.841e+05  3.673e+05  4.899e+05  4.867e+05  6.841e+05  3.651e+05  5.569e+05  3.995e+05   5.56e+05  5.231e+05  5.101e+05  5.378e+05  5.893e+05  6.232e+05  6.035e+05  5.375e+05  1.301e+05
  2.986e+05  3.857e+05  4.629e+05  3.002e+05  4.281e+05  2.818e+05  1.865e+05  1.205e+05  2.366e+05  3.299e+05 -6.631e+06      -2783 -1.258e+07 -1.173e+06 -3.807e+07 -2.451e+06  7.802e+04  4.105e+05  2.576e+05  2.556e+05 -9.498e+04   3.44e+05  3.253e+05  3.262e+05 -2.014e+05  2.434e+05  4.487e+05  2.851e+05  4.962e+05  4.633e+05  5.052e+05  2.872e+05  4.141e+05  3.988e+05  4.611e+05  2.741e+05 -1.506e+05  8.946e+04   3.15e+05  1.907e+05  3.022e+05  4.281e+05  4.993e+05  3.372e+05  5.286e+05  2.433e+05  4.378e+05  4.209e+05  4.402e+05 -3.877e+04  3.785e+05  2.573e+05  3.544e+05  4.898e+05  4.076e+05  3.806e+05  2.904e+05  3.803e+05  3.862e+05  5.209e+05  5.826e+05  4.933e+05  5.374e+05  6.022e+05  4.583e+05  3.771e+05  3.074e+05  5.465e+05  5.546e+05  3.973e+05  5.255e+05  3.556e+05  5.084e+05  4.212e+05  6.148e+05  5.082e+05  6.539e+05  7.861e+05  8.228e+05  6.328e+05  7.933e+05  9.081e+05  7.575e+05  6.902e+05   7.69e+05  8.294e+05  8.381e+05  9.251e+05  8.893e+05  8.715e+05  7.671e+05  1.048e+06  7.089e+05  3.132e+05  3.241e+05  3.692e+05  4.232e+05  3.849e+05  5.073e+05  3.634e+05  3.996e+05  4.313e+05  6.189e+05  5.552e+05  4.936e+05  5.725e+05  3.481e+05  6.844e+05  4.601e+05  3.566e+05  5.384e+05  2.074e+05  3.108e+05  5.071e+05  8.782e+05   5.53e+05    3.6e+05  7.028e+05  4.366e+05  3.449e+05  4.548e+05  3.925e+05  4.823e+05  6.534e+05  5.665e+05  4.881e+05   5.09e+05   9.19e+05   6.97e+05  3.057e+05   5.98e+05   3.78e+05  3.556e+05  4.336e+05  6.285e+05  6.274e+05  7.807e+05  5.457e+05    4.5e+05  7.078e+05  1.624e+05
 -1.962e+05  6.259e+05  5.553e+05  5.268e+05  6.933e+05 -5.077e+05  -9.51e+06 -1.347e+06  -4.07e+06 -1.627e+07  -1.29e+07 -2.147e+05 -7.264e+06  -3.91e+05 -2.451e+06 -1.288e+08 -4.983e+06 -2.851e+04  1.268e+05  1.187e+05 -4.472e+06 -4.969e+05  1.134e+05  1.058e+05 -3.955e+06 -7.446e+05  1.815e+05  7.346e+05  8.434e+05  6.497e+05  1.532e+06 -4.285e+05  1.942e+05 -3.878e+05  3.478e+05  4.129e+05 -2.248e+06 -3.606e+05 -1.338e+06  1.703e+05  -9.21e+05  2.937e+05 -5.205e+05  4.571e+05  1.125e+05  6.647e+05  7.976e+05  1.041e+06  9.698e+05 -6.081e+06 -1.847e+06 -3.036e+04 -1.863e+06  1.966e+04  4.494e+05  3.652e+05 -1.204e+06  1.802e+05 -8.291e+05  8.551e+04  8.349e+05   8.42e+05  1.027e+06  7.563e+05  8.648e+05  1.096e+06  1.057e+06  9.917e+05  8.791e+05  8.008e+05 -1.035e+05  2.459e+05  1.911e+05  6.095e+05  4.856e+05  8.466e+05  8.933e+05  1.342e+06   1.27e+06  1.195e+06  1.093e+06  1.287e+06  1.128e+06  1.108e+06  1.137e+06  1.362e+06  1.535e+06  1.538e+06  1.539e+06  1.668e+06   1.76e+06  2.052e+06  1.217e+06 -2.193e+06 -6.131e+05  2.324e+05 -2.353e+05  3.596e+05  2.253e+05 -1.414e+06  1.077e+05 -5.625e+05  4.608e+05  4.974e+05  1.088e+06  1.154e+06  4.818e+05  8.762e+05  1.097e+06  3.928e+04  1.225e+06   1.19e+06  1.071e+06  1.127e+06  1.609e+06  1.751e+06  1.382e+06  1.435e+06  1.242e+06  1.543e+06  1.285e+06  1.165e+06  1.041e+06  1.815e+06  1.077e+06  1.197e+06  1.116e+06   1.11e+06  1.313e+06  1.099e+06  1.385e+06  8.359e+05  9.205e+05  1.204e+06  1.363e+06  9.187e+05  9.538e+05  1.385e+06  2.011e+06  1.655e+06  1.714e+05
  4.678e+05  8.742e+05   9.11e+05  6.459e+05  9.081e+05  3.369e+05 -1.216e+06 -1.349e+05 -5.095e+05 -1.232e+06 -1.409e+06   2.09e+05 -7.479e+05  3.547e+05  7.802e+04 -4.983e+06 -1.901e+08  2.852e+05  2.095e+05  2.358e+05 -1.122e+08  -2.06e+06 -4.475e+05 -2.255e+05 -5.298e+07 -4.942e+06 -5.665e+05  7.011e+05  2.324e+05  8.759e+05  8.543e+05 -2.425e+06 -2.219e+05  -1.09e+06 -1.354e+05  1.932e+05 -1.277e+07 -2.082e+06 -4.957e+06 -5.914e+04 -3.915e+06 -3.273e+05 -1.876e+06 -8.686e+04 -6.028e+05    6.7e+05   4.89e+05   1.34e+06  8.736e+05 -2.962e+07 -5.538e+06 -2.499e+05 -4.072e+06 -3.995e+05  1.917e+05  3.741e+05 -2.424e+06  -1.44e+05 -1.955e+06 -1.569e+05  8.879e+05  9.334e+05  9.857e+05  7.324e+05  9.797e+05  1.331e+06  9.819e+05  8.916e+05  9.434e+05  7.938e+05 -6.455e+05  2.397e+05 -1.031e+05  5.579e+05  4.019e+05  9.439e+05  1.103e+06  1.521e+06  1.455e+06  1.307e+06  1.444e+06  1.438e+06  1.172e+06  1.336e+06  1.384e+06  1.611e+06  1.539e+06  1.726e+06  1.638e+06  1.878e+06  2.079e+06  2.185e+06  1.459e+06 -6.953e+06 -1.997e+06  3.636e+04 -8.936e+05  3.288e+04 -2.794e+04 -3.089e+06 -2.237e+05 -1.581e+06  5.546e+05  1.069e+06  1.234e+06  1.281e+06  2.455e+05  8.195e+05   1.15e+06 -3.158e+05   5.92e+05  7.531e+05  1.389e+06  3.927e+05  6.649e+05  1.567e+06  1.712e+06  1.401e+06  1.284e+06  1.139e+06  1.763e+06  3.332e+05  1.958e+06   2.18e+06  8.881e+05  1.621e+06  1.301e+06   1.92e+06   1.26e+06  6.913e+05  1.122e+06  6.214e+05  1.218e+06  1.115e+06  1.725e+06   1.24e+06  1.029e+06  2.123e+06  1.939e+06  1.644e+06  2.919e+05
  2.623e+05  4.116e+05   4.52e+05  3.555e+05   3.84e+05  2.126e+05  2.092e+05  2.028e+05  2.275e+05  2.612e+05  6.841e+04  1.442e+05  3.037e+05  2.663e+05  4.105e+05 -2.851e+04  2.852e+05 -2.285e+07 -3.508e+06 -5.959e+06  -3.05e+06 -1.376e+05  1.043e+05  8.563e+04 -1.153e+06 -2.275e+05  1.524e+05  4.525e+05  4.034e+05  5.314e+05  5.794e+05 -6.075e+04  2.182e+05  4.889e+04  2.026e+05  2.898e+05 -7.927e+05       4864 -5.769e+05   8.76e+04 -4.537e+05  1.335e+05 -9.626e+04  3.528e+05  7.516e+04  5.031e+05  3.496e+05  5.791e+05  6.178e+05 -9.341e+04 -3.177e+05  1.147e+05 -3.362e+05  6.523e+04  2.661e+05  2.191e+05      -5852   2.59e+05 -1.656e+04  2.855e+05  4.862e+05   4.25e+05  5.602e+05   4.83e+05  4.144e+05  6.719e+05  5.813e+05  5.067e+05  4.784e+05  3.579e+05  1.478e+05  1.884e+05    2.6e+05   3.13e+05  3.344e+05  4.255e+05  5.274e+05  6.775e+05  5.976e+05  5.312e+05  6.569e+05  6.438e+05  5.453e+05  5.371e+05  6.018e+05  6.391e+05  7.085e+05  7.368e+05  8.128e+05   7.65e+05  8.692e+05  8.296e+05   5.98e+05 -6.555e+04  2.091e+05  3.152e+05  2.306e+05  4.366e+05  2.302e+05 -3.282e+04  2.412e+05  1.247e+05  4.296e+05  8.004e+05  7.384e+05  6.844e+05  5.376e+05  5.861e+05  7.303e+05  4.133e+05  7.765e+05  5.635e+05  7.963e+05  6.023e+05  9.053e+05  8.964e+05  6.555e+05   6.79e+05   7.05e+05  8.714e+05  8.754e+05  7.109e+05  8.597e+05   7.72e+05  7.136e+05  7.806e+05  8.726e+05   8.72e+05  7.664e+05  6.736e+05  7.543e+05  7.686e+05  6.655e+05  5.232e+05  8.639e+05  4.786e+05  8.546e+05  1.089e+06   1.07e+06  7.933e+05  1.442e+05
  1.382e+05  1.986e+05  2.211e+05  1.921e+05  2.042e+05  1.242e+05  1.532e+05  1.384e+05  1.656e+05  1.751e+05  1.218e+05  1.034e+05  2.281e+05  1.705e+05  2.576e+05  1.268e+05  2.095e+05 -3.508e+06   -6.5e+06  2.486e+05 -5.526e+05  1.092e+05  1.568e+05  8.634e+04 -1.879e+05  6.911e+04  1.515e+05  3.055e+05  2.659e+05  4.013e+05  2.361e+05  1.153e+05  1.962e+05  1.035e+05  1.318e+05  1.958e+05  -7.08e+04   1.05e+05 -4.849e+04  1.183e+05 -5.322e+04  1.447e+05  9.549e+04  2.187e+05  1.106e+05  3.106e+05  2.445e+05  3.617e+05  3.637e+05  1.074e+05  3.143e+04  1.194e+05       1690  1.052e+05  1.789e+05  1.218e+05  1.239e+05   1.65e+05  1.433e+05  1.804e+05  2.906e+05  2.415e+05  2.987e+05  2.871e+05  2.313e+05  3.689e+05  3.084e+05  2.968e+05  2.565e+05  1.768e+05  1.558e+05  1.218e+05  2.089e+05  1.752e+05  2.298e+05  2.335e+05  2.718e+05  3.426e+05   3.48e+05  2.517e+05  3.395e+05  3.489e+05  2.751e+05  2.924e+05  3.377e+05  3.397e+05  3.552e+05  3.917e+05  4.005e+05   4.18e+05  4.524e+05  4.806e+05  3.027e+05  1.122e+05  2.094e+05  2.186e+05  1.931e+05  2.607e+05  1.467e+05   1.66e+05  1.713e+05      2e+05  3.055e+05  5.013e+05  3.928e+05  3.968e+05  3.808e+05  3.343e+05  3.692e+05  2.988e+05  3.916e+05  3.396e+05  4.112e+05  2.489e+05  5.602e+05  4.896e+05  4.386e+05   4.22e+05  3.876e+05  5.299e+05  4.568e+05  3.325e+05  4.608e+05  4.772e+05  3.877e+05  5.136e+05   4.56e+05  3.587e+05  4.372e+05  3.846e+05  4.309e+05  3.566e+05  3.994e+05   3.28e+05  4.475e+05  4.539e+05  3.818e+05  4.874e+05  4.745e+05      4e+05  7.132e+04
  1.688e+05  2.683e+05   3.02e+05  2.249e+05  2.531e+05  1.557e+05  1.991e+05  1.697e+05  1.994e+05   2.73e+05  1.306e+05  1.413e+05  2.094e+05  1.977e+05  2.556e+05  1.187e+05  2.358e+05 -5.959e+06  2.486e+05 -9.173e+06 -1.135e+06  3.361e+04  1.486e+05    1.3e+05 -4.084e+05  6.123e+04  1.883e+05  3.024e+05  3.027e+05  3.881e+05  4.383e+05  1.031e+05  1.904e+05  1.562e+05  2.001e+05   2.73e+05 -1.947e+05  1.225e+05  -1.09e+05  1.316e+05 -2.588e+04  1.666e+05  7.769e+04  2.923e+05  1.339e+05  3.256e+05  3.112e+05  3.958e+05  4.166e+05  8.968e+04  3.025e+04  1.286e+05  1.205e+04  1.638e+05  2.431e+05  1.752e+05  1.197e+05  2.064e+05  2.125e+05  2.711e+05  3.413e+05  3.032e+05   3.59e+05  3.423e+05  3.111e+05  4.657e+05  3.422e+05  3.907e+05  3.296e+05  2.608e+05  2.057e+05  1.419e+05  2.289e+05  2.097e+05  2.738e+05  2.652e+05  3.473e+05  4.484e+05   3.89e+05  3.418e+05  3.991e+05  4.365e+05  3.761e+05  3.642e+05  4.031e+05  4.177e+05  4.729e+05  5.051e+05  4.937e+05  5.003e+05  5.669e+05  5.017e+05  3.956e+05  1.299e+05  2.535e+05  2.539e+05  2.564e+05  3.441e+05   2.47e+05  1.351e+05  1.931e+05  1.956e+05  3.531e+05  5.852e+05  4.383e+05   4.69e+05  4.324e+05  3.981e+05    4.3e+05   3.44e+05  4.702e+05  4.354e+05  5.483e+05  4.458e+05  7.112e+05   4.36e+05  3.131e+05  4.455e+05  4.593e+05  5.498e+05  5.863e+05  7.272e+05  5.418e+05  5.269e+05  4.333e+05  4.863e+05  4.751e+05  4.127e+05  6.452e+05  4.568e+05  4.812e+05  4.138e+05  4.661e+05  3.585e+05  5.416e+05  3.447e+05  6.149e+05  6.473e+05  7.396e+05   5.55e+05  1.002e+05
  5.482e+05  9.553e+05  9.306e+05  6.715e+05  9.388e+05   4.02e+05 -1.268e+06 -1.112e+05 -5.427e+05 -1.261e+06 -1.412e+06  2.845e+05 -7.744e+05  4.395e+05 -9.498e+04 -4.472e+06 -1.122e+08  -3.05e+06 -5.526e+05 -1.135e+06 -3.339e+08 -3.629e+06 -7.563e+05 -3.697e+05 -9.126e+07 -6.951e+06 -9.307e+05  6.102e+04  -6.75e+04   1.02e+06  1.377e+06 -3.506e+06 -5.589e+05 -1.825e+06 -3.649e+05 -2.942e+05 -2.009e+07 -3.086e+06 -6.995e+06 -2.609e+05 -5.647e+06 -6.545e+05 -3.075e+06 -5.962e+05 -9.882e+05  1.013e+05  6.805e+04  1.205e+06   5.96e+05 -2.515e+07 -5.559e+06 -2.115e+05 -4.028e+06 -3.609e+05  2.025e+05  5.774e+05 -2.341e+06 -3.864e+04 -1.904e+06 -3.641e+04  7.966e+05  1.016e+06  1.085e+06  1.055e+06  1.037e+06  1.519e+06  1.337e+06  1.231e+06  1.118e+06  9.008e+05 -2.754e+05  3.554e+05  6.647e+04  6.606e+05   6.46e+05  1.065e+06  1.344e+06  1.801e+06  1.462e+06  1.488e+06  1.641e+06  1.809e+06   1.37e+06   1.48e+06  1.692e+06  1.449e+06  1.447e+06  1.987e+06  1.872e+06  2.207e+06   2.36e+06  2.396e+06  1.629e+06 -7.186e+06 -2.211e+06  1.044e+05 -1.055e+06  1.657e+04       4332 -3.291e+06 -5.647e+04 -1.407e+06  2.205e+05  5.048e+05  1.437e+06  1.296e+06  1.004e+06   8.87e+05  9.934e+05 -4.404e+05  4.881e+05  7.389e+05  1.212e+06  8.017e+05  1.198e+06   1.93e+06  1.839e+06    1.3e+06  1.042e+06  1.148e+06  1.887e+06  1.075e+06  1.919e+06  2.573e+06   6.82e+05  1.855e+06  1.829e+06  1.959e+06  9.198e+05   6.71e+05  1.181e+06  1.079e+06  1.318e+06  1.426e+06  1.492e+06  1.597e+06  1.475e+06  2.003e+06  2.209e+06  1.854e+06  3.152e+05
  5.057e+05  7.255e+05  7.368e+05  5.773e+05  7.333e+05  4.566e+05 -5.906e+04  1.719e+05  1.591e+05  1.751e+05  -2.47e+05  2.653e+05  6.566e+04  3.494e+05   3.44e+05 -4.969e+05  -2.06e+06 -1.376e+05  1.092e+05  3.361e+04 -3.629e+06 -8.582e+07 -1.409e+07 -7.675e+06 -1.793e+07 -2.514e+06 -4.423e+05  2.786e+05 -2.825e+04  8.442e+05  7.358e+05 -1.419e+06 -1.523e+04 -8.452e+05 -1.556e+04  7.483e+04 -4.568e+06 -8.838e+05 -2.534e+06 -1.586e+05 -2.002e+06 -1.684e+05 -1.058e+06  5.088e+04 -1.364e+05  4.055e+05   2.87e+05  6.155e+05  6.687e+05 -1.415e+06 -1.883e+06  7.759e+04 -1.334e+06  9.437e+04  4.449e+05   4.14e+05  -6.94e+05  2.981e+05 -3.647e+05  2.468e+05  7.487e+05  8.781e+05  8.548e+05   7.98e+05  7.595e+05  9.625e+05  8.484e+05  8.036e+05  8.139e+05  6.477e+05      -7459  3.283e+05  3.059e+05   5.61e+05  5.397e+05  7.399e+05  9.059e+05  1.132e+06  1.203e+06  1.019e+06  1.161e+06  1.289e+06  1.092e+06   1.12e+06  1.178e+06  1.383e+06  1.376e+06  1.374e+06  1.598e+06  1.397e+06  1.365e+06  1.496e+06  1.167e+06 -1.121e+06 -2.826e+05  3.608e+05  2.359e+04  4.617e+05  3.031e+05 -7.674e+05  2.897e+05 -1.674e+05  4.727e+05  1.101e+06  9.669e+05  8.062e+05  7.629e+05  8.373e+05  9.961e+05  2.918e+05  7.992e+05  7.638e+05  1.048e+06  9.508e+05  1.221e+06  1.134e+06  8.532e+05  1.235e+06  9.222e+05  1.147e+06  1.215e+06  1.081e+06  1.254e+06  9.488e+05  1.163e+06   1.16e+06  9.085e+05  1.662e+06  1.158e+06  6.534e+05  1.207e+06  9.164e+05  6.804e+05  1.022e+06   1.62e+06  8.259e+05  1.509e+06  9.874e+05  1.506e+06  9.865e+05  2.526e+05
