
 72

((monodelphis_domestica: 0.073091, (notamacropus_eugenii: 0.058357, sarcophilus_harrisii: 0.066810): 0.016093): 0.127034, (((choloepus_hoffmanni: 0.054946, dasypus_novemcinctus: 0.072304): 0.030716, (echinops_telfairi: 0.132094, (procavia_capensis: 0.083063, loxodonta_africana: 0.046374): 0.016421): 0.030136): 0.003158, (((sorex_araneus: 0.154912, erinaceus_europaeus: 0.133141): 0.026180, ((pteropus_vampyrus: 0.062427, myotis_lucifugus: 0.084960): 0.017778, (((felis_catus: 0.005050, (panthera_tigris_altaica: 0.002521, panthera_pardus: 0.001824): 0.003464): 0.039097, (canis_familiaris: 0.044768, (mustela_putorius_furo: 0.042627, ailuropoda_melanoleuca: 0.030089): 0.009184): 0.010391): 0.027616, (equus_caballus: 0.058595, (vicugna_pacos: 0.055975, (sus_scrofa: 0.061684, (tursiops_truncatus: 0.040075, (bos_taurus: 0.014908, (ovis_aries: 0.006587, capra_hircus: 0.005150): 0.011544): 0.049722): 0.008932): 0.004718): 0.019853): 0.002265): 0.001273): 0.003569): 0.011865, ((tupaia_belangeri: 0.099066, ((oryctolagus_cuniculus: 0.057460, ochotona_princeps: 0.099725): 0.055042, (ictidomys_tridecemlineatus: 0.081698, (((fukomys_damarensis: 0.041810, heterocephalus_glaber_female: 0.033455): 0.018720, ((cavia_porcellus: 0.002465, cavia_aperea: 0.005030): 0.060511, (chinchilla_lanigera: 0.038205, octodon_degus: 0.059424): 0.007384): 0.013259): 0.060224, (dipodomys_ordii: 0.122798, (jaculus_jaculus: 0.098604, (nannospalax_galili: 0.069787, (((mesocricetus_auratus: 0.029596, cricetulus_griseus_chok1gshd: 0.027155): 0.017673, (peromyscus_maniculatus_bairdii: 0.039578, microtus_ochrogaster: 0.049419): 0.002969): 0.013113, ((mus_pahari: 0.017429, (mus_caroli: 0.008515, (mus_musculus: 0.003862, mus_spretus: 0.004040): 0.004966): 0.009459): 0.020520, rattus_norvegicus: 0.038976): 0.033423): 0.043092): 0.023009): 0.022992): 0.011821): 0.003999): 0.014276): 0.006951): 0.001681, ((otolemur_garnettii: 0.071245, (propithecus_coquereli: 0.021905, microcebus_murinus: 0.032657): 0.020779): 0.019292, (carlito_syrichta: 0.074162, (((aotus_nancymaae: 0.013142, callithrix_jacchus: 0.016562): 0.000673, (saimiri_boliviensis_boliviensis: 0.014415, cebus_capucinus: 0.012145): 0.002156): 0.022160, (((chlorocebus_sabaeus: 0.005839, ((papio_anubis: 0.003071, (cercocebus_atys: 0.003031, mandrillus_leucophaeus: 0.002832): 0.000740): 0.000786, (macaca_nemestrina: 0.001840, (macaca_mulatta: 0.001438, macaca_fascicularis: 0.000824): 0.000564): 0.002063): 0.001677): 0.003059, (colobus_angolensis_palliatus: 0.006305, (rhinopithecus_roxellana: 0.001169, rhinopithecus_bieti: 0.001452): 0.004807): 0.003110): 0.010272, (nomascus_leucogenys: 0.011562, (pongo_abelii: 0.009204, (gorilla_gorilla: 0.004501, ((pan_troglodytes: 0.001145, pan_paniscus: 0.001237): 0.002405, homo_sapiens: 0.003628): 0.000973): 0.004467): 0.001580): 0.005260): 0.010544): 0.035335): 0.006124): 0.009692): 0.012259): 0.012174): 0.155584, ornithorhynchus_anatinus: 0.312986);

  0.127034  0.073091  0.016093  0.058357  0.066810  0.155584  0.003158  0.030716  0.054946  0.072304  0.030136  0.132094  0.016421  0.083063  0.046374  0.012174  0.011865  0.026180  0.154912  0.133141  0.003569  0.017778  0.062427  0.084960  0.001273  0.027616  0.039097  0.005050  0.003464  0.002521  0.001824  0.010391  0.044768  0.009184  0.042627  0.030089  0.002265  0.058595  0.019853  0.055975  0.004718  0.061684  0.008932  0.040075  0.049722  0.014908  0.011544  0.006587  0.005150  0.012259  0.001681  0.099066  0.006951  0.055042  0.057460  0.099725  0.014276  0.081698  0.003999  0.060224  0.018720  0.041810  0.033455  0.013259  0.060511  0.002465  0.005030  0.007384  0.038205  0.059424  0.011821  0.122798  0.022992  0.098604  0.023009  0.069787  0.043092  0.013113  0.017673  0.029596  0.027155  0.002969  0.039578  0.049419  0.033423  0.020520  0.017429  0.009459  0.008515  0.004966  0.003862  0.004040  0.038976  0.009692  0.019292  0.071245  0.020779  0.021905  0.032657  0.006124  0.074162  0.035335  0.022160  0.000673  0.013142  0.016562  0.002156  0.014415  0.012145  0.010544  0.010272  0.003059  0.005839  0.001677  0.000786  0.003071  0.000740  0.003031  0.002832  0.002063  0.001840  0.000564  0.001438  0.000824  0.003110  0.006305  0.004807  0.001169  0.001452  0.005260  0.011562  0.001580  0.009204  0.004467  0.004501  0.000973  0.002405  0.001145  0.001237  0.003628  0.312986

 -20.509958 -5.832208 -9.843990 11.809202  8.555373 22.823999 -29.875609  5.041912 -5.844240  3.369876 12.422026 17.884523 -20.799478  0.533136 28.089889 -12.752880 -1.601500 -10.927055 -2.822404  1.758854  1.169293  2.671960  4.102482 -5.922917 -21.709427 -1.431945 34.865323 12.787671  9.559508 47.749621 -1.784884 11.669282 30.539911 -6.902898 42.429208 26.599176 -47.352933 33.519339  2.337773  6.402996 19.058074 28.667305 -8.898471 26.307954 37.688642 18.701548 23.717074 56.290855 -8.394551 55.147401 -88.606128  3.660666  2.941162 13.364603 21.119577  1.388865 15.187256  1.549767 -4.749381 23.928177 -6.509167 13.427074 30.910274 15.478253 11.908164 -3.678969  1.389993 -19.580833 11.859014 12.658807 -9.701461 17.733986 12.763684 -7.154862 -5.808200  6.181035 24.731882 -1.599526 15.484326 18.507123 19.729809 -15.247042 35.995899 29.747829 15.734984 27.761185  9.080460 -3.026115 -4.174037 -11.750812 -6.234410 38.716998 14.862066 10.515163  1.498461 -6.815964 30.035040 35.251393 67.532027 -35.767282  1.751385 23.046158 11.243363 -66.768138  0.735393  7.017700  2.471988 34.777185 43.614975 47.223063 49.503537 25.366148 51.999458 37.171952 70.352664 119.958533 25.462138 43.639902 38.150690 39.369602 46.238896 25.448013 40.751959 32.997507 31.678201 47.181360 45.342355 109.209580 144.350313 99.963856 49.329893 25.273403 45.126341 39.535007 44.503179 38.407633 27.928378 128.208085 33.821053 41.238353  1.673986


Hessian

 -6.498e+06 -6.124e+05 -1.487e+06  -3.92e+05 -4.523e+05 -3.493e+06  2.081e+05  2.925e+05  1.622e+05   3.19e+05  2.642e+05  1.973e+05  2.915e+05  2.502e+05  2.949e+05 -1.801e+05  4.773e+05  2.594e+05  1.363e+05  1.665e+05  5.486e+05  5.043e+05  4.053e+05  3.615e+05  5.967e+05  5.168e+05  4.662e+05  5.242e+05  5.133e+05  5.035e+05   4.89e+05   5.37e+05  4.446e+05  5.042e+05  4.439e+05  4.741e+05  6.703e+05  3.989e+05  5.859e+05  2.764e+05  6.119e+05   4.79e+05  5.945e+05  4.658e+05  4.586e+05  4.818e+05  4.994e+05  5.582e+05  5.246e+05  4.054e+05  5.716e+05   2.54e+05  5.379e+05  4.348e+05  4.073e+05  2.692e+05  4.844e+05  3.219e+05  5.424e+05  4.537e+05   4.63e+05  3.435e+05  4.188e+05  4.708e+05  3.696e+05   4.31e+05  3.599e+05  5.321e+05   4.37e+05  3.237e+05  4.331e+05   2.35e+05  4.089e+05   2.67e+05  3.846e+05  3.234e+05  4.014e+05  4.572e+05  4.725e+05  4.091e+05  3.702e+05    5.6e+05  4.577e+05  4.014e+05   4.02e+05   4.58e+05  4.771e+05  5.308e+05  5.355e+05  5.837e+05  5.815e+05  4.443e+05  4.057e+05  5.199e+05  5.181e+05   3.54e+05  5.199e+05  4.842e+05  4.149e+05   5.44e+05  3.305e+05  4.692e+05  4.798e+05  5.103e+05  4.838e+05  5.169e+05  5.026e+05  5.094e+05  5.098e+05  4.647e+05  5.467e+05  5.467e+05  5.501e+05  6.146e+05  6.512e+05  5.966e+05   6.96e+05  6.394e+05  6.444e+05  6.009e+05  5.853e+05  5.832e+05  4.774e+05  5.317e+05  6.025e+05  5.785e+05  5.492e+05  5.503e+05  6.828e+05  5.201e+05  5.829e+05  6.346e+05  5.107e+05  5.711e+05  5.641e+05  7.351e+05  5.334e+05  7.102e+05  7.139e+05   5.68e+05 -1.431e+05
 -6.124e+05 -1.977e+07 -8.567e+06 -1.419e+06 -2.829e+06 -2.859e+05  7.419e+05  4.941e+05  2.555e+05  4.457e+05  5.916e+05   2.87e+05  5.046e+05  3.601e+05  3.802e+05  6.518e+05  8.745e+05  4.068e+05   1.93e+05   2.65e+05  9.473e+05  7.219e+05  5.324e+05  4.576e+05  1.123e+06  8.376e+05  6.671e+05   5.95e+05  7.389e+05  5.285e+05  8.406e+05  7.858e+05  5.453e+05  7.585e+05  6.128e+05  5.623e+05   9.98e+05  5.428e+05  9.064e+05  3.534e+05  8.773e+05   6.42e+05   8.38e+05  5.212e+05  6.631e+05  5.052e+05   5.74e+05   6.28e+05  5.466e+05  8.821e+05  1.143e+06   3.61e+05  9.804e+05  6.305e+05  5.017e+05  3.641e+05  8.545e+05  4.764e+05  9.061e+05  6.863e+05  5.478e+05  4.384e+05  4.715e+05  6.283e+05   4.91e+05  4.026e+05  2.593e+05  6.281e+05  4.747e+05  3.872e+05  7.394e+05  3.232e+05  6.824e+05  3.319e+05  6.176e+05  3.786e+05  5.643e+05  4.998e+05  5.195e+05  4.077e+05  3.695e+05  5.483e+05  4.576e+05  4.333e+05  4.703e+05  4.428e+05  4.836e+05  5.315e+05  5.658e+05  5.393e+05  6.465e+05  4.179e+05  3.892e+05  9.063e+05   7.64e+05  4.534e+05  6.531e+05   6.19e+05  5.284e+05  1.018e+06   4.88e+05  7.568e+05  6.737e+05  7.734e+05  6.321e+05  6.567e+05   6.16e+05  5.867e+05  6.216e+05  6.443e+05  6.461e+05  6.131e+05  5.984e+05  8.928e+05  8.777e+05  7.485e+05  8.189e+05  7.155e+05  6.034e+05  7.615e+05  8.205e+05  5.092e+05  5.743e+05  6.416e+05   6.65e+05  5.847e+05  6.685e+05  4.583e+05  4.757e+05  7.203e+05   6.71e+05  6.233e+05  5.458e+05  6.326e+05  8.441e+05  7.685e+05  7.444e+05  5.988e+05  7.146e+05  7.116e+05      -2179
 -1.487e+06 -8.567e+06 -3.617e+07 -3.403e+06  -7.09e+06 -8.593e+05  7.096e+05  5.678e+05  2.822e+05  5.223e+05  6.372e+05  3.348e+05  5.224e+05  3.994e+05  4.573e+05  6.082e+05   9.21e+05  4.477e+05  2.176e+05  2.979e+05  9.333e+05  7.275e+05  5.639e+05  5.065e+05    1.1e+06  8.871e+05    7.7e+05  6.093e+05  8.759e+05  5.568e+05  7.663e+05  8.158e+05  5.984e+05  8.029e+05  6.869e+05  6.148e+05  1.131e+06  6.091e+05  1.016e+06  3.837e+05  9.817e+05  6.881e+05  8.708e+05  5.906e+05  7.338e+05  5.462e+05  6.738e+05  6.595e+05  6.588e+05  8.921e+05  1.263e+06  3.882e+05  1.076e+06  7.196e+05  5.533e+05  4.163e+05  1.004e+06  5.153e+05  9.987e+05   7.53e+05    6.2e+05  5.348e+05  5.469e+05  6.878e+05  5.279e+05  5.105e+05  3.305e+05  7.751e+05  5.753e+05  4.361e+05  8.029e+05  3.624e+05  7.656e+05  4.117e+05  7.186e+05  4.566e+05   6.18e+05  5.864e+05  6.233e+05  4.875e+05   4.73e+05  5.971e+05    5.4e+05  5.125e+05  5.828e+05  5.852e+05  6.062e+05  5.787e+05  6.294e+05   4.89e+05  7.325e+05  5.375e+05  4.559e+05    9.5e+05  8.308e+05  5.174e+05  7.512e+05  6.638e+05  5.683e+05  9.722e+05  5.419e+05  7.481e+05  8.033e+05  7.039e+05  6.979e+05  7.179e+05  5.691e+05  7.045e+05  6.852e+05  7.436e+05  7.087e+05  7.374e+05  6.749e+05  8.264e+05  1.061e+06  8.282e+05  7.648e+05  8.926e+05  7.783e+05  9.587e+05  1.036e+06  4.653e+05  6.098e+05  7.142e+05  6.168e+05  6.937e+05  7.966e+05   8.29e+05  9.559e+05  7.821e+05  6.684e+05  8.042e+05  6.632e+05  7.447e+05  7.596e+05  8.195e+05  8.743e+05   8.01e+05  8.554e+05  7.588e+05      -2531
  -3.92e+05 -1.419e+06 -3.403e+06 -1.944e+07 -2.236e+06 -2.179e+05  6.855e+05  4.028e+05  1.832e+05  3.632e+05  4.801e+05  2.344e+05  3.934e+05  2.901e+05  2.914e+05  5.234e+05  6.471e+05  3.508e+05  1.861e+05  2.243e+05   6.54e+05  5.831e+05  3.387e+05   3.93e+05  8.307e+05  6.292e+05  4.689e+05  3.754e+05  4.389e+05  3.125e+05  6.108e+05  6.642e+05  4.241e+05  5.767e+05  4.564e+05  4.501e+05  7.561e+05  3.999e+05  6.394e+05  2.346e+05  6.534e+05   4.72e+05   6.13e+05  3.314e+05   5.17e+05  3.437e+05  4.102e+05  4.499e+05  4.007e+05   5.88e+05  8.429e+05  2.952e+05  6.644e+05  5.082e+05  3.844e+05  2.792e+05   6.58e+05   3.39e+05  7.062e+05  5.399e+05  4.002e+05  3.415e+05   3.58e+05   4.69e+05  3.805e+05  3.307e+05  2.371e+05  4.795e+05  3.724e+05  2.777e+05  5.407e+05  2.703e+05  4.625e+05  2.737e+05  4.058e+05  2.969e+05  4.329e+05  4.226e+05  3.754e+05  3.347e+05  3.145e+05  3.809e+05  3.699e+05  3.423e+05  3.592e+05  3.582e+05  3.917e+05  4.037e+05  4.822e+05  4.204e+05  4.426e+05  3.509e+05  3.005e+05   6.06e+05  6.032e+05  3.873e+05  4.967e+05  4.056e+05   4.36e+05  5.601e+05  3.759e+05  4.305e+05  4.989e+05  5.421e+05  4.607e+05  4.597e+05  4.721e+05  4.609e+05  4.732e+05  3.103e+05  4.473e+05  4.352e+05  3.921e+05  5.938e+05  5.644e+05  4.217e+05  5.019e+05  4.353e+05  4.001e+05  4.807e+05  5.406e+05  2.639e+05   3.89e+05  3.464e+05  4.581e+05  4.963e+05  4.938e+05  4.539e+05   5.19e+05  4.969e+05  3.893e+05   4.93e+05   4.56e+05  3.957e+05  5.227e+05  4.067e+05  4.424e+05  5.084e+05  4.989e+05  4.587e+05      2e+04
 -4.523e+05 -2.829e+06  -7.09e+06 -2.236e+06 -2.103e+07 -2.037e+05  7.387e+05    5.3e+05  2.361e+05  4.461e+05  5.936e+05  2.821e+05  4.868e+05  3.668e+05  4.293e+05  7.245e+05  9.041e+05  3.771e+05  1.986e+05  2.467e+05  9.318e+05   7.22e+05  5.235e+05  4.237e+05  1.094e+06  7.774e+05  5.971e+05  5.252e+05  5.555e+05  5.335e+05  6.522e+05  7.071e+05  5.076e+05  6.866e+05  5.432e+05  5.296e+05  9.803e+05  5.611e+05  8.875e+05  3.309e+05  9.135e+05  6.192e+05  8.277e+05  4.915e+05  6.154e+05  5.539e+05  5.701e+05  4.669e+05  3.772e+05  8.943e+05  1.086e+06  3.573e+05  9.461e+05  6.245e+05  4.801e+05  3.617e+05  9.043e+05  4.713e+05  9.279e+05    6.8e+05  5.533e+05  4.057e+05  4.804e+05  5.984e+05   4.65e+05   4.41e+05  2.405e+05   6.24e+05  4.623e+05   3.97e+05  7.463e+05  3.243e+05  6.819e+05  3.559e+05   6.41e+05  4.069e+05  5.465e+05  5.387e+05  5.009e+05   4.39e+05  3.892e+05  6.274e+05  4.735e+05  4.467e+05  4.855e+05  4.328e+05  5.022e+05  5.156e+05  4.484e+05  3.643e+05  7.061e+05  5.119e+05  4.274e+05  9.484e+05  7.087e+05  4.774e+05  6.896e+05  5.778e+05  5.233e+05  9.295e+05  4.916e+05  7.736e+05   7.07e+05  8.763e+05  6.421e+05  6.363e+05  7.993e+05  6.459e+05  6.228e+05  7.167e+05  6.088e+05  6.897e+05  6.382e+05  7.218e+05  7.589e+05  6.251e+05  7.064e+05  6.949e+05  5.795e+05  6.461e+05  6.379e+05  5.755e+05   3.15e+05  6.682e+05  5.221e+05  5.782e+05  7.054e+05  4.869e+05  5.076e+05  7.739e+05  6.086e+05  6.439e+05  5.417e+05  7.283e+05  6.844e+05  9.072e+05  7.583e+05  5.302e+05  6.243e+05  6.185e+05    1.6e+04
 -3.493e+06 -2.859e+05 -8.593e+05 -2.179e+05 -2.037e+05 -6.185e+06  3.332e+04  2.421e+05  1.553e+05  2.876e+05   1.82e+05  1.734e+05  2.455e+05  2.477e+05  2.796e+05 -5.196e+05  3.557e+05  2.109e+05  1.215e+05  1.536e+05   4.08e+05  4.561e+05  3.872e+05  3.224e+05  4.122e+05  4.724e+05  4.481e+05  4.788e+05  4.824e+05  4.791e+05  5.258e+05  5.125e+05  4.357e+05  4.668e+05  4.415e+05  4.694e+05  5.739e+05  3.597e+05  5.256e+05  2.579e+05  5.612e+05  4.493e+05  5.123e+05   4.49e+05  4.272e+05  5.136e+05  4.944e+05  5.673e+05  5.568e+05   2.53e+05  4.135e+05  2.402e+05  4.134e+05  3.788e+05  3.794e+05  2.541e+05  3.942e+05  3.105e+05  4.172e+05  4.108e+05  4.637e+05  3.641e+05  4.337e+05  4.763e+05  3.734e+05  4.547e+05  4.145e+05  5.299e+05  4.386e+05  3.241e+05    3.7e+05  2.206e+05  3.474e+05  2.633e+05  3.459e+05  3.276e+05  3.914e+05  4.712e+05   4.75e+05  4.093e+05  4.205e+05  5.435e+05  4.458e+05  4.226e+05  4.116e+05  4.797e+05  5.204e+05  5.571e+05  5.492e+05  5.862e+05  6.099e+05  5.232e+05  4.503e+05  4.425e+05  4.742e+05  3.459e+05    4.8e+05  4.648e+05  3.963e+05  4.419e+05  3.184e+05  4.331e+05  4.571e+05  5.288e+05  5.331e+05  5.292e+05  5.283e+05  4.982e+05   5.03e+05  4.739e+05  5.629e+05  5.664e+05  5.809e+05  6.866e+05  8.431e+05  6.273e+05   7.65e+05  7.098e+05  6.654e+05  6.142e+05  6.666e+05  6.309e+05  4.862e+05   6.37e+05  6.613e+05  6.223e+05  5.857e+05  6.798e+05  6.715e+05  5.169e+05  6.107e+05  5.735e+05  5.257e+05   5.93e+05  6.161e+05  8.119e+05  6.499e+05  7.608e+05  7.699e+05  6.593e+05 -1.953e+05
  2.081e+05  7.419e+05  7.096e+05  6.855e+05  7.387e+05  3.332e+04  -1.95e+08 -1.242e+07 -1.736e+06 -5.346e+06 -1.682e+07 -3.689e+05 -9.475e+06 -7.128e+05 -3.223e+06 -7.725e+07 -3.949e+06  2.184e+04  1.609e+05  1.806e+05 -3.667e+06 -5.378e+05  1.182e+05  1.285e+05 -3.251e+06 -6.495e+05  1.987e+05  7.494e+05  7.196e+05  8.932e+05  1.563e+06 -4.476e+05   2.86e+05 -1.213e+05  3.931e+05  3.932e+05 -2.192e+06  -2.63e+05 -1.389e+06  1.676e+05 -9.911e+05  2.995e+05 -6.891e+05  4.211e+05  4.864e+04  6.384e+05  7.574e+05  1.083e+06  6.258e+05 -4.886e+06 -1.649e+06       4256  -1.77e+06  2.388e+04  4.354e+05  3.674e+05 -8.938e+05   2.15e+05 -8.493e+05  1.733e+05  8.119e+05  8.921e+05  1.003e+06  9.245e+05  9.246e+05  1.063e+06  9.045e+05  1.079e+06  9.473e+05  8.154e+05  2.322e+04  2.727e+05  3.299e+05  6.954e+05  6.738e+05  8.654e+05  1.065e+06  1.446e+06  1.418e+06  1.308e+06  1.156e+06  1.244e+06  1.269e+06  1.124e+06  1.257e+06  1.432e+06  1.599e+06   1.56e+06   1.72e+06   1.56e+06   1.66e+06   1.98e+06  1.285e+06 -1.811e+06  -5.34e+05  3.241e+05 -2.893e+05  3.503e+05  1.768e+05 -1.108e+06  1.962e+05 -4.736e+05  5.437e+05  3.282e+05  1.099e+06  1.166e+06  4.922e+05  9.771e+05  1.182e+06  2.173e+05  1.234e+06   1.06e+06  1.025e+06  1.142e+06  9.953e+05  1.747e+06  1.324e+06  1.098e+06  1.427e+06  1.254e+06  1.414e+06   1.47e+06  1.132e+06  1.494e+06    7.8e+05  1.156e+06  1.207e+06  1.134e+06  1.258e+06  1.058e+06  1.372e+06  8.092e+05  1.006e+06  1.265e+06  1.653e+06  7.867e+05  1.361e+06  1.604e+06  2.052e+06  1.463e+06  2.271e+05
  2.925e+05  4.941e+05  5.678e+05  4.028e+05    5.3e+05  2.421e+05 -1.242e+07  -4.06e+07 -4.662e+06 -1.299e+07  5.455e+04   2.36e+05   2.67e+05  3.278e+05  2.625e+05 -8.747e+06 -1.209e+06  2.066e+05  1.492e+05  1.982e+05 -1.239e+06 -5.246e+04  2.409e+05  2.893e+05 -1.367e+06 -1.443e+05  1.861e+05  3.972e+05  4.472e+05   4.81e+05  5.495e+05  1.085e+05   3.45e+05  1.884e+05  3.479e+05  3.812e+05 -7.603e+05  3.713e+04 -3.636e+05   2.01e+05 -2.835e+05  3.239e+05  1.083e+05  3.414e+05  2.964e+05  5.452e+05  6.454e+05  5.563e+05  7.684e+05 -1.407e+06 -6.904e+05  1.232e+05 -5.548e+05    2.3e+05  3.451e+05  3.649e+05 -1.127e+05  2.662e+05  1.224e+05  2.708e+05  6.368e+05  5.833e+05  6.639e+05  6.693e+05  6.007e+05  7.138e+05  4.794e+05  6.737e+05  6.352e+05  5.425e+05  3.776e+05  3.116e+05  4.874e+05  4.652e+05  6.346e+05  6.315e+05  8.394e+05  9.843e+05  9.354e+05  8.456e+05  9.377e+05  9.258e+05   8.93e+05  8.221e+05  9.561e+05  9.702e+05  1.003e+06  1.117e+06  1.118e+06  1.061e+06  1.344e+06  1.283e+06   8.79e+05 -7.636e+05  -1.55e+05  4.094e+05  1.902e+04  3.897e+05  2.599e+05 -4.383e+05  2.304e+05  3.414e+04  5.779e+05  3.209e+04  8.396e+05  6.634e+05  6.705e+05  6.208e+05  6.881e+05  3.939e+05  7.012e+05  3.561e+05  8.309e+05  5.234e+05   5.68e+05  9.497e+05  8.528e+05  8.273e+05  6.583e+05    9.1e+05  1.104e+06  5.553e+05  7.395e+05  1.104e+06  7.418e+05  8.212e+05  7.423e+05  6.352e+05  1.008e+06  7.163e+05  8.038e+05  7.253e+05  7.266e+05  7.585e+05   9.43e+05  8.434e+05  9.787e+05  1.012e+06  6.553e+05  9.308e+05  1.633e+05
  1.622e+05  2.555e+05  2.822e+05  1.832e+05  2.361e+05  1.553e+05 -1.736e+06 -4.662e+06 -2.157e+07  -5.49e+05  1.192e+05  1.582e+05   1.27e+05   1.37e+05  1.283e+05 -1.285e+06 -1.305e+05  1.997e+05  1.377e+05  1.658e+05 -1.114e+05    1.7e+05  1.503e+05  2.579e+05 -2.058e+05  1.147e+05  2.107e+05  2.291e+05  3.099e+05  1.713e+05  3.233e+05  2.462e+05  2.759e+05  3.113e+05   2.97e+05  3.113e+05  -1.15e+05  1.198e+05  4.582e+04  1.438e+05  2.522e+05   2.57e+05  1.764e+05  1.369e+05  2.704e+05  2.104e+05  3.102e+05  3.081e+05  4.135e+05 -1.578e+05  5.738e+04  1.642e+05    1.3e+05  2.462e+05  2.702e+05  2.392e+05  2.042e+05  2.013e+05    2.3e+05  2.824e+05  3.481e+05  2.891e+05  2.868e+05  3.334e+05  3.188e+05  2.497e+05  2.854e+05  3.588e+05  3.376e+05  2.669e+05  3.394e+05  2.127e+05  3.401e+05  2.475e+05  3.907e+05  2.902e+05  4.106e+05  4.819e+05   5.57e+05  4.345e+05  4.609e+05  6.196e+05  4.671e+05  4.295e+05  4.812e+05  4.917e+05  4.533e+05  5.618e+05  6.002e+05  6.643e+05  5.354e+05  5.176e+05  4.482e+05 -1.151e+05  8.353e+04  2.413e+05  1.678e+05  1.928e+05  2.778e+05  6.395e+04  2.202e+05  1.767e+05  3.332e+05  3.586e+05  3.267e+05  3.638e+05  2.659e+05  3.242e+05  3.565e+05  3.037e+05  3.045e+05  3.763e+05  3.802e+05   5.02e+05  9.211e+04  3.001e+05  6.449e+05  5.667e+05  5.123e+05   5.29e+05  4.823e+05  8.241e+04  5.002e+05  3.216e+05  2.524e+05  3.072e+05  3.415e+05  2.397e+05  3.303e+05  2.576e+05  3.719e+05  3.827e+05   2.31e+05  1.888e+05  2.818e+05  2.679e+05  4.691e+05  2.484e+05   4.74e+05  2.915e+05   1.05e+05
   3.19e+05  4.457e+05  5.223e+05  3.632e+05  4.461e+05  2.876e+05 -5.346e+06 -1.299e+07  -5.49e+05 -2.544e+07  2.975e+05  2.165e+05   3.11e+05  3.043e+05  2.726e+05  -3.82e+06  -5.05e+05  2.227e+05  1.604e+05  1.977e+05 -5.306e+05   1.59e+05  3.159e+05  2.845e+05 -5.065e+05   1.44e+05  2.678e+05   3.71e+05   2.41e+05  3.773e+05  4.334e+05  2.537e+05  2.815e+05  2.977e+05  3.708e+05  3.792e+05 -2.949e+05  1.844e+05  1.387e+04  2.203e+05  1.507e+04  3.248e+05  2.739e+05  3.867e+05  3.175e+05  4.725e+05  5.022e+05   4.79e+05   5.93e+05 -5.788e+05 -2.063e+05   1.84e+05 -1.734e+05  2.611e+05  3.119e+05  3.086e+05  2.271e+04  3.697e+05  2.947e+05  3.536e+05  5.573e+05  4.884e+05  5.197e+05  5.705e+05   5.64e+05  6.428e+05  4.455e+05  5.522e+05  5.673e+05  4.723e+05  4.964e+05  2.914e+05  5.512e+05   4.55e+05  6.952e+05  5.687e+05  8.027e+05  8.883e+05  8.613e+05  7.111e+05  8.292e+05  9.912e+05  7.498e+05  7.385e+05  8.205e+05  8.345e+05  8.957e+05  1.015e+06  9.795e+05  9.161e+05  1.034e+06  9.158e+05  7.753e+05 -1.523e+05  1.101e+05   4.43e+05  1.788e+05  3.852e+05   2.91e+05  8.832e+04  2.813e+05  2.744e+05  4.982e+05  4.725e+05  7.377e+05  6.916e+05  5.475e+05  5.291e+05  5.916e+05  4.238e+05  6.968e+05  3.634e+05  7.939e+05  6.271e+05  4.252e+05  5.544e+05  8.923e+05  7.849e+05  5.419e+05    1.1e+06  9.333e+05   7.28e+05  9.081e+05  6.312e+05  6.425e+05  7.309e+05  7.242e+05  3.494e+05  7.053e+05   8.26e+05  7.105e+05  7.363e+05  6.353e+05   7.38e+05  8.748e+05   7.35e+05  8.412e+05  9.434e+05  1.253e+06  8.858e+05  1.487e+05
  2.642e+05  5.916e+05  6.372e+05  4.801e+05  5.936e+05   1.82e+05 -1.682e+07  5.455e+04  1.192e+05  2.975e+05 -4.966e+07  -1.32e+06 -2.159e+07 -2.001e+06 -6.606e+06 -1.154e+07 -1.428e+06  6.415e+04  1.181e+05  1.278e+05 -1.418e+06 -2.496e+05  1.327e+05   1.64e+05 -1.233e+06 -2.525e+05   1.85e+05  4.607e+05  4.692e+05  8.718e+05  7.597e+05 -1.029e+05   4.04e+05  4.875e+04  3.462e+05  5.079e+05 -1.031e+06   3.87e+04 -6.697e+05  1.889e+05 -4.834e+05  2.031e+05 -2.768e+04  4.541e+05  1.702e+05  6.862e+05  6.273e+05  9.186e+05  7.009e+05 -1.595e+06 -1.244e+06  6.604e+04  -1.06e+06   8.02e+04  3.541e+05  3.098e+05 -5.725e+05  2.505e+05 -4.165e+05  1.871e+05  6.535e+05  5.905e+05  7.718e+05  6.412e+05  6.186e+05  7.756e+05  8.006e+05  7.425e+05  7.409e+05  5.542e+05  5.383e+04  2.953e+05  1.685e+05  4.415e+05  4.794e+05  6.045e+05  7.282e+05  1.037e+06  1.016e+06  9.279e+05  9.162e+05  1.086e+06  9.088e+05  9.085e+05  9.388e+05  1.063e+06  1.165e+06  1.216e+06  1.151e+06  1.166e+06  1.252e+06  1.225e+06  9.503e+05 -9.371e+05 -2.791e+05  3.402e+05  9.474e+04   4.35e+05  3.195e+05 -5.338e+05  1.926e+05  -1.13e+05  5.309e+05  9.346e+05   8.12e+05  9.156e+05  5.335e+05  7.663e+05  8.938e+05  3.364e+05  7.227e+05  6.216e+05  9.403e+05  9.085e+05   8.45e+05  1.104e+06  3.379e+05  9.882e+05    1.1e+06  9.545e+05  1.034e+06  8.572e+05  1.113e+06  7.489e+05  1.164e+06  9.235e+05  9.304e+05  1.093e+06  1.155e+06  7.447e+05  1.065e+06  7.077e+05  7.503e+05  1.041e+06   1.11e+06  1.076e+06  8.831e+05   1.33e+06  1.293e+06  1.319e+06  1.749e+05
  1.973e+05   2.87e+05  3.348e+05  2.344e+05  2.821e+05  1.734e+05 -3.689e+05   2.36e+05  1.582e+05  2.165e+05  -1.32e+06 -1.067e+07  -5.45e+05 -1.295e+04      -4101  -2.35e+05  1.956e+05  1.387e+05  9.918e+04  1.352e+05  2.731e+05  2.616e+05   2.66e+05   1.97e+05  2.157e+05  2.772e+05  2.863e+05  2.902e+05   2.75e+05   4.04e+05  3.461e+05  2.946e+05   3.47e+05  3.388e+05  3.214e+05  3.645e+05  2.469e+05  2.767e+05  2.784e+05   1.79e+05  2.709e+05   2.67e+05  3.056e+05  3.629e+05  2.864e+05  4.144e+05  3.413e+05  5.288e+05  4.104e+05  1.484e+05  1.023e+05   1.78e+05  1.202e+05   1.87e+05  2.163e+05  1.703e+05  2.075e+05  2.953e+05  2.085e+05  3.093e+05  3.799e+05  3.169e+05  4.076e+05  3.799e+05   3.32e+05  3.787e+05  2.749e+05  3.866e+05  3.645e+05  2.734e+05  3.153e+05  1.739e+05   3.11e+05  2.251e+05   3.29e+05   3.12e+05  3.449e+05  4.646e+05  4.542e+05  3.968e+05  4.509e+05  4.108e+05  3.982e+05  3.896e+05  4.619e+05  4.927e+05  4.602e+05  5.391e+05  5.272e+05  5.125e+05  5.621e+05  5.075e+05  4.118e+05  2.382e+05   3.67e+05  3.163e+05   3.35e+05  4.182e+05  2.946e+05  2.945e+05  2.423e+05  2.903e+05  3.938e+05  4.835e+05  5.345e+05  4.806e+05  5.142e+05  4.399e+05  5.159e+05  3.777e+05  5.305e+05  5.131e+05  5.665e+05  5.512e+05   7.03e+05  6.832e+05  5.995e+05  4.694e+05  6.013e+05  6.605e+05  5.139e+05  4.907e+05  6.528e+05  3.739e+05  6.797e+05  6.042e+05  4.703e+05  5.632e+05  4.821e+05  4.921e+05  5.373e+05  5.511e+05  5.457e+05  6.188e+05   6.18e+05  8.077e+05  5.484e+05  6.155e+05  5.878e+05  4.975e+05  9.197e+04
  2.915e+05  5.046e+05  5.224e+05  3.934e+05  4.868e+05  2.455e+05 -9.475e+06   2.67e+05   1.27e+05   3.11e+05 -2.159e+07  -5.45e+05  -5.48e+07 -4.205e+06 -1.248e+07 -6.687e+06  -7.54e+05  3.002e+05  2.245e+05  2.098e+05 -7.779e+05  5.285e+04  2.059e+05  3.131e+05 -8.929e+05  4.893e+04  4.045e+05  3.806e+05  6.027e+05  8.534e+05  9.986e+05  8.893e+04  4.595e+05  2.727e+05  5.109e+05  4.884e+05 -7.709e+05  5.261e+04 -2.305e+05   2.71e+05  -5.33e+04  3.783e+05  2.478e+05  4.315e+05  4.321e+05  4.429e+05  5.526e+05  7.837e+05  7.689e+05 -7.887e+05 -4.097e+05  1.626e+05 -3.579e+05  3.011e+05  4.315e+05  4.016e+05 -1.303e+05  3.371e+05 -1.346e+05  3.913e+05  6.433e+05  5.386e+05  6.282e+05  7.239e+05  5.862e+05  7.234e+05  6.068e+05  7.761e+05  6.661e+05  4.904e+05  3.479e+05  3.227e+05  4.073e+05  4.765e+05  5.496e+05  5.456e+05  7.014e+05  9.413e+05  1.059e+06  8.498e+05  1.014e+06  1.076e+06  8.637e+05  7.835e+05  9.336e+05  1.024e+06  9.287e+05  1.033e+06  1.081e+06  1.013e+06   1.06e+06  9.972e+05  9.072e+05 -3.453e+05  4.935e+04  3.769e+05  2.319e+05  3.674e+05   4.17e+05  6.176e+04  3.719e+05   1.99e+05  5.677e+05  5.016e+05  7.677e+05      7e+05  7.054e+05  6.824e+05  7.241e+05  3.036e+05  5.321e+05  5.669e+05  5.617e+05  8.907e+05  1.239e+06  1.186e+06  6.109e+05  1.066e+06  9.944e+05  7.839e+05  1.029e+06  1.013e+06  9.174e+05   1.03e+06  7.846e+05  7.164e+05  8.256e+05   5.91e+05  1.167e+06  5.015e+05  9.015e+05  5.394e+05  5.739e+05  7.787e+05  8.143e+05  1.004e+06  8.611e+05  8.707e+05  8.998e+05  1.051e+06  1.835e+05
  2.502e+05  3.601e+05  3.994e+05  2.901e+05  3.668e+05  2.477e+05 -7.128e+05  3.278e+05   1.37e+05  3.043e+05 -2.001e+06 -1.295e+04 -4.205e+06 -2.032e+07 -1.172e+06 -4.069e+05  3.454e+05  2.615e+05  1.633e+05  1.982e+05  4.292e+05  3.437e+05  2.596e+05  3.212e+05   4.08e+05  4.039e+05  3.512e+05  3.842e+05  5.001e+05  5.877e+05  5.163e+05  4.007e+05  4.302e+05  5.311e+05  4.135e+05  3.657e+05  2.492e+05  2.581e+05  3.316e+05  1.828e+05  3.771e+05  3.814e+05   3.86e+05  3.169e+05  3.509e+05  3.273e+05  3.716e+05  5.166e+05  5.426e+05  2.702e+05  2.827e+05  2.182e+05  3.523e+05  3.358e+05  3.404e+05  2.461e+05  3.775e+05  3.618e+05  3.012e+05  3.893e+05  4.874e+05  3.913e+05  4.254e+05   4.41e+05  3.706e+05  3.952e+05  3.653e+05  4.791e+05  4.086e+05  3.216e+05  4.634e+05  2.671e+05  4.552e+05  3.265e+05  4.646e+05  3.717e+05  4.863e+05  6.181e+05  6.151e+05  4.798e+05  6.123e+05  6.677e+05  5.656e+05  5.223e+05  5.749e+05  6.247e+05  6.395e+05  6.583e+05  7.102e+05  6.675e+05  7.212e+05   7.27e+05  5.574e+05  3.333e+05  4.308e+05  3.503e+05  3.742e+05  3.462e+05  4.044e+05   2.61e+05  3.172e+05  2.827e+05  4.244e+05  3.951e+05  5.077e+05   3.38e+05  5.607e+05  4.845e+05  4.827e+05  3.513e+05  4.459e+05  5.305e+05  5.047e+05  6.049e+05  1.807e+05  5.836e+05  4.374e+05  7.434e+05   7.28e+05  6.344e+05  4.919e+05  6.663e+05   6.87e+05   6.15e+05  4.125e+05   3.68e+05  4.806e+05  4.747e+05  6.595e+05   3.45e+05  5.578e+05  4.351e+05  5.617e+05  5.077e+05  5.102e+05   5.14e+05  5.808e+05  6.128e+05  6.082e+05  5.248e+05  1.291e+05
  2.949e+05  3.802e+05  4.573e+05  2.914e+05  4.293e+05  2.796e+05 -3.223e+06  2.625e+05  1.283e+05  2.726e+05 -6.606e+06      -4101 -1.248e+07 -1.172e+06 -3.777e+07  -2.35e+06  6.591e+04  4.047e+05  2.547e+05  2.557e+05 -9.849e+04   3.47e+05  3.262e+05  3.276e+05 -1.797e+05  2.346e+05  4.483e+05  2.806e+05  4.823e+05  4.229e+05  4.698e+05  2.782e+05  4.031e+05  3.908e+05  4.542e+05  2.648e+05 -1.705e+05  9.276e+04  3.127e+05  1.897e+05  2.938e+05  4.255e+05  4.919e+05  3.391e+05   5.22e+05   2.36e+05  4.461e+05  4.097e+05  4.104e+05  -4.77e+04  3.786e+05   2.53e+05  3.483e+05  4.792e+05  4.026e+05  3.787e+05  2.747e+05  3.737e+05  3.632e+05  5.119e+05  5.736e+05  4.864e+05  5.263e+05  5.976e+05  4.582e+05  3.997e+05  3.213e+05  5.505e+05  5.499e+05  3.935e+05  5.212e+05  3.551e+05  4.981e+05  4.165e+05  5.981e+05  5.006e+05  6.482e+05  7.873e+05  8.201e+05  6.358e+05   7.79e+05  9.027e+05  7.597e+05  6.843e+05  7.617e+05  8.233e+05  8.165e+05  9.246e+05  8.666e+05  8.382e+05  7.304e+05   1.04e+06   6.99e+05  2.934e+05   3.18e+05  3.595e+05  4.307e+05  3.833e+05  4.977e+05  3.681e+05  3.922e+05   4.35e+05  6.121e+05  5.116e+05  4.935e+05   5.58e+05  3.594e+05  6.818e+05  4.428e+05  3.574e+05   5.23e+05  2.283e+05  3.094e+05  4.537e+05  8.227e+05  5.451e+05  4.363e+05   7.28e+05  4.153e+05  3.877e+05  4.473e+05  4.696e+05  4.842e+05  6.467e+05  5.315e+05  4.608e+05  4.883e+05   9.13e+05  6.803e+05  2.877e+05  5.864e+05  3.657e+05  3.178e+05  4.339e+05  6.297e+05  5.924e+05   7.71e+05  5.539e+05  4.461e+05  6.894e+05  1.609e+05
 -1.801e+05  6.518e+05  6.082e+05  5.234e+05  7.245e+05 -5.196e+05 -7.725e+07 -8.747e+06 -1.285e+06  -3.82e+06 -1.154e+07  -2.35e+05 -6.687e+06 -4.069e+05  -2.35e+06 -1.329e+08 -4.937e+06 -3.257e+04  1.177e+05  1.005e+05 -4.426e+06 -4.719e+05  1.084e+05   1.09e+05 -3.931e+06 -7.316e+05  1.472e+05  7.542e+05  8.056e+05  5.781e+05  1.431e+06 -4.096e+05  1.817e+05 -4.056e+05  3.309e+05  4.054e+05 -2.161e+06 -3.665e+05 -1.287e+06  1.595e+05 -9.172e+05  2.774e+05   -4.7e+05  4.494e+05  1.268e+05  6.445e+05   7.84e+05  9.746e+05  9.509e+05 -6.004e+06 -1.769e+06 -3.399e+04  -1.85e+06  1.011e+04  4.251e+05  3.532e+05 -1.195e+06  1.746e+05 -8.262e+05  8.913e+04  8.217e+05  8.045e+05  1.006e+06  7.293e+05  8.401e+05  1.046e+06  1.039e+06  9.786e+05  8.529e+05  7.998e+05 -1.095e+05  2.345e+05  1.905e+05  5.885e+05  4.624e+05  8.245e+05   8.53e+05  1.318e+06  1.234e+06  1.169e+06  1.065e+06  1.236e+06  1.091e+06  1.085e+06   1.12e+06  1.354e+06  1.474e+06  1.532e+06  1.498e+06  1.652e+06  1.695e+06  1.987e+06   1.18e+06 -2.179e+06 -6.281e+05  2.228e+05 -2.254e+05  3.413e+05  2.245e+05 -1.406e+06  1.017e+05 -5.421e+05  4.687e+05  5.345e+05   1.08e+06  1.117e+06   5.33e+05  8.311e+05  1.055e+06  1.831e+04  1.166e+06  1.209e+06  1.062e+06  1.018e+06  1.603e+06  1.704e+06  1.466e+06  1.453e+06  1.186e+06  1.519e+06  1.228e+06  1.052e+06   1.04e+06  1.718e+06   1.05e+06  1.171e+06  1.121e+06  1.122e+06  1.353e+06  1.119e+06  1.339e+06  8.406e+05  8.638e+05  1.159e+06  1.283e+06  9.031e+05  8.728e+05  1.321e+06  2.037e+06   1.61e+06  1.831e+05
  4.773e+05  8.745e+05   9.21e+05  6.471e+05  9.041e+05  3.557e+05 -3.949e+06 -1.209e+06 -1.305e+05  -5.05e+05 -1.428e+06  1.956e+05  -7.54e+05  3.454e+05  6.591e+04 -4.937e+06  -1.88e+08  2.807e+05  2.002e+05  2.286e+05 -1.114e+08 -2.048e+06 -4.495e+05 -2.327e+05 -5.235e+07 -4.878e+06 -5.445e+05  6.383e+05  1.738e+05  8.663e+05  8.753e+05   -2.4e+06 -2.184e+05 -1.089e+06 -1.457e+05  1.833e+05 -1.267e+07 -2.061e+06 -4.916e+06 -5.886e+04 -3.873e+06 -3.133e+05 -1.839e+06 -7.489e+04 -6.077e+05  6.706e+05  4.611e+05  1.312e+06  9.077e+05 -2.946e+07 -5.456e+06 -2.419e+05 -4.025e+06 -4.027e+05  1.885e+05  3.755e+05  -2.38e+06 -1.425e+05 -1.942e+06 -1.466e+05  8.762e+05  9.168e+05  9.718e+05  7.236e+05  9.702e+05  1.302e+06  9.793e+05  9.111e+05  9.348e+05  7.881e+05 -6.422e+05  2.348e+05 -1.166e+05  5.537e+05  3.798e+05  9.313e+05  1.076e+06  1.531e+06  1.427e+06  1.272e+06  1.428e+06  1.405e+06  1.172e+06  1.328e+06  1.368e+06  1.587e+06  1.517e+06  1.695e+06  1.691e+06   1.84e+06  2.038e+06  2.229e+06  1.456e+06 -6.905e+06 -1.959e+06  5.021e+04 -8.889e+05  3.664e+04 -2.697e+04 -3.069e+06 -2.077e+05 -1.553e+06  5.538e+05  1.141e+06  1.235e+06  1.293e+06   1.98e+05  7.928e+05  1.129e+06 -3.067e+05  5.952e+05  7.299e+05  1.369e+06  4.181e+05  7.449e+05  1.537e+06   1.63e+06  1.404e+06  1.299e+06   1.07e+06  1.775e+06  4.624e+05  2.084e+06  2.065e+06  8.278e+05  1.659e+06  1.305e+06   1.88e+06  1.244e+06  6.492e+05  1.133e+06  5.757e+05  1.179e+06  1.081e+06  1.666e+06  1.304e+06  1.018e+06  2.051e+06  1.968e+06  1.618e+06  2.922e+05
  2.594e+05  4.068e+05  4.477e+05  3.508e+05  3.771e+05  2.109e+05  2.184e+04  2.066e+05  1.997e+05  2.227e+05  6.415e+04  1.387e+05  3.002e+05  2.615e+05  4.047e+05 -3.257e+04  2.807e+05 -2.241e+07 -3.447e+06 -5.892e+06 -3.011e+06 -1.491e+05   9.77e+04  8.194e+04 -1.132e+06 -2.166e+05  1.578e+05  4.437e+05  4.061e+05  5.232e+05  5.441e+05 -5.872e+04   2.19e+05  6.594e+04  1.997e+05  2.845e+05 -7.769e+05       6370 -5.681e+05  8.899e+04 -4.468e+05  1.316e+05 -1.026e+05  3.449e+05  6.916e+04  5.018e+05  3.449e+05  5.799e+05  6.223e+05 -7.125e+04 -3.176e+05  1.107e+05 -3.197e+05  6.643e+04  2.638e+05  2.141e+05 -1.283e+04  2.616e+05      -8024  2.768e+05  4.782e+05  4.207e+05  5.566e+05  4.847e+05  4.131e+05  6.481e+05  5.843e+05  5.089e+05  4.695e+05  3.577e+05  1.452e+05  1.885e+05  2.542e+05  3.089e+05  3.341e+05  4.155e+05  5.204e+05  6.645e+05  5.958e+05  5.168e+05  6.357e+05  6.266e+05  5.368e+05  5.291e+05  5.957e+05  6.265e+05  7.021e+05  7.179e+05  8.159e+05  7.481e+05  8.526e+05  8.186e+05  5.847e+05 -5.381e+04  2.073e+05  3.134e+05  2.325e+05  4.314e+05  2.215e+05 -1.576e+04  2.388e+05  1.241e+05  4.214e+05   8.13e+05  7.385e+05  6.643e+05  5.408e+05   5.86e+05  7.061e+05   4.16e+05  7.538e+05  5.545e+05  7.748e+05  5.857e+05  8.904e+05  8.843e+05  6.424e+05  6.688e+05  6.873e+05   8.44e+05  8.628e+05  6.963e+05  8.278e+05  7.048e+05  6.912e+05  7.796e+05  8.613e+05  8.516e+05  7.688e+05  6.571e+05  7.503e+05  7.224e+05   6.51e+05  4.999e+05  8.646e+05  5.012e+05   8.37e+05  1.061e+06  1.062e+06    7.9e+05  1.419e+05
  1.363e+05   1.93e+05  2.176e+05  1.861e+05  1.986e+05  1.215e+05  1.609e+05  1.492e+05  1.377e+05  1.604e+05  1.181e+05  9.918e+04  2.245e+05  1.633e+05  2.547e+05  1.177e+05  2.002e+05 -3.447e+06 -6.366e+06  2.435e+05 -5.468e+05  1.028e+05  1.534e+05  8.483e+04 -1.681e+05  7.289e+04  1.507e+05  2.944e+05  2.585e+05  4.038e+05   2.22e+05  1.177e+05  1.927e+05  1.012e+05   1.31e+05  1.912e+05 -6.803e+04  1.066e+05 -4.778e+04  1.159e+05 -4.757e+04  1.412e+05  8.814e+04  2.147e+05  1.094e+05  3.036e+05  2.414e+05  3.567e+05  3.605e+05   1.08e+05  3.217e+04  1.172e+05      -2965  1.019e+05  1.745e+05  1.181e+05   1.22e+05  1.609e+05  1.469e+05  1.749e+05  2.819e+05  2.332e+05  2.963e+05  2.783e+05  2.274e+05  3.575e+05  3.052e+05  2.943e+05  2.519e+05   1.75e+05  1.538e+05  1.215e+05  2.014e+05  1.723e+05  2.276e+05  2.286e+05  2.663e+05  3.351e+05  3.429e+05  2.466e+05  3.265e+05   3.39e+05  2.641e+05  2.878e+05  3.299e+05  3.321e+05  3.433e+05  3.811e+05  3.937e+05  4.107e+05  4.426e+05  4.605e+05  3.017e+05  1.124e+05  2.021e+05  2.162e+05  1.902e+05  2.564e+05  1.443e+05   1.62e+05  1.686e+05  1.959e+05  3.002e+05  4.962e+05  3.815e+05  3.886e+05   3.82e+05  3.247e+05  3.566e+05  2.997e+05  3.776e+05  3.357e+05  4.052e+05  2.503e+05  5.395e+05  4.904e+05  4.503e+05   4.34e+05  3.746e+05  5.298e+05  4.349e+05  3.347e+05  4.556e+05  4.464e+05   3.72e+05   5.14e+05  4.436e+05  3.404e+05  4.329e+05   3.81e+05   4.22e+05  3.379e+05  3.911e+05  3.185e+05  4.611e+05  4.711e+05  3.701e+05  4.898e+05  4.826e+05  3.944e+05  6.981e+04
  1.665e+05   2.65e+05  2.979e+05  2.243e+05  2.467e+05  1.536e+05  1.806e+05  1.982e+05  1.658e+05  1.977e+05  1.278e+05  1.352e+05  2.098e+05  1.982e+05  2.557e+05  1.005e+05  2.286e+05 -5.892e+06  2.435e+05  -9.03e+06 -1.134e+06  3.039e+04  1.452e+05  1.275e+05 -4.068e+05   6.56e+04  1.866e+05   3.06e+05  3.011e+05  3.838e+05  4.362e+05  1.114e+05  1.926e+05  1.512e+05   1.95e+05  2.711e+05 -1.903e+05  1.206e+05  -1.01e+05   1.27e+05 -3.235e+04  1.652e+05   7.27e+04   2.89e+05  1.294e+05  3.207e+05  3.079e+05  3.803e+05  4.019e+05  9.141e+04  3.326e+04  1.246e+05  1.922e+04  1.647e+05  2.414e+05  1.741e+05  1.235e+05   2.08e+05  2.169e+05   2.69e+05  3.344e+05   2.98e+05  3.524e+05  3.461e+05  3.059e+05  4.461e+05  3.348e+05  3.889e+05  3.248e+05  2.575e+05   2.06e+05  1.405e+05  2.237e+05  2.067e+05  2.666e+05  2.573e+05  3.454e+05   4.45e+05  3.868e+05  3.319e+05  3.912e+05  4.256e+05  3.708e+05  3.609e+05   3.99e+05  4.112e+05  4.694e+05  4.917e+05  4.898e+05  4.898e+05  5.658e+05   5.06e+05  3.857e+05  1.383e+05   2.54e+05  2.518e+05  2.561e+05  3.349e+05  2.406e+05  1.394e+05  1.935e+05  1.942e+05  3.471e+05  5.658e+05  4.441e+05  4.559e+05  4.313e+05  3.975e+05  4.185e+05  3.453e+05  4.633e+05  4.083e+05  5.422e+05  4.529e+05  7.108e+05  4.406e+05  2.982e+05  4.468e+05  4.176e+05  5.322e+05  5.799e+05  6.942e+05  5.381e+05  4.804e+05  4.384e+05  4.777e+05  4.837e+05  4.015e+05  6.469e+05  4.345e+05  4.729e+05  4.177e+05  4.668e+05  3.489e+05  5.449e+05   3.44e+05  6.015e+05   6.29e+05  7.137e+05  5.541e+05  9.826e+04
  5.486e+05  9.473e+05  9.333e+05   6.54e+05  9.318e+05   4.08e+05 -3.667e+06 -1.239e+06 -1.114e+05 -5.306e+05 -1.418e+06  2.731e+05 -7.779e+05  4.292e+05 -9.849e+04 -4.426e+06 -1.114e+08 -3.011e+06 -5.468e+05 -1.134e+06 -3.296e+08 -3.599e+06 -7.578e+05 -3.704e+05 -8.991e+07 -6.854e+06 -8.856e+05 -3.209e+04 -1.206e+05  9.675e+05  1.297e+06 -3.488e+06 -5.599e+05 -1.831e+06 -3.873e+05 -3.013e+05 -1.979e+07 -3.049e+06 -6.888e+06 -2.529e+05 -5.606e+06 -6.135e+05 -3.053e+06 -5.945e+05 -9.875e+05  1.103e+05  4.375e+04  1.177e+06  7.135e+05 -2.507e+07 -5.456e+06 -1.927e+05 -3.988e+06 -3.527e+05  2.077e+05  5.761e+05 -2.315e+06 -3.331e+04 -1.866e+06  -3.45e+04  7.628e+05  1.015e+06  1.061e+06   1.02e+06  1.041e+06  1.501e+06  1.334e+06  1.214e+06  1.093e+06  8.794e+05 -2.869e+05  3.579e+05  5.201e+04  6.603e+05  6.159e+05  1.049e+06  1.303e+06  1.813e+06  1.436e+06  1.453e+06  1.625e+06   1.79e+06  1.356e+06  1.462e+06  1.658e+06  1.431e+06   1.46e+06  2.014e+06  1.849e+06  2.125e+06  2.446e+06  2.343e+06  1.614e+06 -7.116e+06 -2.178e+06  1.203e+05 -1.048e+06      -2829       6267 -3.195e+06 -5.355e+04 -1.374e+06  2.248e+05  5.935e+05  1.407e+06  1.249e+06  9.794e+05  8.715e+05  9.605e+05 -4.175e+05  4.843e+05  7.056e+05  1.245e+06  7.732e+05  1.442e+06  1.914e+06  1.833e+06  1.373e+06  1.085e+06  1.081e+06  1.886e+06  9.996e+05  1.833e+06   2.44e+06  5.923e+05  1.836e+06  1.784e+06  1.924e+06  9.073e+05  6.833e+05  1.211e+06  1.038e+06  1.306e+06  1.381e+06  1.449e+06    1.6e+06  1.362e+06  1.863e+06  2.241e+06  1.793e+06  3.117e+05
  5.043e+05  7.219e+05  7.275e+05  5.831e+05   7.22e+05  4.561e+05 -5.378e+05 -5.246e+04    1.7e+05   1.59e+05 -2.496e+05  2.616e+05  5.285e+04  3.437e+05   3.47e+05 -4.719e+05 -2.048e+06 -1.491e+05  1.028e+05  3.039e+04 -3.599e+06 -8.534e+07 -1.406e+07 -7.599e+06 -1.782e+07  -2.48e+06 -4.275e+05  2.373e+05 -1.002e+04  7.767e+05  6.792e+05 -1.394e+06 -1.994e+04 -8.246e+05 -1.436e+04  5.598e+04 -4.502e+06 -8.635e+05 -2.499e+06  -1.38e+05 -1.938e+06 -1.664e+05 -1.043e+06  4.802e+04 -1.265e+05  4.153e+05  2.605e+05  6.253e+05  6.477e+05 -1.392e+06 -1.879e+06  7.645e+04 -1.321e+06  9.029e+04  4.396e+05  4.094e+05 -6.842e+05  2.964e+05 -3.935e+05  2.299e+05  7.386e+05   8.68e+05  8.315e+05  8.219e+05  7.539e+05  9.416e+05  8.324e+05  8.186e+05  8.055e+05  6.397e+05       3712  3.281e+05  3.142e+05  5.513e+05  5.471e+05  7.416e+05  9.035e+05  1.147e+06  1.202e+06  1.024e+06  1.129e+06  1.275e+06  1.093e+06  1.118e+06  1.171e+06  1.363e+06  1.379e+06  1.369e+06  1.577e+06  1.338e+06  1.313e+06  1.479e+06  1.151e+06 -1.076e+06 -2.709e+05   3.53e+05  1.752e+04  4.647e+05  3.018e+05 -7.599e+05  2.768e+05 -1.807e+05  4.637e+05  1.101e+06   9.38e+05  7.915e+05  7.041e+05  8.161e+05  9.674e+05  2.764e+05  7.669e+05  7.099e+05  1.044e+06  9.343e+05   1.26e+06  1.103e+06   9.09e+05  1.188e+06  9.078e+05  1.158e+06  1.194e+06  1.061e+06  1.207e+06  8.967e+05  1.118e+06  1.161e+06  9.029e+05  1.643e+06  1.159e+06  6.249e+05  1.213e+06  9.433e+05  6.827e+05  1.021e+06  1.605e+06   8.69e+05  1.438e+06  9.603e+05  1.456e+06  9.598e+05  2.492e+05
