
 72

((monodelphis_domestica: 0.040230, (notamacropus_eugenii: 0.034916, sarcophilus_harrisii: 0.040009): 0.008866): 0.073032, (((choloepus_hoffmanni: 0.036249, dasypus_novemcinctus: 0.047362): 0.017433, (echinops_telfairi: 0.077376, (procavia_capensis: 0.048310, loxodonta_africana: 0.028661): 0.009172): 0.015445): 0.001765, (((sorex_araneus: 0.086518, erinaceus_europaeus: 0.075951): 0.014179, ((pteropus_vampyrus: 0.037448, myotis_lucifugus: 0.050269): 0.009716, (((felis_catus: 0.002610, (panthera_tigris_altaica: 0.001998, panthera_pardus: 0.001111): 0.001867): 0.020373, (canis_familiaris: 0.024106, (mustela_putorius_furo: 0.023714, ailuropoda_melanoleuca: 0.017455): 0.004463): 0.005151): 0.014867, (equus_caballus: 0.033318, (vicugna_pacos: 0.033859, (sus_scrofa: 0.033074, (tursiops_truncatus: 0.025356, (bos_taurus: 0.008869, (ovis_aries: 0.005284, capra_hircus: 0.003166): 0.006395): 0.026735): 0.005044): 0.002579): 0.010548): 0.001221): 0.000723): 0.002000): 0.006281, (((oryctolagus_cuniculus: 0.034133, ochotona_princeps: 0.056941): 0.028452, (ictidomys_tridecemlineatus: 0.041949, (((fukomys_damarensis: 0.025463, heterocephalus_glaber_female: 0.021284): 0.010274, ((cavia_porcellus: 0.001557, cavia_aperea: 0.004731): 0.033563, (chinchilla_lanigera: 0.020923, octodon_degus: 0.033137): 0.004295): 0.007429): 0.032478, (dipodomys_ordii: 0.066307, (jaculus_jaculus: 0.056547, (nannospalax_galili: 0.038845, (((mesocricetus_auratus: 0.017691, cricetulus_griseus_chok1gshd: 0.013372): 0.008869, (peromyscus_maniculatus_bairdii: 0.021039, microtus_ochrogaster: 0.026223): 0.001533): 0.006645, ((mus_pahari: 0.009315, (mus_caroli: 0.004728, (mus_musculus: 0.002166, mus_spretus: 0.002347): 0.002536): 0.004551): 0.009823, rattus_norvegicus: 0.020893): 0.016387): 0.022788): 0.010957): 0.011248): 0.005801): 0.001803): 0.007310): 0.004058, (tupaia_belangeri: 0.054891, ((otolemur_garnettii: 0.038064, (propithecus_coquereli: 0.012427, microcebus_murinus: 0.017167): 0.010895): 0.010383, (carlito_syrichta: 0.042844, (((aotus_nancymaae: 0.007900, callithrix_jacchus: 0.009699): 0.000373, (saimiri_boliviensis_boliviensis: 0.008376, cebus_capucinus: 0.007256): 0.001138): 0.011745, (((chlorocebus_sabaeus: 0.003371, ((papio_anubis: 0.001969, (cercocebus_atys: 0.002086, mandrillus_leucophaeus: 0.001760): 0.000363): 0.000389, (macaca_nemestrina: 0.001185, (macaca_mulatta: 0.000963, macaca_fascicularis: 0.000535): 0.000276): 0.001126): 0.000882): 0.001482, (colobus_angolensis_palliatus: 0.003846, (rhinopithecus_roxellana: 0.000696, rhinopithecus_bieti: 0.001188): 0.002832): 0.001755): 0.005684, (nomascus_leucogenys: 0.007293, (pongo_abelii: 0.006033, (gorilla_gorilla: 0.002900, ((pan_troglodytes: 0.000746, pan_paniscus: 0.000950): 0.001372, homo_sapiens: 0.002300): 0.000593): 0.002509): 0.000810): 0.002859): 0.005534): 0.017302): 0.003152): 0.004562): 0.001017): 0.006305): 0.006191): 0.090356, ornithorhynchus_anatinus: 0.203796);

  0.073032  0.040230  0.008866  0.034916  0.040009  0.090356  0.001765  0.017433  0.036249  0.047362  0.015445  0.077376  0.009172  0.048310  0.028661  0.006191  0.006281  0.014179  0.086518  0.075951  0.002000  0.009716  0.037448  0.050269  0.000723  0.014867  0.020373  0.002610  0.001867  0.001998  0.001111  0.005151  0.024106  0.004463  0.023714  0.017455  0.001221  0.033318  0.010548  0.033859  0.002579  0.033074  0.005044  0.025356  0.026735  0.008869  0.006395  0.005284  0.003166  0.006305  0.004058  0.028452  0.034133  0.056941  0.007310  0.041949  0.001803  0.032478  0.010274  0.025463  0.021284  0.007429  0.033563  0.001557  0.004731  0.004295  0.020923  0.033137  0.005801  0.066307  0.011248  0.056547  0.010957  0.038845  0.022788  0.006645  0.008869  0.017691  0.013372  0.001533  0.021039  0.026223  0.016387  0.009823  0.009315  0.004551  0.004728  0.002536  0.002166  0.002347  0.020893  0.001017  0.054891  0.004562  0.010383  0.038064  0.010895  0.012427  0.017167  0.003152  0.042844  0.017302  0.011745  0.000373  0.007900  0.009699  0.001138  0.008376  0.007256  0.005534  0.005684  0.001482  0.003371  0.000882  0.000389  0.001969  0.000363  0.002086  0.001760  0.001126  0.001185  0.000276  0.000963  0.000535  0.001755  0.003846  0.002832  0.000696  0.001188  0.002859  0.007293  0.000810  0.006033  0.002509  0.002900  0.000593  0.001372  0.000746  0.000950  0.002300  0.203796

 -24.579926 -4.870454 -13.810148 -5.057448 -2.274557  6.901493  6.451992 -16.275194 -0.701020 22.372473 10.987547  4.529645  4.448175 12.562024 -1.285631 27.008785 -10.088051 -27.622537 10.903108  3.081468 -6.487653 -16.713185  1.005430 10.587755  2.810563 10.443191  2.154038 25.080259  7.715576  4.294132 52.207800 -7.171498  2.055246 -7.269124  7.114233 11.899483 -25.319681 -2.685853  4.589577  0.630575  9.902356  4.435411 -12.250296  0.363317  2.195113 -3.674078  7.588319 -9.542202 -2.636610 26.691063 -1.001764  5.596348 -3.314144  6.273780 23.003143 -10.994081 -27.926571 34.078562 -17.459861 15.057911 -0.747769 21.206989 25.554627 12.199956 16.647786  5.489851 25.560856  9.465240 -6.944631 10.603191  2.357666 -2.327102  2.634713 34.640671 36.076896 31.566978  1.643181 27.600410 26.468155 -21.201659 22.292505 28.078818 15.265668  9.960442  8.175367 19.246665 22.506097 79.147949 24.366497 28.821987  7.480555 -32.265459 21.065073 11.978046  4.590324 23.703310 11.792455 10.394772 25.142509 -14.984313  8.609098 15.544898  9.923113 -49.211342 11.790530 12.046240  3.386160 16.753862 11.964502 14.263427  8.945733 20.291388 86.730396 83.614939 63.770764 93.953046 64.703445 88.588901 89.566019 92.115820 93.952271 70.518902 89.358179 97.662141 71.809365 81.438289 81.149177 18.948545 14.976503 66.083965  8.580096 53.377413  4.350966 18.802792 65.561218 248.627478 71.297383 83.998540 90.196704 92.862803 -4.394359


Hessian

 -1.731e+07 -1.053e+06 -3.371e+06 -8.852e+05 -7.135e+05 -8.927e+06  5.019e+05  7.253e+05  4.071e+05  8.172e+05  6.228e+05  5.321e+05  6.844e+05   6.37e+05  7.663e+05 -2.816e+05  9.951e+05  6.003e+05  3.806e+05  4.541e+05   1.03e+06  9.915e+05   9.44e+05  7.795e+05  1.089e+06  9.826e+05  1.084e+06  1.187e+06   1.13e+06  1.138e+06   1.28e+06  1.019e+06  9.536e+05  1.042e+06  1.047e+06  1.058e+06  1.107e+06  9.292e+05  1.242e+06  5.999e+05  1.276e+06  1.089e+06  1.225e+06  1.061e+06  1.068e+06  9.839e+05  1.089e+06   1.23e+06  1.232e+06  7.042e+05  9.963e+05  9.778e+05  9.093e+05  6.697e+05  1.012e+06  8.069e+05  1.132e+06   1.09e+06  1.165e+06  9.617e+05  1.037e+06  1.136e+06  9.969e+05  1.114e+06  1.005e+06  1.171e+06  1.044e+06  9.287e+05  9.118e+05  7.258e+05  8.802e+05  7.391e+05  9.098e+05   8.36e+05  9.069e+05  1.107e+06  1.032e+06  9.949e+05  9.273e+05  1.122e+06  9.763e+05  9.675e+05  9.069e+05  9.896e+05  1.054e+06  1.044e+06  1.067e+06  1.113e+06  1.282e+06  1.123e+06  9.954e+05  9.451e+05  5.913e+05  8.867e+05  1.005e+06  8.782e+05  1.077e+06   1.16e+06  1.025e+06  9.759e+05  8.029e+05  9.846e+05   1.01e+06  1.119e+06  1.132e+06   1.04e+06  9.233e+05  1.137e+06  1.011e+06  9.506e+05  1.106e+06  1.356e+06  1.185e+06  1.076e+06  1.097e+06  9.912e+05  1.749e+06  1.415e+06  1.196e+06  1.252e+06  1.367e+06   1.42e+06   1.23e+06  1.603e+06  1.354e+06  1.332e+06  1.174e+06   1.59e+06  1.587e+06  1.061e+06  1.235e+06  1.309e+06   1.16e+06  1.174e+06  1.432e+06  1.247e+06  1.359e+06   1.66e+06  1.507e+06  1.216e+06  -2.06e+05
 -1.053e+06 -5.322e+07 -1.975e+07 -3.495e+06 -4.518e+06 -3.618e+05  1.599e+06  1.177e+06  5.324e+05  1.074e+06  1.217e+06  6.929e+05  1.084e+06   8.11e+05  9.977e+05  1.528e+06   1.89e+06  9.908e+05  5.269e+05  6.677e+05  2.069e+06  1.472e+06  1.137e+06  1.024e+06  1.842e+06  1.516e+06  1.408e+06  1.196e+06  1.015e+06  9.985e+05  1.208e+06  1.726e+06  1.116e+06   1.47e+06   1.22e+06  1.286e+06  2.061e+06  1.244e+06  1.872e+06  7.273e+05  1.838e+06  1.334e+06   1.58e+06  1.192e+06  1.361e+06  1.342e+06  1.164e+06   1.26e+06  1.168e+06  1.837e+06  1.879e+06  1.404e+06  1.113e+06  8.743e+05  1.824e+06  1.137e+06  1.886e+06  1.556e+06  1.337e+06  1.119e+06  1.109e+06  1.533e+06  1.167e+06  9.372e+05  7.398e+05  1.498e+06  1.166e+06  1.009e+06  1.645e+06  9.657e+05  1.534e+06  1.018e+06  1.437e+06  9.962e+05  1.298e+06  1.155e+06   1.22e+06  1.012e+06  9.504e+05  1.177e+06  1.093e+06  1.013e+06  1.117e+06  1.187e+06  1.339e+06  1.277e+06  1.242e+06  1.077e+06  1.528e+06  9.164e+05  9.471e+05  2.091e+06  7.755e+05   1.94e+06  1.654e+06  1.101e+06  1.559e+06  1.449e+06  1.167e+06  1.903e+06    1.1e+06  1.648e+06  1.414e+06   1.57e+06  1.176e+06  1.167e+06  1.128e+06  1.128e+06  1.191e+06  1.559e+06  1.455e+06  1.608e+06  1.207e+06  1.417e+06  1.923e+06  1.215e+06  1.003e+06  1.448e+06  1.606e+06  1.533e+06  1.286e+06  1.625e+06  1.197e+06  1.464e+06  8.116e+05  1.256e+06  1.479e+06  1.288e+06  1.532e+06  1.221e+06  1.245e+06  1.455e+06  1.132e+06  1.677e+06  1.057e+06  1.166e+06   1.24e+06  1.242e+06  1.343e+06  1.639e+06  8.249e+04
 -3.371e+06 -1.975e+07 -1.108e+08 -9.467e+06  -1.37e+07 -1.922e+06  1.569e+06   1.27e+06  5.207e+05  1.195e+06  1.293e+06  8.038e+05  1.298e+06  9.662e+05  1.223e+06  1.471e+06  2.157e+06   1.21e+06  5.929e+05  7.947e+05  2.124e+06  1.782e+06  1.301e+06  1.234e+06  1.989e+06  1.922e+06  1.626e+06  1.841e+06  1.825e+06  1.113e+06   1.18e+06    2.1e+06  1.449e+06  1.836e+06  1.462e+06  1.398e+06  2.278e+06  1.468e+06  1.999e+06  7.451e+05   2.01e+06  1.571e+06  2.002e+06  1.366e+06  1.683e+06  1.463e+06  1.149e+06  1.543e+06  1.641e+06  2.096e+06  2.258e+06  1.526e+06  1.378e+06  9.986e+05   1.92e+06  1.261e+06  1.811e+06  1.767e+06  1.575e+06  1.375e+06  1.397e+06  1.629e+06  1.352e+06  1.283e+06  8.928e+05  1.389e+06  1.233e+06  1.151e+06  1.787e+06  1.105e+06   1.72e+06  1.118e+06  1.589e+06  1.131e+06  1.489e+06  1.524e+06  1.497e+06  1.141e+06  1.061e+06  1.509e+06  1.266e+06  1.119e+06  1.349e+06  1.256e+06  1.387e+06  1.479e+06  1.272e+06   1.04e+06  1.623e+06  1.147e+06  1.158e+06   2.16e+06   8.55e+05  1.778e+06  1.867e+06  1.388e+06  1.682e+06  1.544e+06  1.282e+06  1.927e+06  1.263e+06  1.726e+06  1.605e+06  1.768e+06  1.405e+06   1.45e+06  1.532e+06  1.489e+06  1.477e+06  1.552e+06  1.666e+06  1.822e+06  1.223e+06  1.771e+06  1.822e+06  1.556e+06  1.189e+06  1.583e+06  1.425e+06  1.391e+06    1.6e+06  2.243e+06  1.079e+06   1.38e+06  1.187e+06  1.837e+06  1.767e+06  1.653e+06  1.104e+06  1.401e+06  1.097e+06  1.072e+06  1.409e+06  1.705e+06  1.597e+06  1.172e+06  1.615e+06  1.675e+06  2.018e+06    1.3e+06  5.852e+04
 -8.852e+05 -3.495e+06 -9.467e+06 -5.249e+07 -4.454e+06 -5.035e+05  1.446e+06  9.722e+05  3.503e+05  8.858e+05  1.211e+06  6.648e+05  9.126e+05  6.342e+05  8.372e+05   9.41e+05  1.754e+06  9.381e+05  5.229e+05  6.374e+05  1.516e+06  1.375e+06  9.325e+05  9.545e+05  1.926e+06  1.436e+06  1.236e+06  1.328e+06  1.098e+06  1.018e+06  1.298e+06   1.29e+06  8.773e+05    1.4e+06  1.092e+06  1.073e+06  1.477e+06  1.016e+06  1.451e+06  5.884e+05  1.509e+06  1.144e+06  1.356e+06  9.671e+05  1.223e+06  9.381e+05  1.043e+06  1.086e+06  1.197e+06  1.351e+06  1.663e+06  1.166e+06  9.825e+05  7.885e+05    1.5e+06  9.643e+05  1.598e+06  1.339e+06  1.021e+06  9.726e+05  8.969e+05   1.27e+06  9.784e+05  6.985e+05  5.926e+05  1.149e+06  1.002e+06  7.884e+05   1.46e+06  8.368e+05  1.253e+06  8.334e+05  1.209e+06  8.468e+05  1.048e+06  1.165e+06  1.082e+06  8.973e+05  1.026e+06  1.016e+06  9.669e+05  8.304e+05  1.026e+06  1.022e+06  1.101e+06   1.04e+06  1.158e+06  1.095e+06  9.665e+05  8.429e+05  1.006e+06  1.485e+06  7.084e+05  1.275e+06  1.463e+06  9.765e+05  1.229e+06  8.914e+05  1.036e+06  1.386e+06  9.543e+05  1.192e+06   1.16e+06  7.151e+05  1.062e+06  1.047e+06  1.347e+06  1.027e+06  7.964e+05  9.613e+05  1.023e+06  1.054e+06   1.12e+06  1.221e+06  2.891e+04   8.32e+05  1.385e+06  1.086e+06  1.279e+06  1.098e+06  1.304e+06   1.01e+06  9.636e+05  1.187e+06  6.684e+05  1.299e+06  1.059e+06  8.704e+05  9.039e+05  8.002e+05  1.214e+06  4.403e+05  8.282e+05   7.99e+05  1.212e+06  1.117e+06  1.198e+06  5.988e+05  1.437e+06   8.79e+05  1.211e+05
 -7.135e+05 -4.518e+06  -1.37e+07 -4.454e+06 -5.187e+07 -1.534e+05  1.612e+06  1.188e+06  5.297e+05  1.028e+06   1.28e+06  7.133e+05   1.05e+06   8.66e+05  9.122e+05  1.648e+06   1.75e+06  9.872e+05  5.327e+05  6.757e+05    2.2e+06  1.631e+06  1.174e+06  1.028e+06  2.108e+06  1.742e+06  1.412e+06   9.31e+05  1.425e+06   7.28e+05  1.025e+06  1.489e+06  1.141e+06  1.716e+06  1.323e+06  1.166e+06  1.897e+06   1.27e+06  1.844e+06  6.619e+05   2.02e+06  1.397e+06  1.611e+06   1.14e+06  1.401e+06  1.052e+06  1.369e+06  1.014e+06  9.284e+05  1.773e+06  1.948e+06  1.371e+06  1.058e+06  8.771e+05  1.652e+06  1.064e+06  1.873e+06  1.594e+06  1.354e+06   1.03e+06  1.265e+06  1.416e+06  1.165e+06  1.051e+06  3.759e+05  1.537e+06  1.217e+06   1.01e+06  1.781e+06  9.347e+05  1.534e+06  9.529e+05  1.325e+06   9.43e+05  1.346e+06  1.284e+06  1.246e+06  8.974e+05  9.994e+05  1.081e+06  1.053e+06  9.792e+05  1.199e+06  1.206e+06  1.097e+06  1.144e+06  1.243e+06  1.217e+06  1.245e+06  7.446e+05  1.093e+06  1.869e+06  8.246e+05  1.661e+06  1.835e+06  1.134e+06  1.541e+06  1.257e+06  1.184e+06  1.851e+06  1.131e+06   1.59e+06  1.328e+06  1.319e+06  1.205e+06  1.186e+06  1.146e+06  1.395e+06   1.17e+06  1.531e+06  1.235e+06  1.788e+06  1.035e+06   1.26e+06   2.18e+06  1.261e+06  1.159e+06  1.526e+06   1.16e+06  1.432e+06  1.436e+06  1.851e+06  1.031e+06  9.284e+05  1.126e+06  1.171e+06  1.291e+06  1.006e+06  6.401e+05  1.418e+06  1.226e+06  1.774e+06  1.078e+06  1.577e+06  1.282e+06  1.521e+06  1.256e+06  1.128e+06  1.428e+06  1.489e+06  9.547e+04
 -8.927e+06 -3.618e+05 -1.922e+06 -5.035e+05 -1.534e+05 -1.613e+07  1.368e+05  5.453e+05  3.799e+05  7.141e+05  3.932e+05  4.709e+05   5.58e+05  6.007e+05  6.914e+05  -9.71e+05   6.94e+05   4.59e+05   2.96e+05  4.043e+05  7.377e+05  8.068e+05  8.968e+05  6.566e+05  7.699e+05  8.535e+05  9.732e+05  1.087e+06  1.117e+06  1.215e+06  1.092e+06  7.634e+05   8.56e+05  8.715e+05  9.605e+05  1.043e+06  7.572e+05  7.886e+05   9.95e+05  5.467e+05  1.036e+06  9.543e+05  1.019e+06  1.047e+06  9.022e+05  1.044e+06  1.066e+06  1.278e+06  1.241e+06  3.738e+05  6.345e+05  8.058e+05  8.214e+05  5.903e+05  7.272e+05  7.584e+05  7.233e+05  9.226e+05  1.157e+06  9.581e+05   1.04e+06  1.057e+06  9.608e+05  1.342e+06  1.084e+06  1.088e+06  9.852e+05  9.105e+05  6.799e+05  6.585e+05  7.136e+05  7.103e+05  7.661e+05  8.602e+05  8.566e+05  1.088e+06  1.035e+06  1.012e+06    9.7e+05  1.101e+06  9.441e+05  9.128e+05  9.286e+05  1.005e+06  1.035e+06  1.148e+06  1.173e+06  1.164e+06  1.408e+06  1.169e+06   9.51e+05    5.3e+05  4.986e+05   5.97e+05  8.513e+05  7.744e+05  9.429e+05  1.091e+06   9.74e+05  8.035e+05  7.349e+05  7.718e+05  9.509e+05  1.131e+06  1.184e+06  1.065e+06  9.672e+05  1.042e+06  1.042e+06  9.051e+05  1.115e+06   1.29e+06  1.281e+06  1.042e+06  1.151e+06  1.157e+06   1.88e+06  1.512e+06  1.224e+06  1.176e+06  1.442e+06  1.626e+06  1.278e+06  1.632e+06  1.419e+06  1.319e+06  1.181e+06  1.419e+06  1.637e+06  1.048e+06  1.175e+06  1.147e+06  1.257e+06  1.211e+06  1.456e+06  1.247e+06  1.568e+06  1.729e+06  1.672e+06  1.239e+06 -2.055e+05
  5.019e+05  1.599e+06  1.569e+06  1.446e+06  1.612e+06  1.368e+05 -5.414e+08  -2.06e+07 -2.894e+06 -8.663e+06 -4.176e+07 -5.939e+05 -2.083e+07  -1.31e+06 -5.287e+06 -1.653e+08 -7.377e+06 -1.285e+06 -1.126e+05 -1.948e+05 -7.243e+06 -3.177e+06 -7.459e+05 -1.121e+05 -9.366e+06 -3.331e+06 -1.563e+06  4.545e+05  2.139e+05  1.082e+06  1.982e+06  -2.42e+06 -1.131e+05 -2.633e+06 -5.027e+05  3.595e+05 -8.727e+06 -1.352e+06 -5.068e+06 -8.867e+04  -5.06e+06 -9.503e+05 -3.096e+06  1.189e+05 -6.558e+05  8.526e+05  1.116e+06  1.917e+06  1.793e+06 -9.212e+06 -5.862e+06 -1.443e+06 -1.383e+05  2.544e+05 -4.384e+06 -5.978e+05 -5.217e+06 -1.189e+06  1.297e+06  1.717e+06  1.583e+06  8.812e+05  1.172e+06   3.07e+06  2.854e+06    1.3e+06  1.604e+06  1.465e+06 -2.203e+06  2.842e+05 -1.006e+06  1.194e+06  2.509e+05  1.369e+06   1.35e+06  1.882e+06  2.076e+06  1.773e+06  2.278e+06  2.401e+06  1.648e+06  1.862e+06  1.872e+06  2.121e+06  2.233e+06  1.798e+06  3.112e+06  2.592e+06  2.765e+06  2.887e+06  1.984e+06 -7.464e+06 -6.991e+05 -6.427e+06  -2.98e+06 -1.222e+05 -2.326e+06 -3.841e+05 -7.444e+05 -5.289e+06 -4.886e+05 -2.906e+06  3.582e+05  8.431e+05  1.146e+06  1.331e+06 -1.135e+05    6.6e+05  8.946e+05 -7.663e+05  1.188e+06 -1.062e+06  1.145e+06  2.756e+06 -1.435e+06  2.866e+06  1.042e+06  2.961e+06  1.605e+06  7.561e+05  8.194e+05   1.71e+06  1.341e+06    1.3e+06  4.416e+05  1.719e+06  2.411e+06  3.523e+06   1.51e+06 -1.519e+05  1.324e+06  1.881e+06  1.075e+06  1.032e+06  2.487e+06  1.503e+06  2.317e+06  2.162e+06  3.087e+06  2.019e+06  5.705e+05
  7.253e+05  1.177e+06   1.27e+06  9.722e+05  1.188e+06  5.453e+05  -2.06e+07  -8.44e+07 -8.315e+06 -2.521e+07  1.313e+05  3.605e+05   5.45e+05    4.8e+05  4.178e+05 -1.224e+07 -2.825e+06   6.84e+04  2.678e+05  2.654e+05 -3.127e+06 -5.422e+05   2.73e+05  2.546e+05 -4.322e+06 -9.823e+05 -1.035e+05  6.562e+05  3.384e+05  8.448e+05  5.561e+05  -5.55e+05  2.827e+05 -3.971e+05  1.814e+05  3.049e+05 -2.532e+06 -1.671e+05 -1.911e+06  2.373e+05 -1.479e+06  4.059e+04 -9.131e+05  2.487e+05  5.022e+04  1.095e+06  7.668e+05  9.621e+05  1.688e+06 -2.942e+06 -2.486e+06 -2.085e+05  4.442e+05    5.1e+05 -1.282e+06   3.26e+05 -1.862e+06  1.497e+05  1.145e+06  1.123e+06  1.272e+06  1.015e+06  1.067e+06  1.792e+06  1.437e+06   1.22e+06  1.283e+06  1.186e+06 -9.959e+04  6.699e+05   4.34e+05  1.018e+06  8.693e+05  1.191e+06  1.492e+06  2.016e+06  1.662e+06  1.458e+06   1.74e+06  2.112e+06  1.412e+06  1.437e+06   1.71e+06  1.719e+06  1.624e+06  1.625e+06  1.959e+06   2.39e+06  2.308e+06  1.826e+06  1.506e+06 -2.716e+06      -3833 -2.383e+06 -9.128e+05  6.507e+05 -7.571e+05  5.546e+05 -2.023e+04 -1.968e+06  2.615e+05 -8.162e+05  4.378e+05  5.988e+05   1.27e+06  1.058e+06  4.339e+05  7.473e+05  1.098e+06  2.349e+05  7.695e+05  2.849e+05  1.208e+06  1.516e+06  6.956e+05   1.18e+06   1.54e+06  1.614e+06  1.701e+06  9.582e+05  1.848e+06  1.029e+06  1.268e+06  1.443e+06  1.533e+06  8.825e+05  1.836e+06  1.651e+06  2.019e+06  5.913e+05  1.118e+06  5.204e+05   1.08e+06  1.157e+06  1.331e+06  1.946e+06  1.113e+06  8.397e+05  1.099e+06  1.751e+06  4.048e+05
  4.071e+05  5.324e+05  5.207e+05  3.503e+05  5.297e+05  3.799e+05 -2.894e+06 -8.315e+06 -3.915e+07 -3.447e+05  1.192e+05  2.734e+05  9.125e+04   1.72e+05  1.268e+05 -1.946e+06 -4.767e+05  3.612e+05  2.831e+05   3.19e+05 -7.407e+05  3.156e+04  1.384e+05   3.83e+05 -1.134e+06  -9.53e+04   3.32e+05  3.671e+05   2.29e+05  4.218e+05  5.628e+05  8.923e+04  3.455e+05  1.956e+05  4.117e+05  3.684e+05 -8.377e+05  1.428e+05 -2.531e+05  9.856e+04 -4.465e+04  2.831e+05 -2.623e+04 -3.237e+04  2.893e+05  4.786e+05  5.722e+05  5.416e+05  6.256e+05 -4.765e+05 -1.527e+05  3.195e+05  4.544e+05  3.153e+05  2.862e+05  3.373e+05   2.76e+05  4.853e+05  5.209e+05  4.595e+05   4.58e+05  6.288e+05  6.212e+05  6.872e+05  4.956e+05  7.197e+05  7.244e+05  6.769e+05  3.009e+05  4.613e+05  5.071e+05   6.05e+05  6.061e+05  5.483e+05  7.489e+05  8.748e+05  8.279e+05  7.278e+05  8.621e+05  8.664e+05  7.373e+05  7.286e+05  9.535e+05  9.747e+05  9.264e+05  1.076e+06  1.096e+06  1.214e+06  1.369e+06  5.782e+05  8.016e+05 -6.682e+05  1.904e+05 -5.992e+05       7717  3.761e+05  3.003e+04  4.007e+05  3.662e+05 -3.876e+05  3.405e+05  2.252e+05  3.815e+05  1.254e+05  4.929e+05  4.528e+05  1.574e+05  2.926e+05  4.807e+05  1.347e+05  3.841e+05  1.578e+05  4.498e+05  2.487e+05  5.992e+05  2.739e+05  3.946e+05  7.757e+05  2.859e+05   4.79e+05  6.231e+05  1.362e+06  4.315e+05  9.044e+05  4.705e+05  3.636e+05  6.241e+05  8.029e+05  8.691e+05 -6.333e+04  4.719e+05  1.692e+05  2.762e+05  2.255e+05  4.624e+05   2.35e+05   6.37e+05  6.642e+05  4.504e+05  6.398e+05  2.405e+05
  8.172e+05  1.074e+06  1.195e+06  8.858e+05  1.028e+06  7.141e+05 -8.663e+06 -2.521e+07 -3.447e+05 -4.786e+07  4.986e+05  3.594e+05  6.144e+05   5.93e+05   5.81e+05 -4.972e+06 -1.116e+06  3.024e+05  3.015e+05  3.534e+05 -1.172e+06  4.481e+04   4.54e+05  2.996e+05 -2.032e+06 -1.893e+05  2.663e+05  7.562e+05  6.246e+05  6.787e+05   5.04e+05  1.178e+05  4.784e+05 -1.787e+05   3.13e+05  3.983e+05 -1.003e+06  2.867e+05 -6.602e+05  3.283e+05 -4.614e+05  2.692e+05   -2.6e+05  4.966e+05  3.174e+05  9.923e+05  7.554e+05  6.151e+05  8.702e+05 -1.148e+06 -1.287e+06   2.92e+04  3.132e+05   5.52e+05 -4.118e+05  6.557e+05 -8.421e+05  4.474e+05  9.945e+05  9.381e+05   1.18e+06  9.928e+05  1.017e+06  1.655e+06  1.219e+06   9.19e+05  1.036e+06  1.036e+06  5.043e+05  6.751e+05  7.526e+05  9.569e+05  1.142e+06  1.175e+06  1.411e+06  1.677e+06  1.645e+06  1.227e+06  1.559e+06  1.635e+06  1.376e+06  1.397e+06  1.679e+06  1.618e+06  1.438e+06  1.753e+06  1.029e+06   2.04e+06  1.985e+06  1.536e+06  1.316e+06 -9.581e+05   1.99e+05 -8.054e+05 -2.234e+05  7.434e+05 -1.831e+05  6.358e+05  1.808e+05 -6.518e+05  3.662e+05  -4.98e+04  8.741e+05  1.199e+06  1.042e+06  1.038e+06  8.126e+05  8.045e+05  8.909e+05  7.947e+05  9.486e+05  6.734e+05  1.083e+06  8.528e+05  1.256e+06  1.042e+06  1.705e+06  1.477e+06  1.462e+06  8.597e+05  1.466e+06  1.197e+06  9.514e+05  1.116e+06  1.404e+06  1.147e+06  1.167e+06  1.234e+06  1.733e+06  9.763e+05  1.212e+06  1.094e+06  1.233e+06  8.923e+05  1.315e+06  2.014e+06  7.873e+05   1.15e+06  5.824e+05  1.124e+06  3.463e+05
  6.228e+05  1.217e+06  1.293e+06  1.211e+06   1.28e+06  3.932e+05 -4.176e+07  1.313e+05  1.192e+05  4.986e+05 -1.313e+08  -2.03e+06  -4.74e+07 -2.975e+06 -1.121e+07 -2.494e+07 -3.859e+06 -7.227e+05  7.022e+04 -1.138e+05 -4.283e+06 -1.762e+06 -2.054e+05 -1.159e+04 -5.556e+06 -1.882e+06 -5.834e+05  7.451e+05  3.997e+05  1.461e+06  1.365e+06 -1.168e+06  2.325e+05 -1.064e+06 -1.433e+05  3.861e+05 -4.521e+06 -7.603e+05 -2.775e+06      -1055 -2.464e+06 -3.053e+05 -1.608e+06   4.21e+05 -3.182e+05  8.959e+05  6.024e+05  1.863e+06  1.233e+06 -4.215e+06 -4.728e+06 -9.308e+05  1.886e+05  3.405e+05 -3.111e+06 -1.952e+05 -2.889e+06 -5.683e+05  1.187e+06  1.086e+06  1.475e+06   7.53e+05  9.787e+05  2.087e+06   2.26e+06  1.013e+06  1.151e+06  1.198e+06 -1.574e+06  3.286e+05  -9.06e+05  9.041e+05      -6795  9.881e+05  6.821e+05  1.482e+06   1.47e+06  1.442e+06   1.72e+06   1.08e+06  1.396e+06  1.369e+06  1.373e+06  1.457e+06  1.883e+06  1.636e+06  1.874e+06  1.384e+06  1.914e+06  2.127e+06  1.432e+06 -3.535e+06 -3.293e+05 -3.345e+06 -1.715e+06   1.31e+05 -6.996e+05  3.966e+05 -1.081e+05 -3.636e+06 -1.687e+05 -1.521e+06  5.235e+04  7.154e+05  1.373e+06   1.15e+06  5.292e+05  9.238e+05  1.101e+06 -2.812e+04  7.346e+05 -1.617e+05  1.124e+06  1.206e+06 -5.655e+05  2.237e+06  1.535e+06  2.287e+06  1.922e+06  1.687e+06   2.06e+06   2.36e+06  1.664e+06  1.215e+06   1.53e+06  1.419e+06  1.694e+06  1.682e+06  2.368e+06  5.324e+05  1.418e+06  6.288e+05  1.488e+06  1.054e+06  1.934e+06  1.377e+06  2.091e+06  1.666e+06  1.919e+06  2.302e+06  4.925e+05
  5.321e+05  6.929e+05  8.038e+05  6.648e+05  7.133e+05  4.709e+05 -5.939e+05  3.605e+05  2.734e+05  3.594e+05  -2.03e+06 -2.532e+07  -8.72e+05 -1.502e+04  1.526e+05 -4.158e+05  -3.65e+04  6.258e+04   1.52e+05  1.968e+05  3.127e+05  2.987e+05  5.249e+05  3.252e+05  1.884e+05  3.328e+05  4.011e+05  4.804e+05  4.613e+05  9.852e+05  2.448e+05 -1.685e+04  3.736e+05   1.74e+05  4.259e+05  6.479e+05  2.138e+04  4.476e+05 -1.694e+04  2.699e+05 -1.124e+04  4.554e+05  2.282e+05  6.931e+05   3.25e+05  8.295e+05  6.007e+05  9.091e+05      7e+05 -7.202e+04 -4.184e+05  1.473e+05  4.246e+05   3.73e+05  2.549e+04  5.772e+05  -2.62e+05  4.131e+05  6.793e+05  7.595e+05  9.736e+05  6.252e+05  7.623e+05  1.108e+06  8.379e+05  7.183e+05  6.742e+05   6.81e+05  3.022e+05  4.703e+05   4.73e+05  4.983e+05  5.393e+05  7.372e+05  6.664e+05  9.744e+05  9.598e+05  7.452e+05  9.439e+05  1.057e+06  5.805e+05  7.586e+05  8.195e+05  9.159e+05  9.274e+05  9.701e+05  1.033e+06  9.329e+05  9.222e+05   1.22e+06  8.118e+05  7.125e+04  1.907e+05  1.702e+05  5.136e+05  6.364e+05  4.026e+05  7.241e+05  4.624e+05 -2.669e+04  3.439e+05  3.434e+05   7.45e+05  1.439e+06  1.133e+06  1.046e+06  9.044e+05  8.748e+05  9.706e+05  8.026e+05  1.062e+06  9.975e+05  1.106e+06  8.632e+05  1.141e+06  9.763e+05  1.125e+06  1.326e+06  1.233e+06  1.029e+06  1.149e+06  1.053e+06  1.274e+06  9.212e+05  1.009e+06  1.128e+06    1.2e+06  1.202e+06  1.368e+06   8.29e+05  1.112e+06  8.006e+05  1.033e+06  9.068e+05   1.21e+06   1.23e+06  1.505e+06  1.287e+06  1.637e+06  1.181e+06  2.514e+05
  6.844e+05  1.084e+06  1.298e+06  9.126e+05   1.05e+06   5.58e+05 -2.083e+07   5.45e+05  9.125e+04  6.144e+05  -4.74e+07  -8.72e+05 -1.488e+08 -7.433e+06 -2.462e+07 -1.286e+07 -2.098e+06  1.602e+05  3.529e+05  3.417e+05 -2.732e+06 -7.475e+05  2.817e+04  4.248e+05 -3.876e+06  -1.15e+06 -1.329e+05  7.638e+05  2.713e+05   1.39e+06   1.15e+06   -7.4e+05  5.702e+05 -5.227e+05  4.377e+05  4.089e+05 -3.708e+06 -5.279e+05 -1.595e+06  4.868e+04 -1.506e+06  1.979e+05 -7.454e+05  4.818e+05  5.938e+04  4.824e+05  3.337e+05  1.405e+06  1.345e+06 -2.644e+06  -2.49e+06  2.232e+04  5.881e+05  6.402e+05 -1.585e+06   2.32e+05 -1.378e+06  2.643e+05  1.141e+06  1.125e+06  1.264e+06  8.943e+05  8.849e+05  1.527e+06  1.874e+06  1.009e+06  9.603e+05  1.036e+06 -5.578e+05   6.74e+05      -3955  8.978e+05  4.677e+05  8.625e+05  9.449e+05  1.524e+06  1.384e+06   1.38e+06  1.559e+06  1.061e+06  1.639e+06  1.222e+06  1.508e+06  1.749e+06  1.728e+06  1.555e+06   1.86e+06  1.701e+06  1.705e+06  2.113e+06  1.436e+06 -2.335e+06  1.555e+05 -1.939e+06 -8.468e+05  3.272e+05 -2.444e+05  5.436e+05  5.842e+05 -2.107e+06  3.039e+05 -7.648e+05  4.164e+05 -9.103e+04  9.229e+05  8.907e+05  2.966e+05  8.823e+05  7.539e+05 -2.115e+05  5.225e+05 -1.596e+05  9.942e+05 -1.198e+06  1.845e+05  1.804e+06  6.636e+05  2.108e+06  1.338e+06  8.349e+05  1.671e+06  1.057e+06  7.677e+05  1.573e+06  1.053e+06  1.084e+06  1.705e+06  1.865e+06   1.31e+06 -5.272e+04  1.131e+06  3.938e+05  1.159e+06  1.162e+06  2.016e+06  1.652e+06  8.088e+05  3.933e+05  2.081e+06  1.252e+06  4.822e+05
   6.37e+05   8.11e+05  9.662e+05  6.342e+05   8.66e+05  6.007e+05  -1.31e+06    4.8e+05   1.72e+05   5.93e+05 -2.975e+06 -1.502e+04 -7.433e+06 -4.738e+07 -1.528e+06 -8.203e+05  2.504e+05  3.758e+05  3.392e+05  3.884e+05 -1.018e+04   2.57e+05  3.539e+05  5.256e+05 -1.889e+05  3.801e+05  4.116e+05  4.871e+05  2.461e+05  1.002e+06   1.27e+06  2.214e+05  5.709e+05  4.138e+05  5.847e+05  6.741e+05 -5.252e+05  3.292e+05   7.47e+04  1.608e+05      -6170  4.226e+05  4.698e+05  4.712e+05  4.267e+05  6.317e+05  4.511e+05  1.264e+06  8.198e+05  5.468e+04 -3.522e+05  3.702e+05  6.137e+05  4.575e+05  3.948e+05  5.642e+05  5.322e+05  5.748e+05  8.418e+05  8.842e+05  8.591e+05  7.345e+05  6.634e+05  1.018e+06  9.069e+05  9.718e+05  7.173e+05   7.05e+05  4.771e+05  6.459e+05  7.416e+05  6.988e+05  7.441e+05  7.308e+05  8.725e+05  1.108e+06  8.874e+05  9.944e+05  1.091e+06  9.414e+05  9.229e+05  8.904e+05  1.001e+06  1.106e+06  1.195e+06  1.189e+06  1.208e+06  1.371e+06  1.336e+06  1.153e+06   1.07e+06 -1.753e+05  3.144e+05      -7092  1.455e+05  5.348e+05  4.339e+05   5.67e+05  7.971e+05  1.536e+05  5.896e+05  2.819e+05   5.67e+05  2.991e+05  7.467e+05  6.807e+05  9.491e+05   6.54e+05  6.514e+05  6.112e+05  4.455e+05   3.47e+05  1.001e+06  8.861e+05  1.091e+06  1.006e+06 -1.756e+05  1.199e+06  9.224e+05  1.298e+06  1.244e+06  3.095e+05  1.366e+06  1.018e+06  5.317e+05  9.955e+05  7.801e+05  6.896e+05  1.022e+06  4.894e+05  6.652e+05  2.864e+05  6.585e+05  7.969e+05  8.317e+05  7.551e+05  8.657e+05  1.501e+06  9.153e+05  7.418e+05  3.538e+05
  7.663e+05  9.977e+05  1.223e+06  8.372e+05  9.122e+05  6.914e+05 -5.287e+06  4.178e+05  1.268e+05   5.81e+05 -1.121e+07  1.526e+05 -2.462e+07 -1.528e+06 -8.759e+07 -3.356e+06 -1.507e+05  7.915e+05   5.72e+05  5.997e+05 -5.884e+05   3.46e+05  5.429e+05  6.013e+05 -1.827e+06  2.341e+05  5.796e+05   6.09e+05  8.504e+05  4.725e+05  1.039e+06 -3.055e+04  6.445e+05  4.936e+05  7.047e+05  3.344e+05 -1.646e+06 -3.947e+04  2.224e+05  2.926e+05  1.711e+05  6.432e+05  4.429e+05  5.595e+05  5.826e+05  3.953e+05  6.951e+05  2.009e+05  8.744e+05 -2.125e+05  2.665e+05  9.681e+05  7.686e+05  8.591e+05  1.083e+04  7.637e+05  3.095e+05  1.005e+06  1.057e+06  1.015e+06  1.098e+06  1.023e+06  9.709e+05  4.212e+05  8.309e+05  1.273e+06   1.01e+06  1.021e+06  8.734e+05  1.014e+06  1.018e+06  9.353e+05  1.208e+06  1.027e+06   1.19e+06  1.662e+06  1.489e+06  1.049e+06    1.4e+06  1.228e+06  1.368e+06  1.321e+06  1.503e+06  1.799e+06  1.634e+06  1.957e+06  1.574e+06  1.349e+06  1.747e+06  1.902e+06  1.291e+06 -7.553e+05  5.191e+05  -1.59e+05  2.222e+05  5.463e+05  5.825e+05  5.871e+05  6.885e+05  3.147e+05  7.483e+05  7.366e+05  7.057e+05  3.791e+05  6.364e+05  8.066e+05  6.153e+05  6.804e+05  4.552e+05  5.031e+05   3.95e+05 -3.043e+05  2.447e+05 -1.851e+05  2.784e+05  8.231e+05  1.342e+06  1.493e+06  4.217e+05   1.08e+06      -6047  6.298e+05  7.116e+05  1.798e+05  9.106e+05  3.835e+05  9.588e+05    4.4e+05  1.676e+06  2.303e+05   7.15e+05  5.012e+05   3.63e+05  5.753e+05  1.092e+06  1.167e+06  6.651e+05  6.807e+05  1.144e+06  5.115e+05  4.163e+05
 -2.816e+05  1.528e+06  1.471e+06   9.41e+05  1.648e+06  -9.71e+05 -1.653e+08 -1.224e+07 -1.946e+06 -4.972e+06 -2.494e+07 -4.158e+05 -1.286e+07 -8.203e+05 -3.356e+06 -3.479e+08 -9.989e+06 -9.869e+05 -4.813e+04 -2.657e+05 -9.855e+06 -2.809e+06 -4.553e+05 -3.353e+05 -1.107e+07 -3.226e+06 -1.076e+06  5.719e+04 -3.763e+05  1.842e+06  1.113e+06 -2.787e+06 -5.111e+05  -1.38e+06 -5.642e+05  3.097e+05 -7.893e+06 -1.527e+06 -3.966e+06  1.497e+04 -3.504e+06 -3.941e+05 -2.982e+06  2.046e+05 -6.034e+05  1.205e+06  9.393e+05  1.777e+06  1.558e+06 -1.197e+07 -5.967e+06 -1.375e+06 -1.558e+04  2.186e+05 -4.649e+06 -6.916e+05 -5.163e+06  -8.78e+05  1.139e+06  1.327e+06  1.478e+06  6.407e+05  9.701e+05  2.946e+06   2.24e+06  9.804e+05  1.058e+06  1.131e+06 -2.771e+06  1.681e+05 -1.796e+06  6.929e+05 -7.163e+05  9.311e+05  9.931e+05  1.677e+06  1.596e+06   1.45e+06  1.681e+06  1.283e+06  1.032e+06   1.34e+06  1.224e+06  1.844e+06  2.118e+06  1.528e+06  2.158e+06  2.142e+06  1.886e+06  2.466e+06  1.563e+06 -8.207e+06 -7.003e+05 -6.823e+06 -2.955e+06 -3.999e+05 -1.785e+06 -4.783e+05  -4.73e+05 -6.095e+06 -6.092e+05 -3.073e+06 -6.441e+04 -1.268e+06   9.01e+05  1.372e+06  7.447e+05  1.104e+06  5.742e+05 -1.589e+06  1.025e+06 -5.589e+05   1.09e+06  2.561e+06 -2.561e+06  2.055e+06  5.814e+05   2.05e+06  2.477e+06  1.132e+06  1.651e+06  2.808e+06  1.053e+06  2.247e+06  9.293e+05  1.915e+06   1.83e+06  2.835e+06   2.03e+06 -8.082e+05  1.559e+06   5.41e+05  7.308e+05  1.053e+06   1.64e+06  1.787e+06  1.159e+06  2.334e+06  3.024e+06  2.032e+06  4.858e+05
  9.951e+05   1.89e+06  2.157e+06  1.754e+06   1.75e+06   6.94e+05 -7.377e+06 -2.825e+06 -4.767e+05 -1.116e+06 -3.859e+06  -3.65e+04 -2.098e+06  2.504e+05 -1.507e+05 -9.989e+06 -4.411e+08  4.708e+05  2.257e+05  4.428e+05  -2.12e+08 -4.376e+06 -1.025e+06  -7.81e+05 -9.084e+07 -9.528e+06  -2.17e+06  -6.24e+05  1.328e+04  1.138e+06  1.863e+06 -5.184e+06   -2.2e+06 -3.783e+06 -1.359e+06 -9.153e+05 -2.303e+07 -4.328e+06 -1.021e+07 -4.873e+05 -9.149e+06 -1.548e+06 -4.929e+06 -8.347e+05 -1.889e+06 -1.121e+05 -4.504e+05  1.616e+06  6.886e+05 -4.876e+07 -9.607e+06 -2.379e+06 -4.113e+05  1.675e+05 -7.038e+06 -1.535e+06 -6.912e+06 -1.882e+06  4.856e+05  1.143e+06  1.449e+06  2.027e+05  1.184e+06  1.763e+06  2.864e+06  4.531e+05  1.487e+06   1.35e+06 -3.745e+06 -9.294e+04 -1.655e+06  8.244e+05 -6.386e+05  9.858e+05  1.086e+06  1.856e+06  1.494e+06  1.728e+06  2.232e+06  1.534e+06  1.434e+06  1.753e+06  2.095e+06  1.915e+06   1.99e+06  1.986e+06  2.092e+06  2.095e+06  2.474e+06  2.938e+06  1.956e+06 -1.767e+07 -1.132e+06 -1.255e+07 -6.213e+06 -8.371e+05 -3.328e+06 -3.417e+05 -1.172e+06 -8.531e+06 -9.546e+05 -5.055e+06 -3.988e+04 -5.903e+05  1.998e+06  1.233e+06 -7.653e+05  7.994e+05  1.061e+06 -1.512e+06  4.186e+05 -3.618e+05  1.909e+06 -3.663e+04  2.458e+05  1.689e+06   2.66e+06  1.519e+06  7.779e+05  3.587e+06  2.437e+06  2.665e+06  3.215e+06   3.49e+06  1.465e+06  8.171e+05  1.892e+06  2.917e+06  4.756e+06 -6.145e+05  1.756e+06  4.592e+05  1.589e+06  1.225e+06  1.533e+06  2.023e+06   2.68e+06  1.248e+06  2.998e+06  2.099e+06  6.423e+05
  6.003e+05  9.908e+05   1.21e+06  9.381e+05  9.872e+05   4.59e+05 -1.285e+06   6.84e+04  3.612e+05  3.024e+05 -7.227e+05  6.258e+04  1.602e+05  3.758e+05  7.915e+05 -9.869e+05  4.708e+05 -6.053e+07 -7.831e+06 -1.352e+07  -7.01e+06  -1.14e+06 -5.183e+04 -1.358e+05 -3.693e+06 -1.018e+06 -5.044e+05  2.576e+05   5.21e+05  1.423e+06  9.353e+05 -1.498e+06 -8.031e+04 -1.164e+06 -2.608e+05  2.095e+05 -2.942e+06 -3.657e+05 -2.225e+06       9848 -2.178e+06 -2.238e+05 -1.163e+06  3.964e+05 -4.671e+05  7.181e+05  5.199e+05  1.136e+06  7.396e+05 -9.417e+05 -2.649e+06 -6.805e+05  2.804e+05  1.977e+05 -1.467e+06  2.022e+05 -1.926e+06 -8.281e+04  7.371e+05  9.307e+05  1.057e+06  6.819e+05  7.473e+05  1.576e+06  1.677e+06  7.754e+05  8.388e+05  7.619e+05  -8.19e+05  2.471e+05 -2.914e+05   5.16e+05  2.124e+05  7.304e+05  6.807e+05  8.941e+05  1.177e+06  9.767e+05   1.21e+06  7.824e+05  8.568e+05  8.058e+05  8.884e+05  1.077e+06  1.226e+06  1.309e+06   1.54e+06  1.422e+06  1.429e+06   1.87e+06  9.731e+05 -2.273e+06 -2.541e+05 -1.286e+06 -3.041e+05  3.858e+05 -9.391e+04  6.608e+05  4.426e+04 -1.163e+06  8.727e+04  -3.66e+05  4.989e+05    1.6e+06  1.161e+06  1.168e+06  6.269e+05  8.329e+05   7.77e+05  3.771e+05  9.549e+05  7.485e+05  1.289e+06  6.608e+05  7.787e+05  1.355e+06  1.489e+06  1.675e+06  1.537e+06  1.261e+06  2.179e+06  2.036e+06  9.542e+05  2.603e+06  5.567e+05  1.649e+06  1.236e+06  1.858e+06  1.654e+06  8.001e+05  1.347e+06  5.282e+05  1.491e+06   1.09e+06  1.658e+06   6.08e+05  1.827e+06  1.776e+06  1.521e+06  1.453e+06   3.65e+05
  3.806e+05  5.269e+05  5.929e+05  5.229e+05  5.327e+05   2.96e+05 -1.126e+05  2.678e+05  2.831e+05  3.015e+05  7.022e+04   1.52e+05  3.529e+05  3.392e+05   5.72e+05 -4.813e+04  2.257e+05 -7.831e+06 -1.604e+07   5.71e+05 -1.304e+06 -1.138e+05  2.728e+05  9.783e+04 -9.628e+05 -1.209e+05  7.337e+04  4.779e+05  4.532e+05  8.073e+05  8.074e+05 -2.331e+05  1.344e+05  -2.47e+05  1.098e+05  2.894e+05   -7.9e+05  1.441e+05 -5.244e+05  1.357e+05  -4.98e+05  6.976e+04 -2.061e+05  4.795e+05  -1.31e+04  5.397e+05  2.916e+05  6.903e+05  6.817e+05 -6.822e+04 -5.192e+05 -5.093e+04  2.358e+05  2.132e+05 -1.415e+05  3.524e+05 -1.495e+05  1.783e+05    4.4e+05  5.759e+05  6.359e+05  4.574e+05  5.261e+05  8.664e+05  8.193e+05  4.402e+05   5.44e+05  4.711e+05  5.515e+04  2.725e+05  2.302e+05  3.578e+05  3.712e+05    5.3e+05  5.136e+05  5.687e+05  6.649e+05  5.746e+05  6.185e+05  6.782e+05   5.29e+05  5.322e+05  4.891e+05  6.579e+05  6.987e+05  7.245e+05  8.594e+05  9.356e+05  7.686e+05  8.319e+05  6.109e+05  -1.75e+05  1.284e+05 -6.501e+04  2.487e+05  3.745e+05  2.379e+05  5.608e+05  2.993e+05  7.581e+04  2.954e+05   1.93e+05  4.837e+05  1.336e+06  8.932e+05  8.295e+05  5.977e+05  5.736e+05  7.137e+05   5.25e+05  5.909e+05  6.351e+05  9.827e+05   5.76e+05  5.487e+05  8.111e+05   1.01e+06  7.773e+05  8.849e+05  9.925e+05  8.807e+05  9.861e+05   1.06e+06  1.263e+06  8.282e+05  8.528e+05  9.975e+05  1.094e+06  9.868e+05  5.664e+05  8.602e+05  6.476e+05  8.114e+05  7.386e+05  9.764e+05  7.179e+05  9.885e+05    1.1e+06  1.138e+06  1.205e+06  1.928e+05
  4.541e+05  6.677e+05  7.947e+05  6.374e+05  6.757e+05  4.043e+05 -1.948e+05  2.654e+05   3.19e+05  3.534e+05 -1.138e+05  1.968e+05  3.417e+05  3.884e+05  5.997e+05 -2.657e+05  4.428e+05 -1.352e+07   5.71e+05 -2.225e+07 -2.296e+06 -2.201e+05  2.137e+05  1.957e+05 -1.117e+06 -2.808e+05  2.616e+04    4.1e+05  4.123e+05  1.015e+06  5.498e+05 -4.943e+05  1.255e+05 -6.271e+04  1.378e+05  3.714e+05 -1.171e+06      1e+05  -6.84e+05  2.008e+05  -6.18e+05  1.946e+05 -2.028e+05  4.912e+05  6.726e+04  6.301e+05  5.168e+05  7.648e+05  8.743e+05   -1.7e+05 -7.557e+05  4.895e+04   3.85e+05  3.039e+05 -3.378e+05  3.036e+05 -5.869e+05  2.869e+05  6.829e+05  7.152e+05  7.405e+05  5.637e+05  6.119e+05  9.726e+05   9.58e+05  6.662e+05  6.428e+05  6.193e+05 -1.444e+05  3.154e+05  1.013e+05  4.297e+05  3.365e+05  5.794e+05  5.361e+05  7.773e+05  7.759e+05  7.116e+05  8.727e+05  8.185e+05  7.523e+05  7.226e+05  7.187e+05  8.171e+05  9.377e+05  7.371e+05  9.244e+05  8.193e+05  8.586e+05  1.096e+06  7.822e+05  -3.67e+05  1.105e+05 -9.449e+04  9.292e+04   4.37e+05  1.672e+05  6.042e+05  3.071e+05  -1.01e+05  2.605e+05  1.659e+05  4.183e+05  1.295e+06  8.305e+05  7.358e+05  5.906e+05   7.07e+05  5.784e+05  3.467e+05  7.279e+05  6.428e+05  8.746e+05  8.749e+05  7.387e+05  8.267e+05  8.057e+05  1.173e+06  9.566e+05  8.426e+05  1.163e+06  6.172e+05  1.088e+06  9.498e+05  8.412e+05  1.045e+06  7.552e+05  1.178e+06  1.499e+06  8.013e+05      9e+05  5.598e+05  9.457e+05  9.734e+05  1.011e+06  4.355e+05   1.15e+06  1.453e+06    1.1e+06  9.328e+05  2.691e+05
   1.03e+06  2.069e+06  2.124e+06  1.516e+06    2.2e+06  7.377e+05 -7.243e+06 -3.127e+06 -7.407e+05 -1.172e+06 -4.283e+06  3.127e+05 -2.732e+06 -1.018e+04 -5.884e+05 -9.855e+06  -2.12e+08  -7.01e+06 -1.304e+06 -2.296e+06 -8.302e+08  -8.37e+06 -1.856e+06 -1.481e+06 -1.857e+08 -1.356e+07 -3.538e+06 -2.616e+06 -1.141e+06  1.806e+06 -4.545e+05 -7.863e+06 -3.446e+06 -7.191e+06 -2.127e+06 -2.091e+06 -4.192e+07 -7.421e+06 -1.576e+07 -1.225e+06  -1.37e+07 -2.859e+06 -7.431e+06 -1.956e+06 -3.759e+06 -5.161e+05 -1.914e+06  1.156e+06  4.453e+05 -4.069e+07 -1.221e+07 -1.984e+06 -2.498e+05   2.83e+05 -7.327e+06 -1.478e+06 -6.867e+06 -1.362e+06  4.214e+05  1.598e+06  1.688e+06   9.24e+05  7.845e+05  1.054e+06  2.473e+06  6.626e+05  1.351e+06  1.402e+06 -3.638e+06  1.065e+05 -9.756e+05  1.168e+06  1.545e+05  1.644e+06  1.572e+06  2.038e+06  1.686e+06  2.125e+06  2.175e+06  1.556e+06  1.872e+06  1.737e+06   2.74e+06  2.237e+06  3.361e+06  2.514e+06  1.627e+06  3.264e+06  2.456e+06  2.598e+06  2.412e+06 -1.877e+07 -1.175e+06 -1.435e+07 -7.852e+06 -7.088e+05 -4.262e+06 -9.732e+05 -1.135e+06 -9.463e+06 -1.246e+06 -5.632e+06 -8.329e+05 -1.203e+06  2.133e+06  7.137e+05  1.104e+06  7.315e+05  9.806e+05  -2.43e+06  3.957e+05  1.654e+05  2.718e+06 -1.724e+06 -5.747e+05  9.284e+05  4.189e+06  1.872e+06 -2.243e+05  2.974e+06  9.887e+05 -9.357e+05  2.168e+06 -1.345e+06  5.713e+05  1.994e+06  2.124e+06  3.478e+06  3.345e+06 -3.999e+04  2.158e+06   8.68e+05  2.169e+06  3.159e+05  1.005e+06 -1.105e+06  1.326e+06  3.458e+06  3.426e+06 -7.381e+05  7.572e+05
  9.915e+05  1.472e+06  1.782e+06  1.375e+06  1.631e+06  8.068e+05 -3.177e+06 -5.422e+05  3.156e+04  4.481e+04 -1.762e+06  2.987e+05 -7.475e+05   2.57e+05   3.46e+05 -2.809e+06 -4.376e+06  -1.14e+06 -1.138e+05 -2.201e+05  -8.37e+06 -2.015e+08 -2.676e+07 -1.309e+07 -3.681e+07 -5.972e+06 -2.338e+06 -6.703e+05 -6.653e+05  1.351e+06 -1.543e+05 -3.871e+06 -1.095e+06 -2.879e+06 -1.115e+06 -7.841e+05 -1.046e+07 -2.895e+06 -6.482e+06  -4.04e+05 -5.503e+06 -1.241e+06 -3.075e+06 -5.516e+05 -1.444e+06  2.293e+05  1.554e+05  1.678e+06  1.141e+06 -3.936e+06 -5.879e+06 -7.351e+05  5.434e+05  4.673e+05 -3.923e+06  -2.37e+05 -3.427e+06 -3.449e+05  9.713e+05  1.368e+06    1.2e+06  7.183e+05  1.193e+06  2.254e+06  2.104e+06  6.513e+05  1.144e+06  1.318e+06 -1.858e+06   3.98e+05 -8.578e+05  9.085e+05   1.53e+05    1.2e+06  8.656e+05  1.955e+06  2.035e+06  1.603e+06  1.866e+06  1.021e+06  1.568e+06  1.547e+06  2.034e+06  2.029e+06  2.201e+06  1.943e+06  2.749e+06  1.971e+06  2.227e+06  2.772e+06  1.746e+06  -5.53e+06  -4.84e+05 -4.488e+06 -2.321e+06 -2.197e+05 -1.586e+06  9.599e+04 -5.026e+05 -3.415e+06 -1.319e+05 -1.528e+06   -4.4e+05  1.296e+05  1.301e+06  6.096e+05  5.768e+05  1.029e+06   8.43e+05 -2.886e+05  4.409e+05  5.228e+05  1.106e+06  9.834e+05 -1.897e+05  1.503e+06  9.297e+05  1.837e+06  2.228e+06  1.898e+06  2.049e+06  1.482e+06  1.312e+06  1.888e+06  3.074e+05   1.19e+06  1.027e+06  1.477e+06  2.038e+06  2.452e+04   1.61e+06  3.698e+05  1.421e+06  1.327e+06  2.037e+06  2.077e+06  2.218e+06  2.477e+06  2.106e+06  1.071e+06  5.744e+05
