
 72

((monodelphis_domestica: 0.040238, (notamacropus_eugenii: 0.034921, sarcophilus_harrisii: 0.040017): 0.008869): 0.073053, (((choloepus_hoffmanni: 0.036251, dasypus_novemcinctus: 0.047375): 0.017434, (echinops_telfairi: 0.077394, (procavia_capensis: 0.048319, loxodonta_africana: 0.028665): 0.009175): 0.015449): 0.001764, (((sorex_araneus: 0.086518, erinaceus_europaeus: 0.075978): 0.014175, ((sus_scrofa: 0.033382, (vicugna_pacos: 0.034771, (tursiops_truncatus: 0.025380, (bos_taurus: 0.008870, (ovis_aries: 0.005285, capra_hircus: 0.003167): 0.006398): 0.026782): 0.005124): 0.000598): 0.013101, ((pteropus_vampyrus: 0.037450, myotis_lucifugus: 0.050291): 0.009823, (equus_caballus: 0.033525, ((felis_catus: 0.002610, (panthera_tigris_altaica: 0.001998, panthera_pardus: 0.001111): 0.001867): 0.020372, (canis_familiaris: 0.024108, (mustela_putorius_furo: 0.023721, ailuropoda_melanoleuca: 0.017454): 0.004465): 0.005141): 0.014317): 0.000872): 0.000649): 0.002109): 0.006336, ((tupaia_belangeri: 0.054860, ((oryctolagus_cuniculus: 0.034146, ochotona_princeps: 0.056940): 0.028438, (ictidomys_tridecemlineatus: 0.041959, (((fukomys_damarensis: 0.025467, heterocephalus_glaber_female: 0.021288): 0.010276, ((cavia_porcellus: 0.001557, cavia_aperea: 0.004732): 0.033568, (chinchilla_lanigera: 0.020927, octodon_degus: 0.033143): 0.004296): 0.007431): 0.032478, (dipodomys_ordii: 0.066324, (jaculus_jaculus: 0.056558, (nannospalax_galili: 0.038854, (((mesocricetus_auratus: 0.017694, cricetulus_griseus_chok1gshd: 0.013375): 0.008870, (peromyscus_maniculatus_bairdii: 0.021043, microtus_ochrogaster: 0.026227): 0.001533): 0.006646, ((mus_pahari: 0.009316, (mus_caroli: 0.004729, (mus_musculus: 0.002166, mus_spretus: 0.002347): 0.002537): 0.004552): 0.009825, rattus_norvegicus: 0.020897): 0.016390): 0.022790): 0.010958): 0.011249): 0.005804): 0.001797): 0.007275): 0.003429): 0.000957, ((otolemur_garnettii: 0.038075, (propithecus_coquereli: 0.012427, microcebus_murinus: 0.017171): 0.010896): 0.010398, (carlito_syrichta: 0.042858, (((aotus_nancymaae: 0.007901, callithrix_jacchus: 0.009701): 0.000373, (saimiri_boliviensis_boliviensis: 0.008377, cebus_capucinus: 0.007257): 0.001139): 0.011747, (((chlorocebus_sabaeus: 0.003372, ((papio_anubis: 0.001970, (cercocebus_atys: 0.002086, mandrillus_leucophaeus: 0.001760): 0.000363): 0.000389, (macaca_nemestrina: 0.001185, (macaca_mulatta: 0.000963, macaca_fascicularis: 0.000535): 0.000276): 0.001126): 0.000882): 0.001482, (colobus_angolensis_palliatus: 0.003847, (rhinopithecus_roxellana: 0.000696, rhinopithecus_bieti: 0.001188): 0.002832): 0.001755): 0.005684, (nomascus_leucogenys: 0.007295, (pongo_abelii: 0.006034, (gorilla_gorilla: 0.002901, ((pan_troglodytes: 0.000746, pan_paniscus: 0.000950): 0.001372, homo_sapiens: 0.002300): 0.000593): 0.002509): 0.000810): 0.002860): 0.005535): 0.017308): 0.003156): 0.005285): 0.006338): 0.006201): 0.090379, ornithorhynchus_anatinus: 0.203855);

  0.073053  0.040238  0.008869  0.034921  0.040017  0.090379  0.001764  0.017434  0.036251  0.047375  0.015449  0.077394  0.009175  0.048319  0.028665  0.006201  0.006336  0.014175  0.086518  0.075978  0.002109  0.013101  0.033382  0.000598  0.034771  0.005124  0.025380  0.026782  0.008870  0.006398  0.005285  0.003167  0.000649  0.009823  0.037450  0.050291  0.000872  0.033525  0.014317  0.020372  0.002610  0.001867  0.001998  0.001111  0.005141  0.024108  0.004465  0.023721  0.017454  0.006338  0.000957  0.054860  0.003429  0.028438  0.034146  0.056940  0.007275  0.041959  0.001797  0.032478  0.010276  0.025467  0.021288  0.007431  0.033568  0.001557  0.004732  0.004296  0.020927  0.033143  0.005804  0.066324  0.011249  0.056558  0.010958  0.038854  0.022790  0.006646  0.008870  0.017694  0.013375  0.001533  0.021043  0.026227  0.016390  0.009825  0.009316  0.004552  0.004729  0.002537  0.002166  0.002347  0.020897  0.005285  0.010398  0.038075  0.010896  0.012427  0.017171  0.003156  0.042858  0.017308  0.011747  0.000373  0.007901  0.009701  0.001139  0.008377  0.007257  0.005535  0.005684  0.001482  0.003372  0.000882  0.000389  0.001970  0.000363  0.002086  0.001760  0.001126  0.001185  0.000276  0.000963  0.000535  0.001755  0.003847  0.002832  0.000696  0.001188  0.002860  0.007295  0.000810  0.006034  0.002509  0.002901  0.000593  0.001372  0.000746  0.000950  0.002300  0.203855

 -18.816472 13.536899  0.461568 -1.097874  0.555202  9.344157 -3.904666  4.137447  6.938288 13.711415 13.573866 -2.109188 -25.932248 -4.086621  5.794367 46.464281 18.472154 -13.113405 -3.908660  4.016196 40.111285 23.864495 10.220033 -21.463473  5.562173  7.449662  4.577684 -13.786858 22.099842 26.281412 33.481057 17.917789  5.156181 -27.778563 30.162842 28.339837 -104.254486 32.980727 31.309842 11.208302 14.212138 15.393965 68.929170 87.726216 50.608641  5.547331  9.457267  8.624363 22.865339 22.414562 -76.965356 13.790698  6.274225 -8.005240  9.113786  4.705341 11.095153 28.012272  9.036216 25.906193 15.523945  3.814414 12.128402 13.090260 13.101629  2.994196 12.291170 -2.967484 10.709609 -0.054087  2.388947 19.109898 37.114801 14.068233 19.087834 14.827943 -2.677077  1.850348 13.754699 10.157944 13.289187 -10.805405 -2.736385 -0.526362 12.919890  7.710107 15.630982 17.299736 16.888830 15.402258 63.583341 69.722795  7.006152  6.670273 -3.760691  8.469219 17.504407  8.462995 11.847872 -30.395579 21.897536  9.758988 47.848073 -12.921934 12.492771  8.799458 -0.855842 47.989495 46.286113 52.756103 44.617504 127.941752 49.825397 49.595765 96.875699 43.667516 33.887846 47.714567 44.253074 132.285067 48.873776 131.354716 133.776731 183.856505 101.689613  1.892618 49.982221 47.073543 47.608528 12.834171 43.011379 22.333641 47.934639 39.017638 53.247569 50.838691 133.722092 166.861696 172.466050 54.691839  2.800494


Hessian

  -1.73e+07 -1.053e+06  -3.37e+06 -8.857e+05 -7.135e+05 -8.923e+06  5.001e+05  7.236e+05  4.062e+05  8.156e+05  6.205e+05  5.313e+05   6.83e+05  6.364e+05  7.657e+05 -2.809e+05  1.011e+06  5.986e+05  3.802e+05  4.523e+05  1.041e+06  1.281e+06  1.095e+06  1.492e+06  6.035e+05  1.231e+06  1.061e+06  1.069e+06  9.825e+05  1.088e+06  1.229e+06   1.23e+06  8.564e+05  9.882e+05   9.42e+05  7.785e+05  8.223e+05  9.378e+05  9.744e+05  1.082e+06  1.186e+06  1.126e+06  1.138e+06  1.278e+06  1.023e+06   9.53e+05  1.037e+06  1.044e+06  1.058e+06  7.086e+05   8.47e+05  5.946e+05  9.769e+05  9.759e+05  9.078e+05  6.689e+05  1.006e+06   8.07e+05  1.132e+06  1.088e+06  1.162e+06  9.599e+05  1.034e+06  1.134e+06  9.953e+05  1.114e+06  1.003e+06  1.169e+06  1.043e+06  9.274e+05  9.124e+05  7.251e+05  8.816e+05  7.379e+05  9.104e+05  8.349e+05  9.066e+05  1.106e+06  1.029e+06  9.926e+05  9.259e+05  1.121e+06  9.746e+05  9.671e+05  9.052e+05  9.892e+05  1.053e+06  1.044e+06  1.065e+06  1.113e+06  1.283e+06  1.119e+06  9.941e+05  9.399e+05  1.005e+06  8.766e+05  1.078e+06  1.159e+06  1.026e+06  9.841e+05  8.021e+05   9.87e+05  1.009e+06  1.117e+06  1.131e+06   1.04e+06  9.151e+05  1.134e+06  1.008e+06   9.46e+05  1.106e+06  1.355e+06  1.185e+06  1.077e+06  1.084e+06  9.876e+05  1.751e+06  1.412e+06  1.194e+06  1.252e+06  1.371e+06  1.421e+06  1.232e+06  1.599e+06  1.351e+06  1.328e+06   1.17e+06  1.579e+06  1.581e+06  1.057e+06  1.231e+06  1.305e+06  1.158e+06  1.175e+06  1.432e+06  1.237e+06  1.363e+06  1.655e+06  1.504e+06  1.214e+06 -2.062e+05
 -1.053e+06  -5.32e+07 -1.974e+07 -3.495e+06 -4.518e+06  -3.62e+05  1.592e+06  1.175e+06  5.319e+05  1.073e+06  1.212e+06  6.912e+05  1.084e+06  8.103e+05  9.969e+05  1.528e+06  1.906e+06  9.862e+05  5.264e+05  6.654e+05  2.044e+06  1.917e+06  1.336e+06  1.989e+06  7.366e+05  1.592e+06  1.186e+06  1.365e+06  1.345e+06   1.16e+06  1.259e+06  1.166e+06  1.995e+06  1.467e+06  1.135e+06  1.022e+06  1.789e+06  1.255e+06  1.501e+06  1.409e+06  1.192e+06  1.015e+06  9.983e+05  1.206e+06  1.721e+06  1.115e+06  1.465e+06  1.219e+06  1.285e+06  1.848e+06  1.832e+06  7.785e+05  1.892e+06  1.402e+06  1.111e+06  8.745e+05  1.826e+06  1.137e+06  1.882e+06  1.553e+06  1.335e+06  1.117e+06  1.107e+06  1.532e+06  1.165e+06  9.346e+05  7.383e+05  1.495e+06  1.165e+06  1.008e+06  1.646e+06  9.646e+05  1.536e+06  1.017e+06  1.437e+06  9.948e+05  1.297e+06  1.154e+06  1.217e+06  1.011e+06   9.48e+05  1.175e+06  1.092e+06  1.012e+06  1.116e+06  1.184e+06  1.339e+06  1.274e+06  1.239e+06  1.074e+06  1.527e+06  9.127e+05  9.459e+05   1.96e+06  1.653e+06    1.1e+06  1.558e+06  1.448e+06  1.164e+06  1.918e+06  1.099e+06  1.649e+06  1.411e+06  1.571e+06  1.175e+06  1.165e+06  1.128e+06  1.125e+06   1.19e+06  1.561e+06  1.454e+06  1.605e+06  1.205e+06  1.414e+06  1.916e+06  1.216e+06  9.975e+05  1.446e+06  1.606e+06  1.534e+06  1.285e+06  1.625e+06  1.199e+06   1.46e+06  8.089e+05  1.256e+06  1.478e+06  1.286e+06  1.531e+06  1.219e+06  1.243e+06  1.453e+06  1.128e+06  1.677e+06  1.056e+06  1.164e+06  1.236e+06  1.242e+06  1.337e+06  1.639e+06  8.198e+04
  -3.37e+06 -1.974e+07 -1.108e+08 -9.464e+06 -1.369e+07 -1.922e+06  1.569e+06  1.267e+06  5.189e+05  1.192e+06  1.291e+06  8.021e+05  1.296e+06  9.651e+05  1.221e+06  1.476e+06  2.188e+06  1.206e+06  5.926e+05  7.918e+05  2.151e+06   2.07e+06  1.573e+06  2.251e+06  7.564e+05  2.023e+06  1.359e+06  1.685e+06  1.465e+06  1.142e+06   1.54e+06  1.639e+06  1.801e+06  1.782e+06    1.3e+06  1.232e+06  1.911e+06  1.483e+06  1.909e+06   1.62e+06  1.835e+06   1.83e+06  1.115e+06  1.175e+06  2.105e+06  1.444e+06  1.845e+06  1.461e+06  1.398e+06  2.109e+06  2.068e+06  8.626e+05  2.246e+06  1.523e+06  1.376e+06   9.97e+05   1.92e+06  1.258e+06  1.809e+06  1.766e+06  1.572e+06  1.373e+06  1.394e+06   1.63e+06  1.351e+06  1.281e+06  8.901e+05  1.387e+06  1.232e+06   1.15e+06  1.793e+06  1.103e+06  1.722e+06  1.116e+06  1.591e+06  1.131e+06  1.487e+06  1.524e+06  1.495e+06  1.138e+06  1.059e+06  1.508e+06  1.265e+06  1.119e+06  1.346e+06  1.257e+06  1.386e+06  1.478e+06  1.271e+06  1.038e+06  1.624e+06  1.146e+06  1.156e+06   1.85e+06  1.867e+06  1.389e+06   1.68e+06  1.546e+06  1.281e+06  1.926e+06  1.264e+06  1.726e+06  1.603e+06  1.773e+06  1.403e+06  1.448e+06  1.525e+06  1.487e+06  1.476e+06  1.551e+06  1.663e+06  1.819e+06  1.222e+06  1.769e+06  1.822e+06  1.549e+06  1.199e+06   1.58e+06  1.423e+06  1.389e+06  1.602e+06  2.235e+06  1.076e+06  1.385e+06  1.185e+06  1.831e+06  1.765e+06  1.654e+06  1.103e+06  1.398e+06  1.096e+06  1.068e+06  1.409e+06  1.706e+06  1.596e+06  1.166e+06  1.617e+06   1.67e+06   2.02e+06  1.296e+06  5.808e+04
 -8.857e+05 -3.495e+06 -9.464e+06 -5.247e+07 -4.453e+06 -5.041e+05  1.436e+06  9.703e+05  3.496e+05  8.844e+05  1.209e+06  6.634e+05   9.13e+05   6.32e+05   8.39e+05  9.382e+05  1.762e+06  9.351e+05  5.226e+05  6.352e+05  1.497e+06  1.472e+06  1.147e+06  1.529e+06  5.995e+05  1.376e+06  9.674e+05   1.22e+06  9.354e+05  1.048e+06  1.084e+06  1.195e+06   1.89e+06  1.371e+06  9.306e+05  9.542e+05  1.883e+06  1.016e+06  1.412e+06  1.236e+06  1.331e+06  1.091e+06  1.019e+06  1.297e+06  1.288e+06  8.754e+05    1.4e+06  1.091e+06  1.074e+06  1.359e+06  1.597e+06  7.124e+05  1.669e+06  1.166e+06  9.815e+05  7.871e+05  1.492e+06  9.631e+05  1.596e+06  1.338e+06  1.018e+06  9.712e+05  8.953e+05   1.27e+06  9.769e+05  6.963e+05   5.91e+05  1.149e+06      1e+06  7.875e+05  1.461e+06  8.355e+05  1.254e+06  8.323e+05   1.21e+06  8.463e+05  1.047e+06  1.162e+06   1.08e+06  8.951e+05  1.026e+06  1.014e+06  9.653e+05  8.302e+05  1.026e+06  1.021e+06  1.099e+06  1.037e+06  1.157e+06  1.093e+06  9.663e+05  8.409e+05  1.004e+06  1.312e+06  1.466e+06  9.757e+05  1.231e+06  8.901e+05  1.036e+06  1.392e+06  9.544e+05  1.192e+06  1.157e+06  7.088e+05  1.061e+06  1.046e+06  1.348e+06  1.027e+06  7.955e+05  9.638e+05  1.022e+06  1.056e+06  1.117e+06  1.219e+06  3.147e+04  8.292e+05  1.386e+06  1.084e+06  1.278e+06  1.099e+06  1.303e+06   1.01e+06  9.635e+05  1.186e+06  6.658e+05  1.297e+06  1.059e+06  8.701e+05  9.027e+05  7.988e+05  1.214e+06  4.363e+05  8.277e+05  7.983e+05   1.21e+06  1.113e+06  1.197e+06   5.93e+05  1.435e+06  8.778e+05  1.205e+05
 -7.135e+05 -4.518e+06 -1.369e+07 -4.453e+06 -5.185e+07 -1.538e+05  1.616e+06  1.188e+06  5.295e+05  1.027e+06  1.277e+06  7.123e+05  1.049e+06  8.648e+05   9.12e+05  1.653e+06  1.757e+06  9.863e+05  5.321e+05  6.756e+05  2.155e+06  1.881e+06  1.404e+06  2.002e+06  6.812e+05  1.628e+06  1.145e+06  1.399e+06  1.053e+06  1.364e+06  1.014e+06  9.279e+05  2.222e+06  1.635e+06  1.171e+06  1.029e+06   2.32e+06  1.262e+06  1.702e+06  1.412e+06  9.293e+05  1.427e+06  7.277e+05  1.024e+06  1.487e+06   1.14e+06  1.718e+06   1.32e+06  1.167e+06  1.772e+06  1.995e+06  8.257e+05  1.912e+06  1.369e+06  1.057e+06  8.764e+05  1.647e+06  1.064e+06  1.879e+06  1.592e+06   1.35e+06   1.03e+06  1.263e+06  1.417e+06  1.164e+06  1.048e+06  3.755e+05  1.536e+06  1.216e+06  1.009e+06  1.785e+06  9.338e+05  1.535e+06  9.523e+05  1.324e+06  9.418e+05  1.344e+06  1.284e+06  1.244e+06  8.961e+05  9.977e+05   1.08e+06  1.052e+06  9.786e+05  1.198e+06  1.205e+06  1.096e+06  1.145e+06  1.241e+06  1.215e+06  1.245e+06  7.438e+05  1.092e+06  1.701e+06   1.84e+06  1.133e+06  1.542e+06  1.255e+06  1.185e+06   1.84e+06  1.131e+06  1.589e+06   1.33e+06  1.319e+06  1.203e+06  1.185e+06  1.146e+06  1.394e+06  1.169e+06  1.525e+06  1.234e+06  1.787e+06  1.033e+06  1.259e+06  2.178e+06  1.259e+06  1.163e+06  1.525e+06  1.158e+06  1.429e+06  1.436e+06  1.849e+06  1.029e+06  9.271e+05  1.125e+06  1.169e+06  1.288e+06  1.006e+06  6.388e+05  1.417e+06  1.225e+06  1.775e+06  1.077e+06  1.577e+06   1.28e+06  1.519e+06  1.257e+06  1.132e+06  1.428e+06  1.487e+06  9.492e+04
 -8.923e+06  -3.62e+05 -1.922e+06 -5.041e+05 -1.538e+05 -1.612e+07  1.315e+05  5.442e+05   3.79e+05  7.127e+05  3.908e+05  4.702e+05  5.577e+05  5.998e+05  6.908e+05 -9.678e+05  7.144e+05  4.564e+05  2.954e+05  4.024e+05  7.539e+05  1.037e+06  9.588e+05  1.251e+06  5.495e+05  1.028e+06  1.046e+06  9.033e+05  1.041e+06  1.067e+06  1.276e+06  1.239e+06  4.692e+05  8.014e+05  8.938e+05  6.554e+05  4.914e+05  7.949e+05  8.505e+05  9.724e+05  1.088e+06  1.113e+06  1.215e+06   1.09e+06  7.686e+05  8.559e+05  8.659e+05  9.582e+05  1.043e+06  3.808e+05  6.044e+05  4.988e+05  5.837e+05  8.041e+05  8.195e+05  5.901e+05  7.166e+05  7.578e+05  7.181e+05  9.202e+05  1.155e+06  9.558e+05  1.037e+06  1.055e+06  9.595e+05  1.341e+06  1.083e+06  1.086e+06  9.844e+05  9.093e+05  6.826e+05  6.578e+05  7.151e+05  7.092e+05  7.653e+05  8.588e+05  8.565e+05  1.088e+06  1.033e+06   1.01e+06  9.693e+05    1.1e+06  9.433e+05  9.124e+05  9.286e+05  1.004e+06  1.034e+06  1.148e+06  1.171e+06  1.159e+06  1.407e+06  1.166e+06  9.501e+05  6.417e+05  8.506e+05  7.732e+05   9.45e+05   1.09e+06  9.758e+05  8.098e+05  7.336e+05  7.743e+05  9.491e+05  1.134e+06  1.183e+06  1.067e+06  9.624e+05  1.041e+06  1.041e+06  9.017e+05  1.115e+06  1.286e+06   1.28e+06  1.046e+06  1.138e+06  1.158e+06  1.878e+06  1.508e+06  1.226e+06  1.175e+06  1.445e+06  1.626e+06  1.281e+06  1.623e+06   1.42e+06  1.316e+06  1.177e+06  1.412e+06  1.633e+06  1.043e+06  1.172e+06  1.144e+06  1.255e+06  1.212e+06  1.456e+06  1.238e+06  1.569e+06  1.724e+06  1.666e+06  1.235e+06 -2.057e+05
  5.001e+05  1.592e+06  1.569e+06  1.436e+06  1.616e+06  1.315e+05 -5.409e+08 -2.059e+07 -2.898e+06 -8.653e+06 -4.173e+07 -5.931e+05 -2.081e+07 -1.294e+06 -5.274e+06 -1.651e+08 -7.272e+06 -1.246e+06 -1.021e+05 -1.955e+05 -7.172e+06   -4.5e+06 -9.099e+05 -3.629e+06 -1.264e+05 -2.917e+06  1.333e+05 -6.103e+05    8.9e+05  1.108e+06  1.909e+06  1.781e+06 -1.252e+07 -3.513e+06 -8.303e+05 -1.458e+05 -8.628e+06 -1.359e+06 -3.437e+06 -1.578e+06  4.245e+05  2.749e+05  1.146e+06  1.997e+06  -2.49e+06 -1.324e+05 -2.657e+06 -5.074e+05  3.489e+05 -9.271e+06 -6.641e+06 -6.919e+05 -6.692e+06 -1.467e+06 -1.382e+05   2.49e+05  -4.55e+06 -6.131e+05 -5.356e+06 -1.215e+06  1.297e+06  1.718e+06  1.598e+06  8.615e+05  1.176e+06   3.09e+06  2.861e+06  1.301e+06  1.611e+06  1.463e+06 -2.277e+06   2.82e+05 -1.055e+06  1.202e+06  2.391e+05  1.366e+06  1.343e+06  1.856e+06  2.098e+06  1.772e+06  2.274e+06  2.413e+06  1.661e+06  1.858e+06  1.879e+06  2.096e+06   2.27e+06  1.787e+06  3.094e+06  2.598e+06  2.806e+06   2.89e+06  2.006e+06  -5.93e+06  -2.94e+06 -1.284e+05 -2.336e+06 -3.911e+05 -7.425e+05 -5.247e+06 -4.889e+05 -2.878e+06  3.735e+05   8.89e+05  1.159e+06   1.33e+06 -5.436e+04  6.798e+05  8.968e+05 -7.094e+05  1.202e+06 -1.043e+06  1.169e+06  2.759e+06 -1.332e+06  2.829e+06  1.019e+06  3.015e+06  1.591e+06  8.593e+05  8.245e+05  1.704e+06  1.331e+06  1.508e+06  3.809e+05  1.721e+06  2.399e+06  3.595e+06   1.53e+06 -1.359e+05  1.318e+06  1.811e+06  1.085e+06  9.802e+05  2.466e+06  1.514e+06  2.383e+06  2.147e+06  3.092e+06    2.1e+06  5.708e+05
  7.236e+05  1.175e+06  1.267e+06  9.703e+05  1.188e+06  5.442e+05 -2.059e+07 -8.439e+07 -8.313e+06  -2.52e+07  1.351e+05  3.605e+05   5.52e+05  4.814e+05  4.137e+05 -1.223e+07 -2.819e+06    7.3e+04   2.68e+05  2.647e+05 -3.087e+06 -1.705e+06  5.327e+04 -1.523e+06  2.356e+05  -8.03e+05  2.485e+05  6.654e+04  1.091e+06  7.522e+05  9.653e+05  1.686e+06 -4.337e+06 -6.271e+05  2.591e+05  2.459e+05 -2.827e+06 -1.519e+05 -1.007e+06 -1.131e+05  6.497e+05  3.397e+05   8.59e+05  5.444e+05 -5.525e+05  2.752e+05 -3.827e+05  1.855e+05  3.067e+05 -2.892e+06 -3.254e+06       6226 -2.567e+06 -2.114e+05  4.426e+05  5.114e+05 -1.309e+06   3.26e+05 -1.888e+06   1.47e+05  1.142e+06  1.123e+06  1.275e+06  1.019e+06  1.066e+06   1.79e+06  1.442e+06  1.225e+06  1.287e+06  1.187e+06 -9.887e+04  6.687e+05  4.345e+05  1.016e+06  8.731e+05  1.189e+06  1.489e+06  2.013e+06  1.664e+06  1.463e+06  1.737e+06  2.126e+06  1.408e+06  1.436e+06  1.711e+06  1.721e+06  1.627e+06  1.622e+06   1.95e+06  2.393e+06  2.324e+06  1.822e+06  1.506e+06  -2.21e+06 -9.009e+05  6.494e+05 -7.617e+05   5.54e+05 -1.935e+04 -1.939e+06  2.633e+05 -8.079e+05  4.383e+05  5.886e+05  1.258e+06   1.05e+06  4.556e+05  7.475e+05  1.099e+06  2.377e+05  7.703e+05  3.016e+05  1.206e+06  1.507e+06  7.392e+05  1.172e+06  1.546e+06  1.618e+06  1.702e+06  9.907e+05  1.857e+06  1.042e+06  1.265e+06  1.449e+06  1.522e+06  8.894e+05  1.824e+06  1.647e+06  2.008e+06  5.939e+05  1.121e+06  5.299e+05  1.079e+06  1.172e+06  1.325e+06  1.932e+06  1.101e+06  8.458e+05  1.094e+06  1.746e+06  4.046e+05
  4.062e+05  5.319e+05  5.189e+05  3.496e+05  5.295e+05   3.79e+05 -2.898e+06 -8.313e+06 -3.914e+07 -3.448e+05  1.153e+05  2.722e+05   9.11e+04  1.727e+05  1.257e+05 -1.949e+06 -4.858e+05  3.594e+05  2.837e+05  3.186e+05 -7.709e+05  -2.05e+05  2.927e+05 -3.648e+05  1.093e+05       6683 -3.264e+04  2.956e+05  4.785e+05  5.725e+05  5.371e+05   6.21e+05   -6.8e+05      -1392  1.348e+05  3.801e+05 -6.499e+05  1.376e+05 -1.069e+05  3.285e+05  3.631e+05  2.279e+05  4.221e+05  5.648e+05  8.793e+04  3.439e+05  1.918e+05    4.1e+05  3.675e+05 -4.754e+05 -2.119e+05  1.853e+05  -2.08e+05  3.153e+05  4.541e+05  3.155e+05  2.804e+05  3.363e+05   2.77e+05  4.851e+05  5.217e+05  4.587e+05  4.564e+05  6.268e+05  6.205e+05  6.821e+05  4.946e+05  7.208e+05  7.259e+05  6.766e+05  2.938e+05  4.603e+05  5.002e+05  6.039e+05   6.06e+05  5.474e+05  7.492e+05  8.737e+05  8.262e+05  7.261e+05  8.582e+05  8.662e+05  7.367e+05  7.282e+05  9.531e+05  9.736e+05  9.234e+05  1.076e+06  1.094e+06   1.21e+06  1.371e+06  5.766e+05  8.018e+05 -5.421e+05       9524  3.753e+05  2.868e+04   4.06e+05  3.632e+05 -3.717e+05  3.418e+05   2.25e+05  3.818e+05  1.246e+05  4.931e+05  4.531e+05  1.541e+05  2.927e+05  4.849e+05  1.311e+05  3.811e+05  1.502e+05  4.456e+05  2.409e+05  5.993e+05  2.709e+05  3.823e+05  7.691e+05  2.828e+05  4.806e+05  6.214e+05  1.359e+06  4.289e+05  8.993e+05  4.595e+05  3.622e+05  6.222e+05  8.019e+05  8.678e+05 -6.982e+04  4.742e+05  1.714e+05  2.714e+05  2.263e+05  4.602e+05  2.471e+05  6.351e+05  6.797e+05  4.444e+05  6.362e+05  2.404e+05
  8.156e+05  1.073e+06  1.192e+06  8.844e+05  1.027e+06  7.127e+05 -8.653e+06  -2.52e+07 -3.448e+05 -4.784e+07  4.983e+05  3.589e+05  6.157e+05  5.927e+05  5.808e+05  -4.97e+06  -1.13e+06   3.01e+05  3.006e+05  3.518e+05 -1.186e+06 -5.724e+05  2.811e+05 -3.915e+05  3.391e+05 -1.542e+05  5.008e+05  3.224e+05  9.986e+05  7.428e+05  6.171e+05  8.686e+05 -1.798e+06      -1520  4.436e+05  2.955e+05 -1.327e+06   3.01e+05 -1.907e+05  2.648e+05  7.592e+05  6.172e+05  6.836e+05  4.999e+05  1.142e+05  4.733e+05 -1.616e+05  3.136e+05  3.989e+05 -1.145e+06 -1.505e+06  2.058e+05  -1.36e+06  3.022e+04  3.135e+05  5.503e+05 -4.338e+05  6.547e+05 -8.641e+05  4.442e+05  9.933e+05  9.373e+05  1.179e+06  9.923e+05  1.015e+06  1.656e+06   1.22e+06  9.218e+05  1.033e+06  1.035e+06  5.052e+05   6.75e+05  7.543e+05  9.563e+05  1.142e+06  1.174e+06   1.41e+06  1.675e+06  1.645e+06  1.228e+06  1.558e+06   1.64e+06  1.374e+06  1.395e+06  1.676e+06  1.617e+06  1.439e+06  1.751e+06  1.026e+06  2.039e+06  1.988e+06  1.533e+06  1.314e+06 -7.111e+05 -2.194e+05  7.414e+05 -1.845e+05  6.347e+05  1.768e+05 -6.379e+05  3.641e+05 -4.195e+04  8.724e+05  1.201e+06   1.04e+06  1.035e+06  8.143e+05  8.006e+05  8.891e+05  7.954e+05  9.497e+05  6.826e+05  1.081e+06  8.534e+05  1.275e+06   1.04e+06  1.722e+06  1.484e+06  1.463e+06  8.725e+05  1.474e+06  1.199e+06  9.546e+05  1.116e+06  1.411e+06   1.15e+06  1.162e+06  1.234e+06  1.727e+06  9.847e+05  1.208e+06  1.092e+06  1.232e+06  8.999e+05  1.314e+06  1.995e+06  7.852e+05  1.139e+06  5.772e+05  1.126e+06  3.455e+05
  6.205e+05  1.212e+06  1.291e+06  1.209e+06  1.277e+06  3.908e+05 -4.173e+07  1.351e+05  1.153e+05  4.983e+05 -1.312e+08 -2.029e+06 -4.738e+07 -2.971e+06  -1.12e+07 -2.493e+07 -3.827e+06 -7.293e+05  7.023e+04 -1.163e+05 -4.159e+06 -2.546e+06 -2.962e+05 -1.862e+06 -1.425e+04 -1.518e+06  4.249e+05 -3.143e+05  8.953e+05  6.198e+05  1.858e+06  1.228e+06 -5.995e+06 -1.902e+06 -2.301e+05 -2.896e+04 -4.504e+06 -7.671e+05 -1.936e+06 -5.978e+05  7.405e+05  3.976e+05  1.457e+06  1.381e+06 -1.181e+06  2.298e+05 -1.065e+06 -1.483e+05  3.899e+05 -4.163e+06 -5.209e+06 -3.132e+05 -4.989e+06 -9.343e+05  1.885e+05  3.391e+05 -3.177e+06 -1.987e+05 -2.896e+06 -5.662e+05  1.185e+06  1.082e+06   1.47e+06  7.443e+05  9.774e+05  2.091e+06  2.257e+06  9.996e+05  1.146e+06  1.193e+06 -1.596e+06  3.243e+05  -9.23e+05   9.05e+05  -1.33e+04  9.889e+05  6.798e+05  1.481e+06  1.474e+06  1.431e+06  1.727e+06  1.073e+06  1.399e+06   1.37e+06  1.373e+06  1.446e+06  1.883e+06  1.634e+06  1.872e+06  1.384e+06  1.921e+06  2.123e+06  1.435e+06 -3.065e+06 -1.683e+06  1.332e+05  -6.82e+05  3.929e+05 -1.109e+05 -3.591e+06 -1.742e+05 -1.512e+06  5.093e+04  7.242e+05  1.373e+06  1.152e+06  5.367e+05  9.145e+05  1.094e+06      -5359  7.388e+05 -1.769e+05  1.133e+06  1.212e+06 -5.917e+05  2.236e+06  1.452e+06  2.283e+06  1.926e+06  1.665e+06  2.049e+06   2.34e+06  1.644e+06  1.247e+06  1.515e+06  1.413e+06  1.699e+06  1.705e+06   2.38e+06  5.232e+05  1.411e+06  6.057e+05  1.486e+06  1.019e+06  1.928e+06  1.374e+06  2.107e+06  1.662e+06  1.917e+06  2.325e+06  4.908e+05
  5.313e+05  6.912e+05  8.021e+05  6.634e+05  7.123e+05  4.702e+05 -5.931e+05  3.605e+05  2.722e+05  3.589e+05 -2.029e+06 -2.531e+07 -8.697e+05 -1.491e+04   1.52e+05 -4.105e+05 -2.972e+04  6.493e+04  1.515e+05  1.978e+05  3.248e+05  3.474e+04  4.564e+05  2.923e+05  2.691e+05  2.493e+05  6.933e+05  3.265e+05  8.284e+05  6.032e+05   9.03e+05  6.959e+05  3.423e+04  2.897e+05  5.214e+05  3.249e+05  2.455e+04  4.502e+05   3.18e+05  3.989e+05  4.861e+05  4.555e+05  9.861e+05  2.487e+05 -1.675e+04  3.713e+05  1.799e+05  4.281e+05  6.478e+05 -6.456e+04 -6.275e+05  1.993e+05 -4.284e+05  1.474e+05  4.241e+05  3.724e+05  2.588e+04  5.765e+05 -2.719e+05  4.136e+05   6.79e+05  7.574e+05  9.729e+05  6.252e+05  7.619e+05  1.107e+06  8.353e+05  7.179e+05  6.729e+05   6.81e+05   3.03e+05  4.694e+05  4.728e+05  4.983e+05  5.384e+05   7.36e+05  6.652e+05  9.736e+05  9.578e+05  7.439e+05  9.417e+05  1.058e+06  5.798e+05  7.584e+05   8.18e+05  9.137e+05  9.258e+05  9.659e+05  1.033e+06  9.313e+05   9.21e+05  1.214e+06  8.102e+05  2.044e+05  5.099e+05  6.354e+05  4.045e+05  7.254e+05  4.598e+05 -1.148e+04  3.425e+05  3.504e+05  7.421e+05  1.427e+06  1.133e+06  1.045e+06  9.069e+05  8.741e+05  9.695e+05  8.002e+05  1.061e+06      1e+06  1.103e+06  8.622e+05  1.126e+06  9.679e+05   1.12e+06  1.327e+06  1.233e+06  1.021e+06  1.142e+06  1.046e+06  1.274e+06  9.258e+05   1.01e+06  1.127e+06  1.198e+06  1.204e+06  1.366e+06  8.296e+05  1.109e+06  8.001e+05  1.033e+06  9.084e+05  1.208e+06  1.219e+06  1.501e+06  1.291e+06  1.635e+06  1.179e+06  2.511e+05
   6.83e+05  1.084e+06  1.296e+06   9.13e+05  1.049e+06  5.577e+05 -2.081e+07   5.52e+05   9.11e+04  6.157e+05 -4.738e+07 -8.697e+05 -1.487e+08 -7.429e+06  -2.46e+07 -1.284e+07 -2.083e+06  1.513e+05   3.54e+05  3.375e+05 -2.665e+06 -1.499e+06  2.029e+05 -1.194e+06  3.881e+04 -7.338e+05  4.699e+05   6.85e+04  4.859e+05  3.422e+05  1.414e+06  1.339e+06 -4.674e+06 -8.213e+05  1.186e+04  4.147e+05 -4.082e+06 -5.306e+05 -1.117e+06 -1.245e+05  7.556e+05  2.665e+05  1.388e+06  1.147e+06 -7.574e+05  5.634e+05  -5.21e+05    4.3e+05  4.014e+05 -2.646e+06 -2.748e+06  1.597e+05 -2.647e+06  1.681e+04  5.868e+05  6.391e+05 -1.622e+06   2.23e+05 -1.385e+06  2.654e+05  1.141e+06  1.126e+06  1.259e+06  8.815e+05  8.825e+05  1.535e+06  1.876e+06  1.004e+06  9.569e+05  1.032e+06 -5.668e+05  6.697e+05      858.3   8.98e+05  4.679e+05  8.643e+05  9.467e+05  1.518e+06  1.385e+06  1.373e+06  1.557e+06  1.055e+06   1.64e+06  1.218e+06  1.508e+06  1.745e+06  1.729e+06   1.55e+06  1.857e+06  1.703e+06  1.718e+06   2.12e+06   1.44e+06 -1.793e+06  -8.36e+05  3.246e+05 -2.368e+05   5.45e+05  5.841e+05 -2.095e+06  2.998e+05   -7.6e+05  4.285e+05 -5.851e+04  9.196e+05  8.921e+05  2.913e+05  8.856e+05  7.518e+05 -2.057e+05  5.322e+05 -1.563e+05  9.947e+05 -1.207e+06  2.592e+05  1.819e+06  6.648e+05  2.099e+06  1.337e+06  8.465e+05  1.672e+06  1.054e+06  7.646e+05  1.566e+06  1.036e+06  1.079e+06   1.72e+06  1.893e+06  1.324e+06 -4.413e+04   1.13e+06  3.903e+05  1.149e+06  1.145e+06  2.003e+06  1.667e+06  8.365e+05  3.846e+05  2.105e+06  1.266e+06  4.812e+05
  6.364e+05  8.103e+05  9.651e+05   6.32e+05  8.648e+05  5.998e+05 -1.294e+06  4.814e+05  1.727e+05  5.927e+05 -2.971e+06 -1.491e+04 -7.429e+06 -4.736e+07 -1.526e+06 -8.135e+05  2.328e+05  3.733e+05  3.374e+05  3.887e+05 -5.464e+04  8.547e+04  4.164e+05  3.044e+05  1.551e+05  4.587e+05  4.776e+05  4.273e+05  6.304e+05  4.534e+05  1.264e+06  8.187e+05  1.054e+05  2.365e+05  3.525e+05  5.214e+05  2.047e+05  3.096e+05  3.487e+05  4.109e+05  4.911e+05  2.514e+05  1.002e+06  1.274e+06  2.243e+05  5.708e+05  4.104e+05  5.849e+05  6.715e+05  5.186e+04 -5.546e+05  3.191e+05 -3.791e+05  3.726e+05  6.124e+05  4.577e+05  3.957e+05  5.652e+05   5.12e+05  5.738e+05  8.412e+05  8.841e+05  8.562e+05  7.347e+05  6.628e+05  1.015e+06  9.042e+05  9.709e+05  7.178e+05  7.054e+05  4.778e+05  6.463e+05  7.397e+05  6.984e+05  7.454e+05  7.295e+05  8.724e+05  1.107e+06   8.85e+05  9.926e+05  1.088e+06  9.371e+05  9.223e+05  8.896e+05  1.001e+06  1.106e+06  1.196e+06  1.188e+06  1.206e+06  1.368e+06   1.33e+06  1.156e+06  1.069e+06   1.89e+04  1.421e+05  5.347e+05  4.346e+05  5.614e+05  7.985e+05  1.711e+05  5.898e+05  2.844e+05  5.673e+05  3.059e+05  7.445e+05  6.793e+05  9.569e+05   6.54e+05  6.507e+05  6.109e+05  4.487e+05  3.388e+05  9.963e+05   8.88e+05  1.107e+06  1.007e+06 -1.705e+05  1.197e+06  9.246e+05  1.299e+06  1.246e+06  3.208e+05  1.358e+06  1.019e+06  5.282e+05  9.938e+05  7.791e+05  6.885e+05  1.017e+06  4.828e+05  6.633e+05  2.865e+05  6.547e+05  7.976e+05  8.296e+05  7.511e+05  8.663e+05  1.504e+06  9.116e+05  7.429e+05  3.533e+05
  7.657e+05  9.969e+05  1.221e+06   8.39e+05   9.12e+05  6.908e+05 -5.274e+06  4.137e+05  1.257e+05  5.808e+05  -1.12e+07   1.52e+05  -2.46e+07 -1.526e+06 -8.756e+07 -3.348e+06 -1.496e+05  7.916e+05  5.709e+05  5.999e+05  -5.95e+05  2.012e+05  6.404e+05  3.602e+05  2.858e+05  4.553e+05   5.59e+05  5.918e+05  3.955e+05  6.986e+05  2.042e+05  8.805e+05 -1.896e+06  3.044e+05   5.33e+05  5.982e+05 -1.295e+06  -6.54e+04  2.474e+05  5.812e+05  5.929e+05  8.516e+05  4.728e+05  1.036e+06 -3.896e+04  6.432e+05  4.956e+05  7.021e+05  3.337e+05 -2.038e+05 -6.415e+04  5.121e+05  2.012e+05  9.682e+05  7.687e+05  8.579e+05 -2.105e+04  7.609e+05  3.078e+05  1.004e+06  1.056e+06  1.014e+06  1.097e+06  1.019e+06  9.687e+05  4.215e+05  8.353e+05  1.269e+06  1.006e+06  1.017e+06  8.716e+05  1.012e+06  1.017e+06  9.337e+05  1.207e+06  1.027e+06  1.191e+06  1.661e+06  1.491e+06  1.047e+06  1.403e+06  1.231e+06  1.368e+06  1.321e+06  1.503e+06  1.795e+06  1.631e+06  1.955e+06  1.575e+06  1.345e+06  1.754e+06    1.9e+06  1.292e+06 -1.391e+05  2.181e+05   5.47e+05  5.801e+05    5.9e+05   6.87e+05  3.264e+05   7.49e+05  7.336e+05  7.029e+05   3.93e+05  6.382e+05  8.087e+05  6.089e+05  6.779e+05   4.58e+05  5.109e+05  3.926e+05 -3.023e+05   2.47e+05 -2.012e+05  2.658e+05  8.274e+05  1.323e+06  1.494e+06  4.176e+05  1.078e+06      -8282  6.093e+05  7.202e+05  1.685e+05   9.08e+05   3.84e+05   9.59e+05  4.475e+05  1.674e+06  2.264e+05  7.156e+05  4.963e+05  3.641e+05  5.668e+05   1.09e+06  1.176e+06  6.736e+05  6.707e+05  1.152e+06  5.177e+05  4.154e+05
 -2.809e+05  1.528e+06  1.476e+06  9.382e+05  1.653e+06 -9.678e+05 -1.651e+08 -1.223e+07 -1.949e+06  -4.97e+06 -2.493e+07 -4.105e+05 -1.284e+07 -8.135e+05 -3.348e+06 -3.474e+08 -9.814e+06 -9.961e+05 -3.895e+04 -2.785e+05 -9.808e+06 -3.336e+06 -3.553e+05 -3.006e+06 -1.867e+04 -2.784e+06  2.131e+05 -5.731e+05  1.209e+06  1.001e+06  1.762e+06  1.543e+06 -1.251e+07 -3.275e+06 -5.485e+05 -3.824e+05 -9.901e+06 -1.501e+06 -3.289e+06 -1.096e+06 -1.952e+04 -4.281e+05  1.898e+06  1.117e+06 -2.878e+06 -5.125e+05 -1.405e+06 -5.638e+05  3.047e+05 -1.194e+07 -6.507e+06 -7.064e+05 -7.018e+06 -1.419e+06  -1.34e+04  2.157e+05 -4.858e+06 -7.005e+05 -5.212e+06 -8.896e+05  1.147e+06  1.324e+06  1.477e+06  6.206e+05  9.581e+05  2.943e+06  2.246e+06  9.648e+05   1.06e+06  1.121e+06  -2.83e+06  1.703e+05 -1.819e+06   6.91e+05 -7.363e+05  9.298e+05  1.005e+06  1.664e+06  1.612e+06  1.434e+06  1.681e+06  1.292e+06  1.028e+06  1.346e+06  1.231e+06  1.823e+06  2.128e+06  1.526e+06  2.133e+06  2.145e+06  1.949e+06  2.485e+06  1.576e+06  -6.29e+06 -2.914e+06 -3.977e+05 -1.785e+06 -4.862e+05 -4.747e+05 -6.023e+06 -6.005e+05 -3.033e+06 -5.803e+04 -1.203e+06  8.966e+05  1.374e+06  8.136e+05  1.099e+06  5.644e+05 -1.572e+06  1.075e+06 -6.066e+05  1.077e+06  2.598e+06 -2.485e+06  2.007e+06  5.512e+05  2.069e+06  2.458e+06  1.137e+06  1.633e+06   2.81e+06  1.137e+06  2.275e+06  9.376e+05  1.922e+06  1.818e+06  2.903e+06  2.036e+06 -7.889e+05  1.543e+06  4.792e+05  7.258e+05  1.056e+06  1.608e+06  1.701e+06  1.175e+06  2.311e+06  2.997e+06  2.066e+06   4.85e+05
  1.011e+06  1.906e+06  2.188e+06  1.762e+06  1.757e+06  7.144e+05 -7.272e+06 -2.819e+06 -4.858e+05  -1.13e+06 -3.827e+06 -2.972e+04 -2.083e+06  2.328e+05 -1.496e+05 -9.814e+06 -4.379e+08  5.314e+05  2.342e+05  4.525e+05  -2.11e+08 -8.032e+06 -1.159e+06 -5.097e+06   -5.8e+05 -3.987e+06 -7.101e+05 -1.618e+06 -3.563e+04 -4.128e+05  1.637e+06  7.295e+05 -6.156e+07   -7.1e+06 -1.751e+06 -1.189e+06 -2.625e+07 -4.266e+06 -9.958e+06 -2.354e+06 -6.827e+05  7.833e+04  1.057e+06  1.799e+06 -5.535e+06 -2.323e+06 -3.895e+06  -1.36e+06 -9.557e+05 -4.873e+07 -1.297e+07 -1.137e+06 -1.038e+07 -2.488e+06 -4.202e+05  1.336e+05 -7.477e+06 -1.596e+06 -7.242e+06 -1.914e+06  4.677e+05  1.151e+06  1.436e+06  2.035e+05  1.201e+06  1.799e+06  2.854e+06  4.416e+05  1.498e+06  1.307e+06 -3.771e+06 -1.162e+05 -1.721e+06  8.486e+05 -6.107e+05  9.735e+05  1.062e+06    1.9e+06  1.458e+06  1.725e+06  2.275e+06  1.524e+06  1.458e+06  1.732e+06  2.094e+06  1.881e+06  1.962e+06    2.1e+06  2.127e+06   2.23e+06  2.389e+06  2.914e+06  1.946e+06 -1.199e+07 -6.049e+06  -8.31e+05 -3.277e+06 -3.451e+05 -1.185e+06 -8.361e+06 -9.314e+05 -5.027e+06 -3.401e+04 -9.273e+05  1.936e+06  1.206e+06  -6.94e+05  8.093e+05  1.031e+06 -1.469e+06  4.598e+05 -2.926e+05  1.939e+06  4.396e+04  9.143e+04  1.663e+06  2.737e+06  1.548e+06  7.513e+05  3.391e+06  2.497e+06  2.922e+06   3.16e+06  3.362e+06  1.494e+06  8.927e+05  1.779e+06  3.119e+06  4.647e+06 -6.349e+05   1.71e+06  5.119e+05  1.586e+06  1.373e+06  1.531e+06  2.089e+06  2.769e+06  1.438e+06  2.767e+06  2.052e+06  6.436e+05
  5.986e+05  9.862e+05  1.206e+06  9.351e+05  9.863e+05  4.564e+05 -1.246e+06    7.3e+04  3.594e+05   3.01e+05 -7.293e+05  6.493e+04  1.513e+05  3.733e+05  7.916e+05 -9.961e+05  5.314e+05 -6.053e+07 -7.832e+06 -1.351e+07  -6.92e+06 -1.843e+06 -2.044e+05 -1.578e+06 -2.077e+04 -1.137e+06  4.076e+05 -4.648e+05  7.053e+05  5.106e+05  1.114e+06  7.463e+05 -3.569e+06 -1.321e+06 -9.283e+04 -1.554e+05 -2.548e+06 -3.743e+05 -1.124e+06 -5.196e+05  2.464e+05  5.098e+05  1.417e+06  9.059e+05 -1.513e+06 -7.743e+04 -1.189e+06 -2.642e+05  2.097e+05  -9.27e+05 -3.307e+06 -2.451e+05 -2.728e+06 -6.712e+05  2.861e+05  1.986e+05 -1.485e+06  2.062e+05 -1.935e+06 -8.691e+04  7.298e+05  9.329e+05  1.055e+06  6.934e+05  7.478e+05   1.57e+06  1.677e+06  7.684e+05  8.363e+05  7.612e+05 -8.313e+05   2.45e+05 -3.003e+05  5.176e+05  1.991e+05  7.306e+05  6.788e+05   8.88e+05  1.178e+06  9.811e+05  1.209e+06  7.698e+05  8.555e+05  8.054e+05  8.904e+05  1.086e+06  1.227e+06   1.31e+06  1.543e+06  1.411e+06  1.423e+06  1.875e+06  9.734e+05 -1.267e+06 -3.035e+05  3.827e+05 -9.733e+04  6.616e+05   4.99e+04 -1.135e+06  8.669e+04 -3.585e+05   5.03e+05  1.583e+06  1.172e+06  1.172e+06  5.984e+05    8.4e+05  7.857e+05  3.795e+05  9.658e+05    7.8e+05  1.296e+06  6.723e+05   7.66e+05  1.358e+06  1.456e+06  1.681e+06  1.558e+06  1.269e+06  2.175e+06  2.011e+06  9.499e+05  2.631e+06  5.606e+05  1.633e+06  1.236e+06  1.879e+06  1.653e+06    8.1e+05  1.352e+06  5.469e+05  1.486e+06  1.085e+06  1.631e+06  5.994e+05  1.839e+06  1.776e+06  1.564e+06  1.411e+06  3.646e+05
  3.802e+05  5.264e+05  5.926e+05  5.226e+05  5.321e+05  2.954e+05 -1.021e+05   2.68e+05  2.837e+05  3.006e+05  7.023e+04  1.515e+05   3.54e+05  3.374e+05  5.709e+05 -3.895e+04  2.342e+05 -7.832e+06 -1.604e+07  5.706e+05 -1.288e+06 -4.387e+05  7.479e+04 -2.131e+05  1.285e+05 -2.001e+05  4.865e+05 -1.384e+04  5.401e+05  2.895e+05  6.895e+05  6.827e+05 -5.732e+05 -1.495e+05  2.636e+05  9.317e+04 -3.348e+05  1.319e+05 -1.609e+05  6.973e+04  4.761e+05  4.465e+05  8.041e+05  8.049e+05 -2.409e+05  1.337e+05 -2.475e+05  1.077e+05  2.924e+05 -6.118e+04 -7.606e+05  1.346e+05 -5.139e+05 -4.901e+04  2.369e+05  2.133e+05  -1.42e+05  3.532e+05 -1.479e+05  1.773e+05  4.403e+05  5.781e+05  6.376e+05  4.635e+05  5.248e+05  8.647e+05  8.176e+05  4.397e+05  5.425e+05   4.73e+05  5.012e+04  2.729e+05  2.292e+05  3.566e+05  3.701e+05  5.304e+05  5.162e+05   5.69e+05  6.655e+05  5.763e+05  6.199e+05  6.774e+05  5.293e+05   5.33e+05  4.889e+05  6.573e+05  6.993e+05  7.229e+05  8.682e+05  9.365e+05  7.601e+05  8.296e+05  6.117e+05 -2.549e+04  2.523e+05  3.762e+05  2.376e+05   5.61e+05   2.99e+05  8.688e+04  2.957e+05  1.958e+05  4.836e+05  1.333e+06  8.995e+05  8.255e+05  5.864e+05  5.706e+05  7.162e+05  5.292e+05  5.917e+05  6.325e+05  9.889e+05  5.795e+05  5.409e+05  8.214e+05   9.98e+05  7.763e+05   8.87e+05      1e+06  8.815e+05  9.852e+05  1.057e+06  1.277e+06  8.275e+05  8.522e+05  9.969e+05  1.094e+06  9.885e+05  5.678e+05  8.614e+05  6.473e+05  8.113e+05  7.442e+05  9.771e+05  7.135e+05  9.909e+05  1.101e+06  1.152e+06  1.202e+06  1.929e+05
  4.523e+05  6.654e+05  7.918e+05  6.352e+05  6.756e+05  4.024e+05 -1.955e+05  2.647e+05  3.186e+05  3.518e+05 -1.163e+05  1.978e+05  3.375e+05  3.887e+05  5.999e+05 -2.785e+05  4.525e+05 -1.351e+07  5.706e+05 -2.224e+07 -2.268e+06 -5.455e+05  2.032e+05  -2.83e+05  1.935e+05 -1.761e+05  4.934e+05  6.848e+04  6.244e+05  5.113e+05   7.59e+05  8.725e+05 -1.211e+06 -2.859e+05  1.975e+05  1.878e+05 -7.727e+05   8.82e+04 -3.377e+05  1.799e+04  4.074e+05  4.167e+05  1.015e+06  5.367e+05 -4.981e+05  1.268e+05 -6.532e+04  1.378e+05  3.696e+05 -1.681e+05 -1.033e+06  1.196e+05 -7.698e+05  5.029e+04  3.843e+05  3.034e+05 -3.408e+05  3.044e+05 -5.873e+05  2.857e+05  6.815e+05  7.152e+05  7.381e+05   5.64e+05  6.125e+05  9.717e+05  9.578e+05  6.676e+05  6.428e+05  6.161e+05 -1.452e+05  3.146e+05  9.719e+04  4.302e+05  3.321e+05  5.775e+05  5.326e+05  7.727e+05  7.727e+05   7.12e+05  8.678e+05  8.159e+05  7.515e+05  7.233e+05   7.21e+05   8.19e+05  9.374e+05  7.354e+05  9.191e+05  8.149e+05  8.615e+05    1.1e+06  7.802e+05 -6.728e+04  9.301e+04  4.342e+05  1.667e+05  6.029e+05  3.101e+05 -9.662e+04  2.604e+05   1.65e+05  4.181e+05  1.287e+06  8.264e+05   7.41e+05  5.862e+05  7.086e+05  5.758e+05  3.491e+05  7.322e+05  6.554e+05  8.703e+05  8.764e+05  7.319e+05  8.157e+05  8.127e+05  1.173e+06  9.648e+05  8.343e+05  1.161e+06  5.986e+05  1.091e+06  9.505e+05  8.445e+05  1.038e+06  7.562e+05  1.192e+06  1.496e+06   8.01e+05  8.964e+05  5.735e+05  9.415e+05  9.687e+05  9.995e+05  4.325e+05  1.158e+06   1.45e+06  1.104e+06  9.226e+05  2.685e+05
  1.041e+06  2.044e+06  2.151e+06  1.497e+06  2.155e+06  7.539e+05 -7.172e+06 -3.087e+06 -7.709e+05 -1.186e+06 -4.159e+06  3.248e+05 -2.665e+06 -5.464e+04  -5.95e+05 -9.808e+06  -2.11e+08  -6.92e+06 -1.288e+06 -2.268e+06 -8.108e+08 -1.396e+07 -2.108e+06 -8.413e+06  -1.36e+06 -5.584e+06 -1.628e+06 -3.278e+06 -4.823e+05 -1.967e+06  1.084e+06  4.318e+05 -1.114e+08 -1.049e+07 -3.098e+06  -2.29e+06  -4.92e+07 -7.356e+06 -1.469e+07 -3.914e+06 -2.679e+06 -1.371e+06   1.56e+06 -8.729e+05 -8.648e+06 -3.524e+06 -7.712e+06 -2.194e+06 -2.129e+06 -4.062e+07 -1.484e+07 -1.177e+06 -1.286e+07 -2.019e+06 -2.387e+05  2.236e+05 -7.829e+06 -1.516e+06 -7.068e+06 -1.535e+06   3.41e+05  1.608e+06  1.683e+06  9.646e+05  7.611e+05  1.312e+06  2.516e+06  7.524e+05  1.411e+06  1.358e+06 -3.711e+06  1.137e+05 -1.264e+06  1.176e+06  1.305e+05   1.63e+06  1.544e+06  1.968e+06  1.668e+06  2.107e+06  2.262e+06  1.301e+06  1.878e+06  1.719e+06  2.807e+06  2.215e+06  3.222e+06  2.633e+06  1.787e+06  3.358e+06  2.189e+06  2.273e+06  2.393e+06  -1.36e+07 -7.641e+06 -7.986e+05 -4.444e+06 -9.509e+05 -1.224e+06 -9.308e+06 -1.183e+06 -5.631e+06  -7.51e+05 -1.512e+06  2.116e+06  7.392e+05  7.418e+05  7.437e+05  8.205e+05 -2.229e+06  5.371e+05  7.645e+05  2.733e+06 -1.983e+06  -2.75e+05  1.199e+06  4.005e+06   1.85e+06 -4.255e+05  2.706e+06  1.446e+06  6.076e+04  1.937e+06 -7.984e+05   7.71e+05   1.91e+06  2.109e+06  4.004e+06  3.177e+06 -7.451e+04  2.057e+06  9.557e+05  2.111e+06  5.682e+05  9.085e+05 -2.261e+05  1.927e+06  3.619e+06  3.402e+06 -5.007e+05  7.659e+05
  1.281e+06  1.917e+06   2.07e+06  1.472e+06  1.881e+06  1.037e+06   -4.5e+06 -1.705e+06  -2.05e+05 -5.724e+05 -2.546e+06  3.474e+04 -1.499e+06  8.547e+04  2.012e+05 -3.336e+06 -8.032e+06 -1.843e+06 -4.387e+05 -5.455e+05 -1.396e+07 -2.408e+08 -5.819e+06 -6.203e+07 -3.642e+06  -2.97e+07 -3.651e+06 -5.056e+06 -3.082e+05  -1.74e+06  6.598e+05  9.061e+04 -4.569e+07 -6.068e+06  -1.72e+06 -1.235e+06 -1.849e+07 -4.873e+06  -8.99e+06 -3.287e+06 -1.339e+06 -2.183e+06  1.683e+06  6.979e+05 -6.512e+06  -2.26e+06 -5.151e+06 -2.237e+06 -1.349e+06  -6.86e+06   -9.5e+06  -8.44e+05 -8.265e+06   -2.3e+06   -3.2e+05  1.115e+05   -5.3e+06 -7.306e+05 -5.131e+06 -1.524e+06  9.739e+05  1.477e+06  1.862e+06  2.897e+05  1.176e+06  3.392e+06  3.152e+06  1.023e+06  1.216e+06  1.131e+06 -2.536e+06  3.627e+05 -1.244e+06  8.262e+05  1.931e+05  1.448e+06   1.06e+06  1.783e+06  1.899e+06  1.892e+06  2.037e+06  1.051e+06  1.296e+06  1.354e+06  1.805e+06  1.742e+06  1.952e+06  1.678e+06  2.313e+06  2.321e+06  2.615e+06  2.733e+06   1.58e+06  -6.52e+06 -4.341e+06 -5.968e+05 -2.776e+06 -2.433e+05 -8.847e+05 -5.073e+06 -7.807e+05 -3.126e+06  1.247e+04 -4.893e+05  1.707e+06  1.005e+06 -6.238e+05   3.77e+05  1.133e+06 -7.754e+05  6.348e+05 -2.914e+05   1.01e+06  -1.25e+06 -4.505e+05  1.867e+06  2.578e+06  2.172e+06  3.087e+06  1.172e+06  2.291e+06  9.725e+05  2.799e+06  1.241e+06  9.247e+05  1.298e+06  1.983e+06  2.981e+06  3.454e+06  4.094e+05  1.479e+06  5.379e+05  2.311e+06  9.823e+05  1.918e+06  2.962e+06  2.318e+06  3.869e+06  2.566e+06  2.594e+06  6.416e+05
