
 72

((monodelphis_domestica: 0.013514, (notamacropus_eugenii: 0.012878, sarcophilus_harrisii: 0.017979): 0.002593): 0.021350, ((choloepus_hoffmanni: 0.015833, dasypus_novemcinctus: 0.018728): 0.004121, ((echinops_telfairi: 0.028874, (procavia_capensis: 0.015797, loxodonta_africana: 0.012768): 0.002514): 0.003827, (((sorex_araneus: 0.025833, erinaceus_europaeus: 0.024334): 0.004465, ((pteropus_vampyrus: 0.011576, myotis_lucifugus: 0.020847): 0.002767, (((felis_catus: 0.000701, (panthera_tigris_altaica: 0.001441, panthera_pardus: 0.000380): 0.000445): 0.004708, (canis_familiaris: 0.006823, (mustela_putorius_furo: 0.007096, ailuropoda_melanoleuca: 0.006712): 0.001067): 0.001325): 0.003653, (equus_caballus: 0.010852, (vicugna_pacos: 0.012724, (sus_scrofa: 0.009040, (tursiops_truncatus: 0.008643, (bos_taurus: 0.003363, (ovis_aries: 0.003383, capra_hircus: 0.001626): 0.002058): 0.007183): 0.001354): 0.000723): 0.002498): 0.000378): 0.000241): 0.000495): 0.001678, ((tupaia_belangeri: 0.017985, ((oryctolagus_cuniculus: 0.013500, ochotona_princeps: 0.018515): 0.007049, (ictidomys_tridecemlineatus: 0.010442, (((fukomys_damarensis: 0.008284, heterocephalus_glaber_female: 0.007292): 0.002670, ((cavia_porcellus: 0.000638, cavia_aperea: 0.005406): 0.009677, (chinchilla_lanigera: 0.006221, octodon_degus: 0.010157): 0.001204): 0.001897): 0.007526, (dipodomys_ordii: 0.019806, (jaculus_jaculus: 0.017222, (nannospalax_galili: 0.010672, (((mesocricetus_auratus: 0.006526, cricetulus_griseus_chok1gshd: 0.004221): 0.002317, (peromyscus_maniculatus_bairdii: 0.006569, microtus_ochrogaster: 0.007509): 0.000461): 0.001862, ((mus_pahari: 0.002814, (mus_caroli: 0.001383, (mus_musculus: 0.000659, mus_spretus: 0.000727): 0.000697): 0.001139): 0.002492, rattus_norvegicus: 0.007334): 0.004074): 0.006116): 0.002666): 0.002519): 0.001502): 0.000504): 0.001602): 0.000763): 0.000272, ((otolemur_garnettii: 0.012502, (propithecus_coquereli: 0.004633, microcebus_murinus: 0.005575): 0.002866): 0.002652, (carlito_syrichta: 0.014202, (((aotus_nancymaae: 0.003229, callithrix_jacchus: 0.002935): 0.000116, (saimiri_boliviensis_boliviensis: 0.003007, cebus_capucinus: 0.002607): 0.000338): 0.003078, (((chlorocebus_sabaeus: 0.001166, ((papio_anubis: 0.000858, (cercocebus_atys: 0.001174, mandrillus_leucophaeus: 0.000868): 0.000130): 0.000131, (macaca_nemestrina: 0.000683, (macaca_mulatta: 0.000672, macaca_fascicularis: 0.000247): 0.000123): 0.000404): 0.000348): 0.000416, (colobus_angolensis_palliatus: 0.001601, (rhinopithecus_roxellana: 0.000418, rhinopithecus_bieti: 0.000984): 0.000985): 0.000577): 0.001751, (nomascus_leucogenys: 0.003026, (pongo_abelii: 0.002449, (gorilla_gorilla: 0.001130, ((pan_troglodytes: 0.000403, pan_paniscus: 0.000601): 0.000546, homo_sapiens: 0.000691): 0.000146): 0.000713): 0.000221): 0.000807): 0.001319): 0.004006): 0.000805): 0.001305): 0.001626): 0.001818): 0.000613): 0.029007, ornithorhynchus_anatinus: 0.084703);

  0.021350  0.013514  0.002593  0.012878  0.017979  0.029007  0.004121  0.015833  0.018728  0.000613  0.003827  0.028874  0.002514  0.015797  0.012768  0.001818  0.001678  0.004465  0.025833  0.024334  0.000495  0.002767  0.011576  0.020847  0.000241  0.003653  0.004708  0.000701  0.000445  0.001441  0.000380  0.001325  0.006823  0.001067  0.007096  0.006712  0.000378  0.010852  0.002498  0.012724  0.000723  0.009040  0.001354  0.008643  0.007183  0.003363  0.002058  0.003383  0.001626  0.001626  0.000272  0.017985  0.000763  0.007049  0.013500  0.018515  0.001602  0.010442  0.000504  0.007526  0.002670  0.008284  0.007292  0.001897  0.009677  0.000638  0.005406  0.001204  0.006221  0.010157  0.001502  0.019806  0.002519  0.017222  0.002666  0.010672  0.006116  0.001862  0.002317  0.006526  0.004221  0.000461  0.006569  0.007509  0.004074  0.002492  0.002814  0.001139  0.001383  0.000697  0.000659  0.000727  0.007334  0.001305  0.002652  0.012502  0.002866  0.004633  0.005575  0.000805  0.014202  0.004006  0.003078  0.000116  0.003229  0.002935  0.000338  0.003007  0.002607  0.001319  0.001751  0.000416  0.001166  0.000348  0.000131  0.000858  0.000130  0.001174  0.000868  0.000404  0.000683  0.000123  0.000672  0.000247  0.000577  0.001601  0.000985  0.000418  0.000984  0.000807  0.003026  0.000221  0.002449  0.000713  0.001130  0.000146  0.000546  0.000403  0.000601  0.000691  0.084703

 -11.343466  5.715585 -14.128781  7.815591  3.933960  5.330859 -8.069257  2.823765 -1.672988 27.978409  6.911899 -2.353484 -24.172239 13.037456  2.013883 54.123207 45.846574 -6.684988  3.322803  2.200260  8.210203 -7.272136 14.804294 11.549771 81.657304 58.162804  1.742681 45.993717  5.073450 10.071706 50.160580 33.287943 17.279202  3.674802  2.996223 15.958202 -12.149172 16.206089 26.188577  4.313023 13.624713  9.635896 27.697297 10.867734 55.388370 17.988538 41.293696 50.075455 53.863945 48.154910 -69.495011 -1.143586 48.094053 -11.809748  6.551882  5.522930 11.362554  7.474972  1.535907  5.823503  3.418139  6.207069 28.467839  6.980990  4.316817 22.616715  4.261049  6.306772 13.513241 13.764843  9.317855  4.821880 10.989868  1.858576 22.255151  8.597488 13.792352 23.760374 51.949878  3.858434  7.493457 -24.314943  4.811274  6.063945  8.932244 31.549102 38.820037 41.312988 109.800036 38.827717 38.475511 39.868874 39.024904 26.136063 25.107057 27.925815 19.529748 28.116755 18.495394 -0.065140 25.537396 29.720512 29.255918  3.082320 31.488777 36.568143 32.985605 31.876453 33.078158  5.915410  3.393386 77.491048 34.455999 92.047865 71.031970 115.794416 -0.847393 117.534628  7.704663 92.377799 112.622450 78.761579 107.123267 90.511533 134.209934  3.988987 -4.875326  0.307208  4.391519 90.209646 10.937883 -5.204945 12.923046 12.256784 25.768504 92.764813 69.094347 109.646976 113.227295 123.091650  4.438946


Hessian

 -7.054e+07 -3.179e+06 -1.043e+07 -2.004e+06 -5.717e+05 -3.053e+07  3.207e+06  1.489e+06  2.935e+06 -1.685e+07 -8.637e+05  1.317e+06  5.161e+05  1.074e+06  2.498e+06 -3.892e+06 -8.135e+05   1.81e+05    8.9e+05  8.053e+05 -2.443e+06  3.794e+05  1.374e+06  2.183e+06  -2.97e+06 -7.847e+05 -2.476e+04  2.746e+06  7.789e+05  4.303e+06  2.613e+06 -2.189e+05  7.761e+05 -1.586e+05  1.324e+06  2.646e+06  1.547e+05  1.698e+06 -5.803e+05  1.203e+06 -1.261e+06  9.701e+05 -2.012e+05  2.096e+06   1.76e+05  2.548e+06  1.395e+06   4.19e+06  4.119e+06 -1.394e+06 -4.128e+06  1.053e+06 -2.395e+06  2.157e+05  2.172e+06   1.13e+06 -1.654e+06  2.037e+05 -1.723e+06 -3.421e+05 -1.958e+05  1.785e+06  1.438e+06  5.716e+05   1.23e+06  3.524e+06  3.932e+06  1.293e+06  1.317e+06  1.743e+06 -1.679e+06  1.295e+06 -1.881e+06  1.139e+06 -1.051e+06  6.506e+05  1.351e+05 -2.643e+04  4.921e+05  1.993e+06  1.424e+06 -4.436e+05  1.299e+06  1.276e+06  1.945e+04  -4.47e+04  9.417e+05  4.689e+05   8.73e+05  2.322e+05  2.679e+06   1.38e+06  2.118e+06 -1.306e+06 -5.411e+05  1.578e+06  1.132e+06  2.321e+06  1.751e+06 -1.957e+06  1.125e+06 -3.906e+05  1.104e+05  2.111e+06  3.012e+06  1.599e+06  1.893e+06  2.007e+06  3.143e+06  1.745e+05  2.375e+04  7.813e+05  2.606e+06  3.697e+06  5.713e+05  4.208e+06  4.584e+06  5.608e+06  4.193e+06   3.67e+06  3.864e+06  4.154e+06  5.795e+06  4.796e+06  1.157e+06  3.232e+06  2.211e+06   4.68e+06  5.001e+06      4e+05  3.233e+06   4.49e+05  3.242e+06  1.349e+06  2.543e+06  1.289e+06  3.499e+06  3.595e+06    4.6e+06  3.054e+06  4.625e+05
 -3.179e+06 -1.649e+08  -3.61e+07  -5.47e+06 -4.515e+06 -8.272e+05  2.251e+06  1.591e+06  2.397e+06  6.174e+05  1.679e+06  2.026e+06  1.472e+06  1.935e+06  2.238e+06  1.244e+06  1.276e+06  1.659e+06  1.326e+06   1.56e+06  9.716e+05  2.504e+06  2.672e+06  2.889e+06  1.722e+06  5.973e+05   1.12e+06  2.095e+06 -6.355e+05  2.034e+06 -2.068e+05  9.346e+05  1.573e+06  3.105e+05  1.357e+06  2.173e+06  5.362e+04  2.054e+06    2.1e+06  1.411e+06  2.501e+06  1.341e+06  2.478e+06  2.601e+06  1.726e+06  1.487e+06  2.428e+06  3.269e+06  1.982e+06   1.19e+06  1.434e+06  1.675e+06  1.976e+05  1.695e+06  2.299e+06  1.842e+06   4.81e+05  1.591e+06  5.039e+05  1.644e+06  1.879e+06   2.29e+06  2.605e+06  2.278e+06   1.67e+06  3.321e+06  2.816e+06 -2.471e+05  1.698e+06  2.214e+06  1.608e+06  2.035e+06  6.679e+05  2.126e+06  1.508e+06  1.915e+06  1.454e+06  2.008e+05  8.199e+05  2.101e+06  1.831e+06 -2.005e+06  1.483e+06   1.26e+06   7.52e+05  4.184e+05  2.199e+06   7.96e+05  1.622e+06 -1.764e+05  3.237e+05  5.861e+05  1.741e+06  1.612e+06  9.488e+05  1.893e+06  1.941e+06  1.967e+06  1.892e+06  5.267e+05  1.682e+06  1.571e+06  1.551e+06 -1.743e+06  3.139e+06  7.532e+05  1.825e+06   2.23e+06  3.314e+06  1.395e+06  2.179e+06  7.976e+04  4.657e+05  8.425e+05 -3.833e+05  1.668e+06  3.072e+06  3.646e+06  2.485e+06   1.44e+06  1.229e+06  3.708e+06 -3.509e+05  1.538e+06   2.32e+06  1.971e+06  2.627e+06  2.735e+06  3.601e+06  1.295e+05  3.384e+06  1.654e+06  2.346e+06 -2.548e+05  3.287e+06  5.958e+05  1.627e+06  4.503e+06  1.848e+06  1.762e+06  8.768e+05
 -1.043e+07  -3.61e+07 -4.145e+08 -3.016e+07 -3.167e+07 -5.621e+06  2.719e+06  1.696e+06  2.828e+06  -3.48e+06  7.426e+05  1.745e+06  8.782e+05  1.109e+06  2.528e+06 -1.674e+06 -1.875e+06  8.088e+05  1.197e+06  1.477e+06 -1.408e+06  1.769e+06  2.063e+06  2.812e+06 -2.865e+05   4.26e+05 -2.338e+05  3.388e+06 -1.669e+06  3.923e+06  2.145e+06 -1.174e+06  6.194e+05 -1.817e+05  1.641e+06  2.601e+06  -1.94e+06  1.826e+06 -3.585e+05  1.079e+06  1.177e+06   2.35e+06  1.162e+06  1.809e+06  9.857e+05  8.866e+05  2.599e+06  4.104e+06  4.205e+06 -9.808e+05 -3.268e+06  1.118e+06  -1.56e+06  6.907e+05  2.393e+06  1.342e+06  -4.41e+05  1.592e+06  1.423e+05  1.001e+06  1.071e+06    2.1e+06  2.125e+06  2.518e+06  1.244e+06  3.603e+06  3.962e+06   6.03e+05  1.742e+06  2.155e+06  1.239e+06  2.043e+06  4.629e+05  1.351e+06 -5.541e+05  1.308e+06   1.31e+06  1.124e+06   1.09e+06  2.553e+06  1.184e+06 -3.432e+06 -4.932e+04  2.066e+06 -1.513e+05  7.597e+05  2.324e+06 -6.847e+05  1.117e+06 -1.795e+05  1.948e+06  1.035e+06  1.643e+06 -4.425e+05  7.979e+05  1.582e+06  1.927e+06  2.653e+06  1.827e+06 -1.254e+06  1.629e+06   2.74e+05  2.929e+05 -7.157e+05  2.886e+06  2.698e+06  3.291e+06  2.737e+06  3.366e+06 -3.669e+05  7.091e+05  2.796e+06   2.01e+06  2.136e+06 -7.744e+06  2.644e+06   3.71e+06  3.599e+06  4.969e+06  4.876e+06  1.501e+06   2.11e+06  4.248e+06  4.469e+06  1.989e+06  2.311e+06   2.95e+06  2.784e+06  3.275e+06 -9.825e+05   2.45e+06  3.899e+04  2.584e+06  7.054e+05   3.25e+06  4.235e+06  3.154e+06  5.522e+06  3.664e+06  2.494e+06  1.075e+06
 -2.004e+06  -5.47e+06 -3.016e+07 -1.504e+08 -4.177e+06 -8.975e+05  2.325e+06  9.687e+05  2.605e+06 -3.293e+05   1.12e+06  1.747e+06  1.256e+06   8.86e+05  2.603e+06  6.358e+05  1.416e+06  1.132e+06  1.305e+06  1.149e+06  4.079e+05  1.305e+06  6.823e+05  2.339e+06  8.121e+05  1.649e+06  1.732e+06  2.236e+06  1.487e+06  3.886e+06  1.293e+06  1.165e+06  2.035e+06   8.58e+05  2.452e+06  2.173e+06 -2.795e+06  2.265e+06  1.302e+06  7.222e+05  1.288e+06  2.094e+06  1.602e+06  1.929e+05  1.488e+06  2.435e+06  1.889e+06  2.657e+06  2.511e+06  1.978e+05  7.174e+05  1.294e+06  4.403e+05  1.429e+06  2.353e+06  9.243e+05 -3.132e+04  1.498e+06 -9.118e+05   1.31e+06  2.005e+06  2.046e+06  1.925e+06  1.965e+06  2.015e+06  2.712e+06  2.342e+06  1.456e+06  1.829e+06  1.113e+06  1.273e+06  2.169e+06  1.503e+06  1.835e+06  1.471e+06  1.604e+06  1.821e+06  1.268e+06  1.889e+06    2.1e+06  1.793e+06  1.208e+06  1.444e+06  1.875e+06  1.548e+06  1.266e+06  2.085e+06   9.29e+05  1.807e+06  1.664e+06  8.532e+05  1.988e+06  2.432e+06  3.943e+05  1.459e+06  2.149e+06  1.892e+06  2.005e+06  1.904e+06  9.252e+05  2.111e+06  1.604e+06  1.194e+06 -2.312e+06  2.748e+06  1.856e+06  1.735e+06  2.129e+06  2.649e+06  1.032e+06  1.627e+06  1.124e+06  1.947e+06  2.487e+06  2.373e+06  1.665e+06  4.862e+06   2.71e+06  3.417e+06  3.371e+06  2.535e+06  2.293e+06  2.982e+06  1.201e+06  2.232e+06  2.344e+06   2.21e+06  1.345e+06  2.799e+06 -6.432e+05  2.073e+06      -9830  1.075e+06  1.058e+06  2.066e+06  3.886e+05  1.863e+06  4.591e+06  2.517e+06  1.704e+06  1.251e+06
 -5.717e+05 -4.515e+06 -3.167e+07 -4.177e+06 -1.167e+08  6.721e+05  2.341e+06  1.671e+06  2.006e+06  1.496e+06  2.705e+06   2.23e+06  2.323e+06  2.125e+06  2.053e+06  1.414e+06  2.618e+06  2.114e+06  1.664e+06  1.958e+06  1.468e+06  2.909e+06  2.871e+06  2.127e+06  2.062e+06  2.151e+06  2.751e+06  1.587e+06  5.798e+05  1.774e+06  3.863e+06  1.522e+06    1.6e+06  9.951e+05  1.794e+06  1.312e+06  1.847e+06  2.419e+06  2.873e+06  1.508e+06  2.148e+06  2.422e+06   2.36e+06  2.958e+06  2.385e+06  1.491e+06   2.55e+06  1.216e+06  1.929e+06  2.965e+06  2.258e+06  1.744e+06  1.404e+06  2.576e+06  2.256e+06  2.128e+06  2.628e+06  1.959e+06  1.681e+05  2.659e+06  2.343e+06   2.11e+06  2.216e+06  2.018e+06  2.118e+06  2.886e+06  1.631e+06  2.037e+06  2.551e+06  2.493e+06  2.096e+06  2.111e+06  2.665e+06  2.344e+06  2.344e+06  2.106e+06  2.381e+06  2.001e+06  2.159e+06  2.229e+06  1.977e+06  2.676e+06  2.221e+06  2.612e+06  2.481e+06  1.641e+06  3.364e+06  3.313e+06  2.133e+06  2.872e+06  2.317e+06  2.726e+06  2.547e+06  2.415e+06  2.073e+06  2.038e+06  2.865e+06  2.639e+06  2.122e+06  1.223e+06  1.597e+06  1.815e+06  2.617e+06 -1.338e+06  1.554e+06  2.185e+06  2.961e+06  1.365e+06   2.76e+06  2.664e+06    1.1e+06  2.282e+06  1.094e+06   1.52e+06 -3.626e+05  1.035e+06 -2.099e+06  3.675e+06  4.086e+04  3.809e+06   1.22e+06  1.648e+06  1.098e+06  3.017e+06  2.149e+06  2.283e+06  2.903e+06  1.384e+06  2.175e+06   2.09e+06  2.892e+06  3.488e+06  2.436e+06  3.283e+06  2.419e+06   1.98e+06  2.771e+06  4.106e+06  9.672e+05  2.752e+06  1.077e+06
 -3.053e+07 -8.272e+05 -5.621e+06 -8.975e+05  6.721e+05 -6.187e+07  3.444e+06  1.433e+06   2.89e+06 -2.705e+07 -1.386e+06  8.782e+05 -5.647e+04  7.473e+05  2.284e+06 -5.096e+06 -1.873e+06 -1.181e+06  4.594e+05  4.172e+05 -3.362e+06 -4.243e+05  1.195e+06  1.581e+06 -4.372e+06 -2.301e+06 -4.239e+05  2.165e+06  1.152e+06  4.301e+06  2.001e+06 -1.159e+06  4.577e+05 -1.161e+06  8.306e+05   2.13e+06 -2.461e+06  1.124e+06 -1.699e+06  9.466e+05 -2.623e+06  4.446e+05 -1.112e+06  1.705e+06  -5.71e+05  2.569e+06  1.128e+06  3.846e+06  3.642e+06 -2.639e+06 -5.195e+06  7.914e+05 -4.211e+06  -7.87e+05  1.745e+06  6.614e+05 -2.941e+06 -3.617e+04 -4.394e+06 -1.146e+06 -4.375e+05  1.868e+06  1.655e+06 -4.252e+05  7.185e+05  3.521e+06  4.025e+06  8.031e+05  9.501e+05   1.44e+06 -2.951e+06  9.653e+05 -2.229e+06   8.84e+05 -1.668e+06  4.572e+05 -4.324e+05  4.794e+05  8.126e+04  1.708e+06  1.283e+06 -1.632e+06  9.621e+05   7.96e+05 -6.686e+05 -3.675e+05  6.039e+05  7.993e+04  4.728e+05 -2.535e+05  2.483e+06  1.674e+06  2.117e+06 -2.209e+06 -6.006e+05  1.392e+06  2.663e+05  2.183e+06  1.407e+06 -3.316e+06  7.079e+05 -1.194e+06 -2.946e+05  2.215e+06  2.788e+06  1.688e+06   1.96e+06  1.811e+06  2.695e+06  1.169e+04  4.664e+05  2.307e+05  2.481e+06  1.767e+06  1.576e+06   3.85e+06  3.021e+06  5.234e+06  4.618e+06  3.681e+06  4.198e+06  4.016e+06  5.467e+06  4.236e+06  1.034e+06  3.022e+06  1.798e+06  3.797e+06  4.888e+06   1.86e+04  3.175e+06    8.7e+05  3.104e+06  1.541e+06  2.552e+06 -1.995e+05  3.074e+06  4.345e+06  4.913e+06  2.016e+06  7.163e+05
  3.207e+06  2.251e+06  2.719e+06  2.325e+06  2.341e+06  3.444e+06 -3.233e+08 -1.898e+07  -6.35e+07  -1.63e+08 -3.329e+06 -2.228e+05 -2.993e+06 -2.489e+05 -6.331e+05 -3.235e+07 -1.389e+07 -3.116e+06 -3.831e+05 -3.287e+05 -2.277e+07 -8.025e+06 -2.228e+06 -5.556e+05 -2.204e+07 -8.611e+06 -5.503e+06 -1.842e+05 -3.689e+06  2.371e+06 -4.076e+06 -5.931e+06 -1.893e+06 -7.232e+06 -2.786e+06 -2.095e+05 -1.904e+07 -2.339e+06 -1.173e+07 -4.384e+05 -1.182e+07 -3.167e+06 -8.469e+06 -1.778e+06 -5.444e+06  9.602e+05 -2.758e+06   1.15e+06 -3.636e+05 -1.288e+07 -1.678e+07 -1.032e+06 -1.689e+07 -4.356e+06  5.774e+04 -5.615e+04 -1.058e+07 -2.618e+06 -1.432e+07 -4.208e+06 -2.062e+06 -2.765e+05  7.545e+05 -1.867e+06 -2.881e+05  2.506e+06  3.937e+06 -2.613e+06 -3.388e+05  2.755e+05 -8.914e+06 -4.806e+05 -5.739e+06 -1.253e+05 -2.672e+06 -5.289e+05 -7.353e+05  4.234e+05 -1.969e+05  9.586e+05  1.042e+06 -3.049e+06  1.667e+05  2.198e+05 -1.047e+06 -1.066e+06  5.049e+05  8.716e+05  3.566e+05  1.415e+06  1.846e+05  3.737e+06  1.269e+06 -1.128e+07 -7.581e+06 -1.293e+06 -5.519e+06 -2.176e+05 -2.137e+06 -1.256e+07 -1.101e+06 -7.778e+06 -2.998e+06 -5.172e+06  2.034e+06 -2.344e+06 -4.995e+06  3.657e+05 -1.031e+04 -5.194e+06 -1.058e+06 -3.398e+06 -1.477e+06 -6.383e+05  7.834e+05  2.813e+06  9.747e+05  3.041e+06  2.539e+06 -3.794e+06  7.819e+05  1.619e+06  3.609e+06  1.462e+06  1.583e+06  8.338e+05  5.712e+05  2.121e+06  3.248e+06 -1.478e+06  7.308e+05 -2.313e+06  8.947e+05 -2.172e+06  1.171e+06 -1.593e+06 -4.384e+05  2.315e+06  3.277e+06 -8.065e+04  1.485e+06
  1.489e+06  1.591e+06  1.696e+06  9.687e+05  1.671e+06  1.433e+06 -1.898e+07  -9.82e+07   1.33e+06 -1.212e+07 -8.864e+05   6.86e+05 -4.625e+05 -2.948e+05  7.875e+05 -4.119e+06 -1.879e+06 -1.067e+05  7.649e+05  7.041e+05 -3.909e+06 -1.537e+06 -7.923e+05  1.138e+06 -4.159e+06 -8.227e+05  3.081e+05  6.795e+05 -4.125e+05  1.596e+06 -4.284e+04 -1.682e+05  7.159e+05  5.979e+05   8.69e+05  3.366e+05 -4.191e+06  1.475e+05 -2.605e+06 -7.995e+05  -1.23e+06   2.69e+05  -9.49e+05 -8.356e+05 -4.956e+05  7.633e+05  1.349e+06  1.242e+06 -4.309e+05 -1.406e+06 -2.379e+06  5.477e+04 -1.457e+06  1.017e+05  1.196e+06  8.228e+05 -1.833e+06  5.533e+05 -5.679e+06  6.091e+05  8.444e+05  6.982e+05  1.023e+06  6.315e+05  1.306e+06  2.052e+06  2.174e+06  1.318e+06  1.413e+06  1.002e+06 -5.421e+05  1.143e+06  2.591e+05  1.234e+06    1.9e+05  9.936e+05  1.312e+06  1.765e+06  7.802e+05  1.655e+06   1.15e+06  1.142e+06  1.917e+06  1.553e+06  9.378e+05   1.23e+06  1.213e+06  1.374e+06  2.339e+06   2.78e+06  1.286e+06   9.16e+04   1.82e+06 -1.422e+06 -1.259e+06  9.178e+05 -8.542e+05  9.114e+05  9.015e+05 -1.957e+06  9.054e+05 -1.165e+06 -1.497e+05 -2.635e+06  8.224e+04  6.855e+05  4.026e+05  1.137e+06  9.977e+05 -1.088e+06  1.084e+05 -3.139e+05 -3.793e+04  2.044e+06 -9.909e+05 -2.631e+05 -8.786e+05  2.342e+06  1.552e+06  6.133e+05  -1.24e+06 -6.517e+05  1.709e+06  3.099e+06 -5.139e+05  1.124e+06  1.883e+06  1.419e+06  7.747e+05 -3.338e+05  1.484e+06 -2.686e+06 -2.285e+05 -5.169e+05  9.621e+05 -1.314e+06  1.319e+06  1.961e+06 -1.805e+06  7.252e+05  1.076e+06
  2.935e+06  2.397e+06  2.828e+06  2.605e+06  2.006e+06   2.89e+06  -6.35e+07   1.33e+06 -1.263e+08 -4.317e+07 -7.281e+05  1.019e+06 -2.646e+05  1.045e+06  5.171e+05 -1.209e+07 -5.765e+06 -4.935e+05  9.159e+05  9.578e+05 -7.743e+06 -2.488e+06    6.5e+05  1.783e+05 -1.033e+07 -2.557e+06 -1.513e+06 -1.646e+06 -1.946e+06  1.722e+06 -4.571e+06 -3.611e+06 -1.349e+06 -2.919e+06 -9.057e+05 -2.446e+05 -8.156e+06  4.632e+04 -4.383e+06  8.366e+05 -5.871e+06 -6.403e+05 -3.621e+06  7.825e+05 -1.697e+06  8.214e+05 -5.615e+05  1.377e+06 -2.242e+05 -5.857e+06 -8.801e+06  6.254e+05 -6.682e+06 -1.267e+06  6.257e+05  1.211e+06 -3.623e+06  -4.36e+04 -5.673e+06 -9.064e+05   2.44e+05  1.419e+06  1.386e+06 -4.352e+05   1.04e+06  3.242e+06  2.745e+06 -2.751e+05  4.567e+05  1.147e+06 -3.959e+06  8.016e+05 -1.263e+06  1.237e+06 -4.946e+05  1.244e+06  2.123e+06  1.903e+06  1.738e+06  2.114e+06  2.065e+06  1.144e+06  1.614e+06  2.044e+06  1.389e+06  1.647e+06  2.543e+06  3.264e+06  3.003e+06  2.349e+06  1.929e+06  4.457e+06  2.204e+06 -5.004e+06 -2.874e+06  2.814e+05 -1.869e+06  9.215e+05 -5.076e+05 -4.819e+06  8.663e+04 -1.988e+06 -1.323e+05 -5.235e+06  1.392e+06  4.551e+05 -8.022e+05  3.428e+05  7.783e+05 -7.981e+05  8.304e+05  4.822e+04 -1.024e+06  8.061e+05  1.339e+06  1.615e+06 -1.697e+06  3.546e+05  1.534e+06 -8.273e+06  2.814e+06  1.709e+06  1.565e+06 -8.701e+05  2.715e+06  1.549e+06  8.925e+05  1.562e+06  3.705e+06 -1.359e+06  1.163e+06  1.036e+06  1.149e+06 -6.418e+05  7.112e+05   6.48e+05 -1.043e+06 -3.351e+06  1.494e+06  1.127e+06  1.554e+06
 -1.685e+07  6.174e+05  -3.48e+06 -3.293e+05  1.496e+06 -2.705e+07  -1.63e+08 -1.212e+07 -4.317e+07 -1.564e+09 -9.168e+06 -1.329e+06 -6.008e+06 -1.519e+06 -6.549e+05  -8.95e+07 -1.846e+07 -9.154e+06 -2.777e+06  -2.57e+06  -4.24e+07 -1.645e+07 -3.794e+06 -2.163e+06 -4.948e+07 -1.777e+07   -9.7e+06 -7.775e+04 -1.502e+06  5.543e+06 -2.805e+06 -1.245e+07 -6.315e+06 -1.497e+07 -6.898e+06 -2.125e+06  -2.86e+07  -6.63e+06 -2.111e+07 -2.442e+06 -2.328e+07 -8.444e+06 -1.613e+07 -2.834e+06 -1.097e+07 -4.561e+05 -5.743e+06  1.607e+06  -1.36e+05 -1.872e+07 -4.671e+07 -3.076e+06 -3.364e+07 -9.976e+06 -2.604e+06 -2.553e+06 -2.239e+07 -7.181e+06 -3.582e+07 -1.301e+07  -6.54e+06 -1.453e+06  -1.28e+06 -7.646e+06 -2.845e+06  1.519e+06  3.644e+06 -5.426e+06 -2.754e+06  -2.15e+06 -1.694e+07 -3.146e+06 -1.607e+07 -2.329e+06 -8.706e+06 -2.359e+06 -3.165e+06 -2.748e+06 -5.081e+06 -2.762e+06 -2.424e+06 -1.264e+07 -2.642e+06 -3.726e+06 -6.539e+06 -8.155e+06   7.06e+05 -1.519e+06  1.659e+05 -8.223e+05 -2.097e+06 -3.988e+06  6.447e+05 -2.237e+07 -1.429e+07 -3.717e+06 -9.816e+06 -3.799e+06 -5.486e+06 -1.929e+07 -5.593e+06 -1.541e+07 -8.719e+06 -2.627e+06 -9.368e+05 -2.414e+05   -5.3e+06 -2.305e+06 -4.339e+06 -7.794e+06 -3.486e+06 -3.676e+06  -1.25e+07 -4.354e+06  -2.94e+06  3.971e+06 -9.519e+06 -1.724e+06  4.099e+06  1.105e+06 -6.249e+05 -1.188e+07  4.493e+06 -1.259e+07   2.56e+06  3.882e+06 -6.351e+06   3.89e+06  2.644e+06 -3.911e+06  1.417e+06 -4.307e+06 -2.663e+06 -5.501e+06  1.357e+06  3.916e+06 -7.505e+06  5.801e+06  3.702e+06 -1.782e+06  1.281e+06
 -8.637e+05  1.679e+06  7.426e+05   1.12e+06  2.705e+06 -1.386e+06 -3.329e+06 -8.864e+05 -7.281e+05 -9.168e+06 -5.487e+08 -4.115e+06 -1.552e+08 -9.499e+06  -2.29e+07 -8.097e+07 -1.541e+07 -9.418e+06   -2.5e+06 -2.758e+06 -2.595e+07  -1.59e+07 -6.115e+06 -2.338e+06 -3.809e+07 -1.371e+07 -9.546e+06 -6.284e+06 -6.432e+06  4.886e+06 -3.072e+04 -1.349e+07 -5.361e+06  -9.46e+06 -5.411e+06 -2.163e+06 -2.725e+07 -5.271e+06 -1.965e+07 -2.554e+06 -2.124e+07 -7.106e+06 -1.708e+07 -3.574e+06 -1.139e+07 -7.109e+05 -3.962e+06  2.996e+06  1.544e+06 -1.737e+07   -3.1e+07 -4.055e+06 -3.128e+07 -1.024e+07 -1.693e+06 -3.172e+06 -2.163e+07 -7.813e+06 -2.625e+07 -9.768e+06 -4.412e+06 -6.918e+05 -7.405e+05  -8.78e+06 -3.442e+06  2.409e+06  4.881e+06 -7.745e+06 -2.812e+06 -1.575e+06 -1.882e+07  -2.56e+06 -1.589e+07  -2.99e+06 -1.133e+07  -2.21e+06 -6.671e+06 -3.745e+06 -3.634e+06  5.451e+05 -2.833e+04 -4.014e+06 -1.659e+06 -2.079e+06 -3.882e+06 -3.846e+06 -1.559e+06 -2.503e+06 -1.282e+06 -2.397e+06  9.249e+05 -6.782e+04  6.253e+05 -1.811e+07 -1.601e+07 -4.433e+06 -1.059e+07 -3.097e+06 -4.306e+06 -2.232e+07  -3.73e+06 -1.111e+07 -7.338e+06 -3.378e+06  1.738e+06 -2.926e+06 -7.175e+06 -2.533e+06  7.565e+05 -8.117e+06 -5.679e+06 -3.056e+06 -2.002e+06   1.91e+06 -8.271e+06  4.437e+06 -3.437e+06  4.692e+06  4.297e+06  2.888e+06  3.903e+06  2.818e+06  4.589e+06  1.785e+06 -2.958e+06  1.576e+05 -5.637e+05  3.255e+06  5.398e+06 -7.399e+06    7.7e+05  -8.12e+06  6.864e+05 -3.454e+06  1.926e+06 -5.274e+06  1.859e+06  3.018e+06  5.361e+06  1.348e+05  1.354e+06
  1.317e+06  2.026e+06  1.745e+06  1.747e+06   2.23e+06  8.782e+05 -2.228e+05   6.86e+05  1.019e+06 -1.329e+06 -4.115e+06  -6.87e+07  5.354e+04 -6.938e+05  1.153e+06 -2.107e+06 -2.161e+06 -3.127e+06 -2.741e+05 -8.872e+04 -1.305e+06 -1.586e+06     -913.4  7.277e+05 -3.025e+06 -1.379e+06 -1.055e+06  3.725e+05 -3.691e+05  3.066e+06 -3.228e+05 -2.004e+06 -1.146e+05  -2.56e+06  2.368e+05  7.427e+05 -3.534e+06  4.058e+05 -2.478e+06  1.598e+05 -2.961e+06 -3.816e+05 -2.305e+06  7.758e+05 -1.299e+06  1.701e+06  1.357e+05  2.637e+06  2.186e+06 -1.985e+06 -7.334e+06 -4.145e+05 -4.746e+06 -1.946e+06  5.339e+05  8.684e+04 -2.267e+06 -1.562e+04 -4.194e+06 -1.376e+06  -1.96e+05  1.212e+06  1.262e+06 -7.132e+05  6.257e+05  2.054e+06  2.739e+06  2.024e+05  4.161e+05  7.087e+05 -3.608e+06  5.929e+05  -1.92e+06  5.146e+05 -1.269e+06  5.796e+05 -3.747e+05  4.522e+05  1.839e+05  1.361e+06  7.314e+05 -1.144e+05  7.895e+05  9.388e+05 -2.315e+05       4477  9.982e+05   6.81e+04   3.17e+05  2.251e+05  1.596e+06  2.302e+06  1.374e+06 -2.107e+06 -1.554e+06  8.899e+05 -2.286e+05  1.335e+06  9.775e+04 -3.218e+06 -1.839e+05 -1.069e+06  -5.97e+04 -7.136e+05  1.874e+06  6.198e+05  1.516e+05  1.035e+06  1.725e+06 -1.103e+06  1.092e+06  5.772e+05   1.92e+06  1.684e+06   1.33e+06  2.523e+06  4.926e+06  2.535e+06  2.796e+06 -7.698e+05  1.732e+06       9143   3.26e+06  2.588e+06  6.051e+05  1.581e+06   1.91e+06  3.285e+06  2.585e+06 -5.588e+05  1.856e+06 -8.621e+05   2.08e+06  1.669e+06  2.012e+06 -9.769e+05  2.498e+06  2.573e+05  2.309e+06  1.583e+06  1.016e+06
  5.161e+05  1.472e+06  8.782e+05  1.256e+06  2.323e+06 -5.647e+04 -2.993e+06 -4.625e+05 -2.646e+05 -6.008e+06 -1.552e+08  5.354e+04 -6.031e+08 -2.217e+07 -5.431e+07 -3.666e+07 -1.233e+07 -4.696e+06 -7.025e+05 -9.276e+05 -2.641e+07 -9.892e+06 -3.289e+06   -8.9e+05  -2.99e+07 -1.003e+07 -7.488e+06 -2.161e+06 -7.111e+06  4.811e+06 -7.523e+06 -9.009e+06 -4.142e+06 -7.986e+06 -2.028e+06 -1.829e+06  -3.53e+07 -4.737e+06 -1.274e+07 -2.054e+06 -1.471e+07 -4.299e+06 -1.285e+07 -3.424e+06 -6.376e+06 -2.006e+06 -3.289e+06  1.876e+06  4.128e+05 -1.401e+07 -2.013e+07 -1.425e+06 -1.641e+07 -6.271e+06 -3.852e+05 -1.051e+06 -1.438e+07 -5.491e+06 -2.076e+07 -6.517e+06 -2.845e+06  -9.17e+04  2.698e+05 -3.894e+06  -2.49e+06  7.172e+05  4.051e+06 -7.188e+06 -1.741e+06 -6.236e+05 -1.266e+07 -1.527e+06 -9.155e+06 -1.265e+06 -8.009e+06 -1.639e+06 -3.257e+06 -2.593e+06 -1.401e+06   3.62e+05  1.757e+06  1.069e+06 -5.065e+05 -1.886e+06 -3.141e+06 -1.285e+06 -4.501e+05  6.167e+05 -1.206e+06 -3.373e+06 -1.945e+06  1.404e+06   5.45e+04 -1.822e+07 -1.116e+07 -2.869e+06 -9.219e+06 -3.629e+06  -2.62e+06 -1.872e+07 -2.236e+06  -9.22e+06 -6.358e+06 -1.283e+07  4.436e+05 -1.636e+06 -3.263e+06 -6.367e+05 -1.942e+06  -8.07e+06 -6.478e+06 -2.792e+06 -1.168e+06 -9.408e+05 -8.836e+06  1.586e+05  -6.21e+06  1.614e+06  3.481e+06 -5.958e+06  2.236e+06 -3.872e+06 -8.317e+05  1.458e+06 -3.926e+06  1.515e+06  7.528e+05   5.92e+06  3.596e+06 -7.307e+06 -7.716e+05 -6.431e+06  2.344e+05 -4.046e+06    3.5e+05 -1.174e+07 -4.252e+06 -2.767e+06 -5.087e+05 -1.427e+05  1.492e+06
  1.074e+06  1.935e+06  1.109e+06   8.86e+05  2.125e+06  7.473e+05 -2.489e+05 -2.948e+05  1.045e+06 -1.519e+06 -9.499e+06 -6.938e+05 -2.217e+07 -1.476e+08   6.33e+05 -6.032e+06 -3.305e+06 -2.317e+06 -1.785e+05 -1.488e+05 -5.137e+06 -4.444e+06 -3.169e+06  7.466e+05  -7.51e+06 -4.162e+06  -3.09e+06 -5.115e+05 -1.262e+06  4.584e+06   1.56e+06 -3.673e+06 -2.191e+05 -1.973e+06 -5.783e+05  5.039e+05 -1.002e+07 -4.941e+05 -6.377e+06 -1.064e+06 -6.415e+06 -1.413e+06 -4.159e+06 -2.459e+06 -3.039e+06  9.358e+05 -2.464e+06   2.58e+06  9.088e+05 -3.642e+06 -9.174e+06 -6.077e+05 -8.492e+06 -3.114e+06  7.862e+05  -7.47e+05 -4.871e+06 -1.203e+06 -1.019e+07 -3.138e+06 -1.047e+06   7.86e+05  1.066e+06  -1.23e+06 -2.194e+04  2.357e+06  3.232e+06 -1.865e+06 -8.325e+05 -1.725e+05  -4.16e+06  5.018e+05 -3.544e+06 -4.118e+05 -3.767e+06 -3.159e+05 -1.234e+06 -4.172e+05 -5.785e+05  1.501e+06  6.622e+05 -1.446e+06  2.605e+05 -2.045e+04 -1.864e+06  -8.68e+05 -2.013e+05 -1.004e+06 -3.525e+05  4.955e+05 -2.008e+05  5.488e+05  3.806e+05 -4.984e+06 -3.687e+06 -7.405e+05 -2.223e+06  1.968e+05 -4.933e+05 -5.255e+06 -4.983e+05 -3.293e+06 -2.222e+06 -2.337e+06  7.285e+05 -5.869e+05 -2.209e+06  4.798e+05  1.067e+06 -2.448e+06 -2.189e+06 -2.256e+06 -9.141e+05  4.901e+05 -6.145e+05  1.931e+06  5.392e+05  3.227e+06  2.999e+06   1.54e+06  3.787e+06 -3.012e+05  2.408e+06  1.318e+06  1.526e+06  1.346e+06  4.378e+05  3.323e+06  3.896e+06 -2.823e+06  1.586e+06 -2.557e+06 -1.053e+06 -1.307e+06  1.148e+06  -6.18e+05  9.643e+05  3.469e+06  2.981e+06 -6.663e+05  1.299e+06
  2.498e+06  2.238e+06  2.528e+06  2.603e+06  2.053e+06  2.284e+06 -6.331e+05  7.875e+05  5.171e+05 -6.549e+05  -2.29e+07  1.153e+06 -5.431e+07   6.33e+05 -2.106e+08 -7.434e+06 -2.232e+06   3.78e+05  1.169e+06  1.376e+06 -5.604e+06 -7.946e+05  1.244e+06   -2.2e+05 -1.233e+07 -2.307e+06 -8.597e+05  2.416e+05 -1.736e+06  6.713e+05  -1.84e+06 -5.416e+06 -1.071e+06 -2.987e+06  6.512e+05 -2.872e+06 -1.083e+07  -2.61e+06 -2.876e+06  4.583e+05 -2.812e+06 -2.401e+04 -2.434e+06  8.786e+05 -8.215e+05 -2.064e+06 -7.782e+05 -1.311e+06 -1.161e+06 -3.105e+06  -5.85e+06  7.071e+05 -3.832e+06 -1.217e+05  3.252e+05  1.568e+06 -5.003e+06 -1.746e+05 -7.107e+06  3.977e+05  4.288e+05  7.881e+05  1.455e+06  8.901e+05  8.124e+05   2.15e+06  2.106e+06 -8.594e+05  7.143e+05  1.584e+06 -1.602e+06    1.3e+06 -9.465e+05  1.358e+06 -8.191e+05   1.84e+06  1.768e+06   1.31e+06  2.022e+06  1.605e+06   2.18e+06 -2.449e+06  1.865e+06  9.155e+05  1.634e+06  1.986e+06  2.913e+06  1.869e+06   3.67e+06  2.058e+06 -2.799e+06  3.287e+06  1.454e+06 -4.701e+06 -2.603e+06 -7.946e+05 -1.468e+06  -9.45e+04  6.337e+05 -4.897e+06   5.44e+05 -1.159e+06  3.802e+05 -1.087e+07  9.506e+05 -5.687e+05 -1.579e+06 -7.083e+05 -9.519e+05 -1.361e+06 -1.758e+05  -1.11e+06 -4.493e+06 -1.913e+06 -4.329e+06 -4.863e+06 -1.412e+06 -6.009e+04 -6.085e+05 -7.762e+06  3.581e+05  4.291e+05 -4.776e+06 -1.274e+06 -2.041e+06  1.875e+06  1.218e+05 -1.103e+06  2.566e+06 -1.619e+06  2.348e+06 -1.468e+06  7.048e+05 -9.562e+05  1.443e+06  1.153e+06 -4.673e+06 -7.155e+05  3.097e+05 -2.407e+06   1.62e+06
 -3.892e+06  1.244e+06 -1.674e+06  6.358e+05  1.414e+06 -5.096e+06 -3.235e+07 -4.119e+06 -1.209e+07  -8.95e+07 -8.097e+07 -2.107e+06 -3.666e+07 -6.032e+06 -7.434e+06 -1.334e+09 -3.064e+07 -1.171e+07 -2.896e+06  -3.98e+06 -3.631e+07 -1.882e+07 -8.505e+06 -3.211e+06 -6.763e+07 -2.122e+07 -1.415e+07   -7.9e+06 -1.076e+07  2.915e+06 -1.019e+07 -1.871e+07 -7.993e+06 -1.629e+07  -7.67e+06 -4.247e+06 -4.663e+07 -1.066e+07 -2.924e+07 -3.358e+06 -2.809e+07 -1.045e+07 -2.175e+07 -5.847e+06 -1.438e+07  -9.56e+05 -5.103e+06   2.67e+04  2.215e+06 -3.462e+07 -3.635e+07 -5.366e+06 -3.915e+07 -1.305e+07 -3.488e+06 -4.386e+06 -2.482e+07 -8.767e+06 -3.222e+07 -1.554e+07  -8.37e+06 -1.761e+06 -1.846e+06 -1.073e+07 -3.632e+06  9.117e+05  4.646e+06 -6.615e+06 -5.157e+06 -1.276e+06  -2.25e+07 -5.077e+06 -1.635e+07  -2.86e+06 -1.552e+07 -4.432e+06 -8.051e+06 -8.103e+06 -5.983e+06  -1.33e+06 -2.119e+06 -6.485e+06 -3.746e+06 -3.642e+06 -8.363e+06 -9.236e+06 -3.011e+06 -5.653e+06 -6.001e+05 -7.155e+06 -4.256e+06  7.361e+05 -2.262e+06 -2.998e+07 -2.061e+07 -6.789e+06 -1.394e+07 -5.971e+06 -6.307e+06 -3.405e+07 -5.729e+06 -2.188e+07 -9.673e+06 -1.014e+07  2.174e+06 -5.918e+06 -1.648e+06 -4.418e+06 -1.428e+06 -1.348e+07 -7.692e+06 -3.699e+06 -1.176e+06 -1.163e+06  -7.08e+06  1.642e+06  7.241e+05  2.114e+06   2.12e+06 -7.739e+05  3.478e+06 -3.574e+06  3.958e+06  8.777e+06  1.222e+06  1.455e+05 -3.915e+06  5.336e+06  2.403e+06 -1.048e+07  2.103e+06  -6.46e+06 -3.517e+06 -7.475e+06 -2.635e+06 -1.294e+07 -1.025e+06  1.759e+06  1.179e+06 -5.168e+06  8.808e+05
 -8.135e+05  1.276e+06 -1.875e+06  1.416e+06  2.618e+06 -1.873e+06 -1.389e+07 -1.879e+06 -5.765e+06 -1.846e+07 -1.541e+07 -2.161e+06 -1.233e+07 -3.305e+06 -2.232e+06 -3.064e+07 -1.592e+09 -1.598e+06 -6.834e+05 -1.205e+06 -5.666e+08 -1.604e+07   -7.4e+06 -1.698e+06  -2.11e+08 -3.924e+07 -2.114e+07 -7.399e+06 -1.091e+07   3.95e+06 -1.369e+07 -2.677e+07 -1.132e+07  -2.02e+07 -8.077e+06 -4.579e+06 -8.212e+07  -1.22e+07  -3.58e+07 -3.576e+06 -3.397e+07 -1.197e+07 -2.364e+07 -7.185e+06 -1.271e+07 -2.811e+06 -1.016e+07  3.269e+06 -6.657e+05 -1.122e+08 -4.241e+07 -6.177e+06 -4.146e+07 -1.544e+07 -5.431e+06 -3.877e+06 -3.253e+07 -1.125e+07 -3.838e+07 -1.725e+07 -6.054e+06 -1.392e+06  -4.82e+05 -6.926e+06 -4.545e+06  3.263e+06  4.969e+06 -8.816e+06  -4.27e+06 -4.425e+06 -2.466e+07 -5.255e+06 -1.923e+07 -3.484e+06 -1.081e+07 -3.355e+06 -5.067e+06 -4.569e+06 -4.826e+06  3.774e+05 -2.201e+06 -6.069e+06 -2.481e+06 -5.177e+06 -5.718e+06 -5.911e+06  -7.72e+05 -3.886e+04  4.456e+05 -3.621e+05 -7.909e+06  4.736e+06  -1.17e+06 -4.098e+07 -2.724e+07 -6.572e+06 -1.886e+07 -5.481e+06 -8.756e+06 -4.349e+07 -6.015e+06 -2.784e+07 -1.173e+07 -1.401e+07 -6.209e+05 -7.631e+06 -1.632e+07 -2.825e+06 -2.544e+06 -1.366e+07 -7.264e+06 -8.837e+06 -2.938e+06 -4.913e+06 -9.238e+06  3.628e+05  3.653e+06 -2.198e+05  2.702e+06 -8.235e+06 -3.021e+06 -1.162e+07  1.258e+06 -6.604e+06 -3.333e+06 -1.526e+06 -2.942e+06   2.86e+06  8.321e+05 -9.978e+06 -5.882e+05 -2.403e+07  -5.72e+04 -9.731e+06 -1.099e+05 -1.833e+07  1.417e+06  -1.04e+07   7.29e+05 -5.765e+06  1.495e+06
   1.81e+05  1.659e+06  8.088e+05  1.132e+06  2.114e+06 -1.181e+06 -3.116e+06 -1.067e+05 -4.935e+05 -9.154e+06 -9.418e+06 -3.127e+06 -4.696e+06 -2.317e+06   3.78e+05 -1.171e+07 -1.598e+06 -2.486e+08 -2.378e+07 -3.413e+07 -2.148e+07 -9.046e+06 -4.395e+06 -2.233e+06 -1.463e+07 -1.006e+07 -6.669e+06 -1.239e+06  -2.18e+06  3.938e+06 -1.197e+07  -1.03e+07 -5.274e+06 -1.092e+07 -4.239e+06  -2.13e+06 -1.556e+07 -4.234e+06 -1.379e+07 -5.117e+06 -1.762e+07 -4.705e+06 -8.883e+06 -2.732e+06 -8.423e+06 -1.884e+05 -2.652e+06  2.499e+06  1.824e+06 -8.428e+06 -2.745e+07 -4.433e+06 -2.348e+07 -8.254e+06 -1.345e+06 -2.597e+06 -1.253e+07 -4.365e+06 -2.407e+07 -7.083e+06 -6.865e+06 -7.693e+05 -2.566e+06 -4.607e+06 -1.999e+06  2.502e+06  3.697e+06 -6.047e+06 -1.997e+06 -1.497e+06 -1.524e+07 -2.553e+06 -9.677e+06 -1.555e+06 -7.155e+06 -1.982e+06 -4.443e+06 -3.575e+06 -7.133e+06 -5.464e+06  -6.66e+05 -9.597e+06 -2.224e+06 -1.275e+06 -4.107e+06 -4.385e+06  -9.37e+05 -3.345e+06 -2.635e+06 -1.116e+06 -1.761e+06  9.529e+04 -4.936e+05 -8.626e+06 -7.652e+06 -1.592e+06  -6.69e+06 -2.064e+05 -3.562e+06 -1.126e+07 -3.429e+06 -6.665e+06 -3.998e+06 -3.574e+06 -1.807e+05 -1.573e+06 -7.158e+05 -1.866e+06  5.259e+05 -4.561e+06 -1.862e+07 -1.635e+07 -3.187e+05 -1.732e+07 -1.049e+06  2.352e+06 -2.021e+05  -3.49e+05  2.105e+06 -1.422e+07   4.75e+06  2.254e+06  4.707e+06  1.639e+06  1.881e+05  6.224e+05  8.614e+05  2.091e+06  4.459e+06 -7.059e+06  1.216e+06 -3.664e+06   1.09e+06 -1.343e+06  1.176e+06 -2.814e+06  4.825e+05 -1.024e+07  2.701e+06 -1.974e+06  1.019e+06
    8.9e+05  1.326e+06  1.197e+06  1.305e+06  1.664e+06  4.594e+05 -3.831e+05  7.649e+05  9.159e+05 -2.777e+06   -2.5e+06 -2.741e+05 -7.025e+05 -1.785e+05  1.169e+06 -2.896e+06 -6.834e+05 -2.378e+07  -6.14e+07  1.806e+06 -3.841e+06 -2.819e+06   -6.3e+05  1.915e+04  -4.02e+06 -2.691e+06 -1.978e+06 -1.785e+05 -1.307e+06  2.295e+06  1.656e+06 -3.219e+06 -7.964e+05 -2.542e+06 -5.993e+05  3.949e+05 -5.504e+06 -4.078e+05 -4.905e+06  -1.74e+05 -4.912e+06 -1.487e+06 -3.324e+06  5.791e+04 -2.618e+06  1.116e+06 -3.483e+05  1.849e+06  2.143e+06 -2.549e+06 -9.368e+06 -7.639e+05 -6.865e+06 -2.847e+06 -7.021e+04 -5.603e+05 -3.433e+06 -6.487e+05 -7.406e+06 -2.261e+06 -9.664e+05  5.205e+05   1.28e+06 -2.019e+06 -2.216e+05  2.284e+06  2.496e+06 -5.898e+05 -4.083e+05  1.645e+05 -4.063e+06 -5.811e+05 -2.665e+06 -1.006e+05 -1.913e+06 -1.028e+05 -9.918e+05 -2.419e+05  -2.17e+05  5.285e+05  9.703e+05 -2.658e+06 -2.938e+05 -1.577e+04 -1.013e+06 -1.444e+06  1.219e+05 -1.023e+06 -3.751e+05  1.145e+05   1.02e+06 -3.505e+05  4.323e+05 -1.837e+06 -1.867e+06  1.494e+05 -7.653e+05  9.082e+05 -4.635e+05 -3.409e+06 -4.383e+05 -2.158e+06 -1.044e+06 -5.034e+05  1.816e+06  2.586e+05 -6.499e+05  6.728e+05  1.521e+06 -8.414e+05  2.046e+05  -1.19e+06  1.195e+06  2.577e+05 -5.483e+04  2.393e+06   1.68e+06  3.151e+06  1.773e+06  1.206e+06  2.771e+06  2.841e+06  3.158e+06   1.98e+06   5.88e+05  1.297e+06  1.241e+06  3.129e+06  3.453e+06  5.035e+05  1.637e+06   1.44e+05   1.84e+06  6.385e+05  2.125e+06  4.719e+05  1.985e+06  1.421e+06  2.896e+06  1.339e+06  8.571e+05
  8.053e+05   1.56e+06  1.477e+06  1.149e+06  1.958e+06  4.172e+05 -3.287e+05  7.041e+05  9.578e+05  -2.57e+06 -2.758e+06 -8.872e+04 -9.276e+05 -1.488e+05  1.376e+06  -3.98e+06 -1.205e+06 -3.413e+07  1.806e+06 -7.354e+07 -6.245e+06 -2.851e+06 -6.719e+05      -3624 -6.317e+06 -3.922e+06 -2.328e+06  4.482e+05 -1.178e+06  2.926e+06  1.766e+06 -3.242e+06 -1.171e+06  -1.94e+06 -5.418e+05  1.789e+05 -6.361e+06   -4.9e+05 -4.616e+06 -2.241e+05 -4.735e+06  -1.19e+06 -3.172e+06 -5.568e+05 -2.269e+06  1.123e+06 -5.692e+05  2.636e+06  2.099e+06 -3.733e+06  -7.12e+06  -5.95e+05 -6.575e+06 -2.601e+06  4.377e+05 -3.621e+05 -4.012e+06 -1.482e+06 -6.392e+06 -2.558e+06 -1.217e+06   3.81e+05  5.212e+05 -1.006e+06  5.497e+04  1.708e+06  2.755e+06 -4.995e+05 -1.698e+05  1.868e+05 -4.698e+06 -4.029e+05 -3.639e+06 -7.739e+04 -2.729e+06 -3.503e+04 -1.741e+06 -7.716e+05 -1.121e+06  6.245e+05  8.325e+05 -2.328e+06  1.436e+04  -1.52e+05   -1.1e+06 -1.069e+06  5.637e+05 -7.744e+04 -5.542e+05 -1.532e+05  7.664e+05  5.236e+05  1.051e+06 -3.823e+06 -2.682e+06  3.202e+05 -1.308e+06  7.071e+05 -3.754e+05 -4.857e+06  -7.08e+05  -2.89e+06 -1.179e+06 -6.912e+05  1.461e+06  1.545e+05  5.407e+05  7.562e+05  1.464e+06 -2.091e+06 -1.231e+06 -1.001e+06  1.175e+06  8.168e+05  1.548e+06  2.775e+06  1.729e+06  3.507e+06  3.045e+06  1.369e+06   2.62e+06  6.606e+05  3.307e+06  2.311e+06 -1.051e+05  1.546e+06  8.711e+05  2.625e+06  3.708e+06 -4.459e+05  1.543e+06 -1.666e+06  1.447e+06  1.434e+05  1.371e+06  3.495e+05  1.443e+06  1.826e+06  3.072e+06 -2.324e+05  1.003e+06
 -2.443e+06  9.716e+05 -1.408e+06  4.079e+05  1.468e+06 -3.362e+06 -2.277e+07 -3.909e+06 -7.743e+06  -4.24e+07 -2.595e+07 -1.305e+06 -2.641e+07 -5.137e+06 -5.604e+06 -3.631e+07 -5.666e+08 -2.148e+07 -3.841e+06 -6.245e+06 -3.521e+09 -3.394e+07 -9.514e+06 -5.412e+06 -5.448e+08 -5.716e+07 -3.187e+07 -1.519e+07 -2.072e+07  2.904e+06 -1.208e+07 -3.883e+07 -1.909e+07 -3.127e+07 -1.831e+07 -1.104e+07 -1.501e+08 -2.257e+07 -6.185e+07 -6.072e+06 -7.006e+07 -1.533e+07 -3.923e+07 -1.366e+07 -2.566e+07  -1.15e+07 -1.205e+07 -2.537e+06 -3.138e+06  -1.05e+08 -8.416e+07 -6.989e+06 -6.957e+07  -1.45e+07 -7.417e+06 -5.184e+06  -4.61e+07 -1.607e+07 -5.292e+07 -2.189e+07  -8.87e+06 -1.068e+06 -4.248e+06 -1.544e+07 -5.022e+06  9.394e+05   2.22e+06 -9.186e+06 -4.763e+06 -5.875e+06 -2.991e+07 -7.779e+06 -2.121e+07  -4.63e+06 -1.173e+07 -5.515e+06 -1.044e+07  -7.42e+06 -6.441e+06 -1.693e+06 -9.578e+05 -2.934e+07 -3.997e+06 -7.587e+06 -8.141e+06 -7.497e+06 -1.831e+06 -2.117e+06 -2.539e+06 -4.226e+05 -2.409e+07      4e+06 -5.575e+06 -6.658e+07  -4.04e+07 -1.236e+07 -2.928e+07 -8.647e+06 -8.847e+06 -7.065e+07 -1.128e+07 -3.055e+07 -1.707e+07 -9.678e+06 -6.254e+06 -1.131e+07 -3.534e+06 -5.099e+06 -4.046e+06   -1.8e+07 -7.198e+06 -1.562e+07 -2.088e+07 -7.608e+06  -1.76e+07  7.264e+05 -5.671e+06 -1.282e+07  6.005e+06 -2.483e+07 -4.562e+06 -1.865e+07  2.808e+06 -5.004e+07  -1.51e+07 -1.194e+06 -1.281e+06  9.903e+05  5.156e+06 -1.851e+07 -6.801e+06  -2.03e+07 -1.001e+07 -1.088e+07 -3.443e+06 -7.552e+05 -2.852e+07 -2.076e+06   -4.6e+05 -2.155e+05  1.465e+06
  3.794e+05  2.504e+06  1.769e+06  1.305e+06  2.909e+06 -4.243e+05 -8.025e+06 -1.537e+06 -2.488e+06 -1.645e+07  -1.59e+07 -1.586e+06 -9.892e+06 -4.444e+06 -7.946e+05 -1.882e+07 -1.604e+07 -9.046e+06 -2.819e+06 -2.851e+06 -3.394e+07 -7.176e+08 -7.001e+07 -2.476e+07 -9.182e+07 -2.205e+07 -1.491e+07 -5.636e+06 -6.093e+06  3.806e+06 -1.129e+07 -1.874e+07 -6.976e+06 -1.694e+07 -8.049e+06 -5.681e+06 -3.873e+07 -9.257e+06 -3.405e+07 -3.966e+06  -2.84e+07  -9.45e+06  -2.26e+07 -7.406e+06 -1.089e+07 -2.792e+06 -6.462e+06   1.38e+06 -4.682e+06 -1.952e+07 -3.939e+07 -5.355e+06 -3.292e+07  -1.09e+07 -2.595e+06 -2.079e+06 -2.176e+07 -8.281e+06 -4.412e+07 -1.015e+07 -5.588e+06 -1.806e+06 -5.771e+05 -6.858e+06 -1.787e+06  2.249e+06  4.998e+06 -6.908e+06 -2.718e+06 -3.363e+06  -2.08e+07 -3.767e+06  -1.49e+07 -2.314e+06 -1.013e+07 -1.637e+06  -4.63e+06 -1.423e+06  -2.65e+06 -8.207e+04  1.015e+06 -1.108e+07 -2.014e+06 -2.009e+06 -6.345e+06 -5.302e+06 -1.266e+06 -6.144e+06  1.155e+06 -5.126e+05  2.233e+06  -1.54e+06 -7.285e+05 -2.252e+07  -1.75e+07 -4.675e+06 -1.583e+07  -3.84e+06 -9.284e+06 -2.458e+07 -4.723e+06 -1.463e+07  -9.21e+06  -2.52e+07  -2.34e+06 -4.066e+06 -7.316e+06 -3.634e+06  2.558e+05 -7.954e+06 -6.773e+06 -8.424e+06 -5.214e+06  1.073e+06  9.453e+05 -2.737e+06 -1.538e+07  2.581e+06  6.501e+05   8.14e+05  2.223e+06  4.265e+06 -2.996e+06 -5.257e+05 -3.628e+06 -1.202e+06 -3.238e+06  1.338e+06   3.43e+05 -4.035e+06 -1.782e+06 -2.346e+07 -4.896e+06 -3.904e+06 -3.162e+05 -3.499e+06 -2.503e+06  1.696e+06  1.978e+06 -2.744e+06  1.345e+06
