
 20

((((((cabassous_unicinctus: 0.007195, tolypeutes_matacus: 0.010657): 0.000710, priodontes_maximus: 0.007334): 0.002807, (calyptophractus_retusus: 0.005640, chlamyphorus_truncatus: 0.006258): 0.009847): 0.001444, (((chaetophractus_vellerosus: 0.000000, zaedyus_pichiy: 0.002747): 0.001123, chaetophractus_villosus: 0.002615): 0.000502, euphractus_sexcinctus: 0.003269): 0.011529): 0.004427, (dasypus_novemcinctus: 0.005444, dasypus_kappleri: 0.008675): 0.015278): 0.015907, ((bradypus_tridactylus: 0.028565, (choloepus_hoffmanni: 0.002938, choloepus_didactylus: 0.005876): 0.003787): 0.026107, ((tamandua_tetradactyla: 0.006815, myrmecophaga_tridactyla: 0.011738): 0.020114, cyclopes_didactylus: 0.029161): 0.013466): 0.001362, ((zaglossus_bruijni: 0.000000, tachyglossus_aculeatus: 0.040779): 0.006338, ornithorhynchus_anatinus: 0.004973): 0.176984);

  0.015907  0.004427  0.001444  0.002807  0.000710  0.007195  0.010657  0.007334  0.009847  0.005640  0.006258  0.011529  0.000502  0.001123  0.000000  0.002747  0.002615  0.003269  0.015278  0.005444  0.008675  0.001362  0.026107  0.028565  0.003787  0.002938  0.005876  0.013466  0.020114  0.006815  0.011738  0.029161  0.176984  0.006338  0.000000  0.040779  0.004973

 -0.067323  0.000000  0.005740  0.006893  0.014978  0.010475  0.007415  0.017769  0.013401  0.014181  0.015257 -0.005251  0.012654  0.000000 -72.370967  0.007329 -0.007983  0.006455 -0.104702 -0.028367  0.000000  0.028919 -0.019145  0.000000  0.000000 -0.047663  0.000000  0.000000 -0.016904  0.000000  0.000000  0.007777  0.000000 -0.007230 -25.297340  0.000000  0.008398


Hessian

 -1.588e+06  -1.95e+04 -1.173e+04       5548       6700       3200      -9067       4019       2534        358      477.8 -1.177e+04  1.223e+04      -1097       4579      -1454      -8179  1.418e+04 -1.304e+06 -1.299e+06      187.1 -1.093e+06 -6.594e+05 -1.392e+04 -6.222e+05 -6.096e+05      -4377 -2.901e+04      -1025      -5067      -4068     -168.4  3.109e+04       6190      226.7       5769  3.337e+04
  -1.95e+04  -6.56e+05  -5.69e+04 -3.331e+04 -2.738e+04 -3.461e+04       5979       5320       1889       8871       4604 -7.889e+04  1.403e+04  1.109e+04       4050  1.063e+04   1.26e+04      -2166 -4.179e+04      -1276      -6678 -2.074e+04       2906       1511       7867       6137       8950      -3110      -8503  1.232e+04       8914      -6411      472.5       1257      192.5      849.5      -2349
 -1.173e+04  -5.69e+04 -1.222e+06 -1.148e+05 -3.972e+04 -2.755e+04       2462       8875      -4474       6849       6592 -4.231e+04  1.012e+04       9701       3077       9238  1.055e+04       7017     -12.76       1064      -4196 -1.171e+04      -7190       3247 -3.897e+04       9009 -4.132e+04       1766      880.2 -1.811e+04       8323      -1380      280.1 -3.184e-07 -6.212e-07 -3.205e-06      280.1
       5548 -3.331e+04 -1.148e+05 -8.407e+05 -5.908e+04 -3.282e+04      532.9       2808      -4058       7135       6692       1250  1.035e+04       9769       2426       9334  1.041e+04       6895       6033       6799       6638       5576 -1.104e+04       5590  1.083e+04       8161       7288       6266      -7199 -1.915e+04       7435     -180.9      279.9 -5.377e-07 -6.063e-07 -1.009e-06      279.9
       6700 -2.738e+04 -3.972e+04 -5.908e+04 -3.064e+06 -6.762e+04 -2.181e+04      -1891       4982       5739       4820  1.033e+04  1.034e+04       8829       1035       8400   1.04e+04       6552       8499       7940       8579       6728 -3.378e+04       5882   1.15e+04       7631       8462       7756  1.004e+04  1.113e+04       9799       8036      281.9 -2.458e-07 -6.034e-07 -6.476e-07      281.9
       3200 -3.461e+04 -2.755e+04 -3.282e+04 -6.762e+04 -3.815e+05       4669       3583       5582       7398 -1.446e+04       6755  1.013e+04 -2.597e+04       2829  -2.64e+04   1.06e+04       6915      -5896       6540       3042       3228       1705      -1740 -2.488e+04       9110       4075       4171 -1.854e+04  1.117e+04       9639      -1327      278.6 -3.148e-07 -2.912e-07 -1.183e-07      278.6
      -9067       5979       2462      532.9 -2.181e+04       4669 -2.643e+05       5521      -2920      -8495       7373       1271  1.066e+04  -1.45e+04       3193 -1.493e+04  1.089e+04       7399       4510       8034       8389      -9037  1.235e+04       5744  1.234e+04       7156       8786      -4225      780.1      -2405      -6623       5508      407.2  9.016e-09 -2.863e-07 -4.637e-07      407.2
       4019       5320       8875       2808      -1891       3583       5521 -3.883e+05       5730 -1.577e+04       7772       7195       9874  1.013e+04       3267       9700  1.097e+04 -3.503e+04      -1245 -1.546e+04      -3708       4043       2790       2707       8363       8260       4760       5559      -2115  1.129e+04      -2034       6203      554.8  -1.14e-08 -4.999e-07 -2.504e-07      554.8
       2534       1889      -4474      -4058       4982       5582      -2920       5730 -2.295e+05       2901 -2.587e+04      818.3  1.045e+04      -7572       2893      -8004       8745       5966      -2727      -9454       2606       2561      -2755       2619      -9380       4787       7911       1539       1527      -3268       8181       2449        178 -4.585e-08 -9.948e-08  7.576e-08        178
        358       8871       6849       7135       5739       7398      -8495 -1.577e+04       2901 -3.917e+05     -725.2       9472       9645       6878       4164       6506 -5.694e+04 -4.688e+04       8373       7646       7554        385  1.581e+04       5145  1.101e+04       6214       7498      -7906     -15.84       2117 -1.677e+04 -1.461e+04      178.9 -2.651e-07 -4.631e-07 -3.115e-07      178.9
      477.8       4604       6592       6692       4820 -1.446e+04       7373       7772 -2.587e+04     -725.2 -3.526e+05       9413  1.032e+04      -7761       3120      -8194       8182       5459       6688 -2.002e+04       5585      504.8  1.433e+04       3106  1.106e+04       5143 -1.878e+04       5220       9683       9562      -4558       5864      178.8  2.123e-07 -2.946e-07 -6.568e-07      178.8
 -1.177e+04 -7.889e+04 -4.231e+04       1250  1.033e+04       6755       1271       7195      818.3       9472       9413 -3.963e+05 -1.721e+04 -1.681e+04      -3385 -2.318e+04 -2.159e+04 -1.171e+04      -2939 -1.511e+04      415.2 -1.332e+04       9680       8811       7074       7064       7712  1.197e+04      674.4  1.385e+04  1.019e+04       7713      150.5       1257      192.5      849.5      -2671
  1.223e+04  1.403e+04  1.012e+04  1.035e+04  1.034e+04  1.013e+04  1.066e+04       9874  1.045e+04       9645  1.032e+04 -1.721e+04 -6.756e+06 -1.296e+04 -1.573e+06   -6.4e+05 -4.042e+05 -1.573e+05  1.132e+04       7231       9979  1.461e+04  1.541e+04       8665  1.029e+04       4246  1.258e+04  1.247e+04  1.327e+04  1.593e+04  1.352e+04  1.241e+04       1077       2764      485.3       1793       5642
      -1097  1.109e+04       9701       9769       8829 -2.597e+04  -1.45e+04  1.013e+04      -7572       6878      -7761 -1.681e+04 -1.296e+04 -1.421e+06      -3987 -3.936e+05 -1.009e+05 -6.215e+04   1.22e+04       7975       9971      -1069       6995       5252 -3.023e+04       8195 -3.383e+04       8586 -1.209e+04  1.269e+04  1.145e+04      789.6        279 -1.743e-08 -5.248e-07 -2.498e-07        279
       4579       4050       3077       2426       1035       2829       3193       3267       2893       4164       3120      -3385 -1.573e+06      -3987 -7.807e+05 -3.198e+05       1782 -2.325e+04       3758       3737       3276       4579       3483       2189       3927       2429       3149       3645       4352       4091       3543       3584      65.76  -4.23e-07 -2.096e-07 -4.514e-07      65.76
      -1454  1.063e+04       9238       9334       8400  -2.64e+04 -1.493e+04       9700      -8004       6506      -8194 -2.318e+04   -6.4e+05 -3.936e+05 -3.198e+05 -9.218e+05  1.005e+04      -2979  1.179e+04       8637       9575      -1426       8768       6881  1.318e+04       8865       9579       8229 -1.251e+04  1.225e+04  1.102e+04      372.7      278.8 -5.283e-07 -6.002e-07 -6.283e-07      278.8
      -8179   1.26e+04  1.055e+04  1.041e+04   1.04e+04   1.06e+04  1.089e+04  1.097e+04       8745 -5.694e+04       8182 -2.159e+04 -4.042e+05 -1.009e+05       1782  1.005e+04 -1.719e+06 -7.553e+04 -1.316e+04       4551  1.023e+04      -5795   1.42e+04      -5692      -7149       2128      -4162  1.074e+04   1.35e+04  1.619e+04  1.378e+04      -1016       1077       2764      485.3       1793       5642
  1.418e+04      -2166       7017       6895       6552       6915       7399 -3.503e+04       5966 -4.688e+04       5459 -1.171e+04 -1.573e+05 -6.215e+04 -2.325e+04      -2979 -7.553e+04 -1.506e+06      -2571      -4523 -2.755e+04  1.522e+04  1.347e+04       8138      -4523  1.313e+04      -9630       5429       6431  1.585e+04  1.404e+04  1.166e+04       3190       4940      192.5       4525       6985
 -1.304e+06 -4.179e+04     -12.76       6033       8499      -5896       4510      -1245      -2727       8373       6688      -2939  1.132e+04   1.22e+04       3758  1.179e+04 -1.316e+04      -2571 -1.632e+06 -1.427e+06 -3.181e+04  -8.12e+05 -6.419e+05      747.8  -6.06e+05 -6.053e+05       8286      -8024     -254.1  1.517e+04  1.226e+04       6148  3.257e+04       5062        399       4369  3.218e+04
 -1.299e+06      -1276       1064       6799       7940       6540       8034 -1.546e+04      -9454       7646 -2.002e+04 -1.511e+04       7231       7975       3737       8637       4551      -4523 -1.427e+06 -1.965e+06      -9895 -8.075e+05 -6.372e+05       2996 -6.046e+05 -6.053e+05       9060      -1241       8098      -9596  1.158e+04       2930  3.273e+04       5062        399       4369  3.233e+04
      187.1      -6678      -4196       6638       8579       3042       8389      -3708       2606       7554       5585      415.2       9979       9971       3276       9575  1.023e+04 -2.755e+04 -3.181e+04      -9895 -2.359e+05      251.8       1620       3911       8561       7931       5121       4715      -2424   1.05e+04       6444      -25.5       -545 -4.527e-07 -4.268e-07 -7.385e-07       -545
 -1.093e+06 -2.074e+04 -1.171e+04       5576       6728       3228      -9037       4043       2561        385      504.8 -1.332e+04  1.461e+04      -1069       4579      -1426      -5795  1.522e+04  -8.12e+05 -8.075e+05      251.8 -2.057e+06 -1.132e+06 -1.417e+04 -1.095e+06 -1.081e+06       2114 -4.357e+04      -3738      -7325       3317       3457   1.15e+04     -486.8      515.7     -836.8  2.504e+04
 -6.594e+05       2906      -7190 -1.104e+04 -3.378e+04       1705  1.235e+04       2790      -2755  1.581e+04  1.433e+04       9680  1.541e+04       6995       3483       8768   1.42e+04  1.347e+04 -6.419e+05 -6.372e+05       1620 -1.132e+06 -1.598e+06 -2.033e+04 -1.207e+06 -1.204e+06  -2.54e+04 -3.552e+04  1.084e+04       4878  1.078e+04  1.043e+04  3.006e+04       5196      341.2       4518  3.163e+04
 -1.392e+04       1511       3247       5590       5882      -1740       5744       2707       2619       5145       3106       8811       8665       5252       2189       6881      -5692       8138      747.8       2996       3911 -1.417e+04 -2.033e+04 -2.781e+05  -6.81e+04 -3.869e+04 -2.161e+04       1327       9860      -3749       5462       5203       3360       3598 -1.847e-07       3598       3899
 -6.222e+05       7867 -3.897e+04  1.083e+04   1.15e+04 -2.488e+04  1.234e+04       8363      -9380  1.101e+04  1.106e+04       7074  1.029e+04 -3.023e+04       3927  1.318e+04      -7149      -4523  -6.06e+05 -6.046e+05       8561 -1.095e+06 -1.207e+06  -6.81e+04 -3.017e+06 -2.101e+06  -2.09e+05      -7280       6071       9735       9057       1293  3.257e+04       7137      341.2       6459  3.155e+04
 -6.096e+05       6137       9009       8161       7631       9110       7156       8260       4787       6214       5143       7064       4246       8195       2429       8865       2128  1.313e+04 -6.053e+05 -6.053e+05       7931 -1.081e+06 -1.204e+06 -3.869e+04 -2.101e+06 -3.215e+06 -6.633e+04 -2.315e+04  1.305e+04      -6227       8815      -6680   3.23e+04       5870   4.77e-06       5870  2.837e+04
      -4377       8950 -4.132e+04       7288       8462       4075       8786       4760       7911       7498 -1.878e+04       7712  1.258e+04 -3.383e+04       3149       9579      -4162      -9630       8286       9060       5121       2114  -2.54e+04 -2.161e+04  -2.09e+05 -6.633e+04 -5.209e+05      -1404  1.057e+04      -5892       2459       9116       1579       2545      341.2       1866       3683
 -2.901e+04      -3110       1766       6266       7756       4171      -4225       5559       1539      -7906       5220  1.197e+04  1.247e+04       8586       3645       8229  1.074e+04       5429      -8024      -1241       4715 -4.357e+04 -3.552e+04       1327      -7280 -2.315e+04      -1404 -6.577e+05 -3.052e+04      -9606      -2248  -2.92e+04       4878       3674      -1389       6333       2708
      -1025      -8503      880.2      -7199  1.004e+04 -1.854e+04      780.1      -2115       1527     -15.84       9683      674.4  1.327e+04 -1.209e+04       4352 -1.251e+04   1.35e+04       6431     -254.1       8098      -2424      -3738  1.084e+04       9860       6071  1.305e+04  1.057e+04 -3.052e+04 -4.173e+05 -4.664e+04 -1.417e+05 -1.114e+04       5682       2467      -1389       5126       5210
      -5067  1.232e+04 -1.811e+04 -1.915e+04  1.113e+04  1.117e+04      -2405  1.129e+04      -3268       2117       9562  1.385e+04  1.593e+04  1.269e+04       4091  1.225e+04  1.619e+04  1.585e+04  1.517e+04      -9596   1.05e+04      -7325       4878      -3749       9735      -6227      -5892      -9606 -4.664e+04 -9.027e+05 -5.562e+04      366.1       2906     -794.4      -1389       1865       5777
      -4068       8914       8323       7435       9799       9639      -6623      -2034       8181 -1.677e+04      -4558  1.019e+04  1.352e+04  1.145e+04       3543  1.102e+04  1.378e+04  1.404e+04  1.226e+04  1.158e+04       6444       3317  1.078e+04       5462       9057       8815       2459      -2248 -1.417e+05 -5.562e+04  -5.07e+05       2946       5371       4513 -2.497e-07       4513       4438
     -168.4      -6411      -1380     -180.9       8036      -1327       5508       6203       2449 -1.461e+04       5864       7713  1.241e+04      789.6       3584      372.7      -1016  1.166e+04       6148       2930      -25.5       3457  1.043e+04       5203       1293      -6680       9116  -2.92e+04 -1.114e+04      366.1       2946 -3.244e+05       4389       4598 -4.852e-07       4598       2996
  3.109e+04      472.5      280.1      279.9      281.9      278.6      407.2      554.8        178      178.9      178.8      150.5       1077        279      65.76      278.8       1077       3190  3.257e+04  3.273e+04       -545   1.15e+04  3.006e+04       3360  3.257e+04   3.23e+04       1579       4878       5682       2906       5371       4389 -1.561e+05      -9242      146.6      -9600  -1.41e+05
       6190       1257 -3.184e-07 -5.377e-07 -2.458e-07 -3.148e-07  9.016e-09  -1.14e-08 -4.585e-08 -2.651e-07  2.123e-07       1257       2764 -1.743e-08  -4.23e-07 -5.283e-07       2764       4940       5062       5062 -4.527e-07     -486.8       5196       3598       7137       5870       2545       3674       2467     -794.4       4513       4598      -9242 -7.329e+04 -1.879e+04 -3.625e+04  -5.33e+04
      226.7      192.5 -6.212e-07 -6.063e-07 -6.034e-07 -2.912e-07 -2.863e-07 -4.999e-07 -9.948e-08 -4.631e-07 -2.946e-07      192.5      485.3 -5.248e-07 -2.096e-07 -6.002e-07      485.3      192.5        399        399 -4.268e-07      515.7      341.2 -1.847e-07      341.2   4.77e-06      341.2      -1389      -1389      -1389 -2.497e-07 -4.852e-07      146.6 -1.879e+04      -9855       1.08      -6958
       5769      849.5 -3.205e-06 -1.009e-06 -6.476e-07 -1.183e-07 -4.637e-07 -2.504e-07  7.576e-08 -3.115e-07 -6.568e-07      849.5       1793 -2.498e-07 -4.514e-07 -6.283e-07       1793       4525       4369       4369 -7.385e-07     -836.8       4518       3598       6459       5870       1866       6333       5126       1865       4513       4598      -9600 -3.625e+04       1.08 -3.686e+04 -3.462e+04
  3.337e+04      -2349      280.1      279.9      281.9      278.6      407.2      554.8        178      178.9      178.8      -2671       5642        279      65.76      278.8       5642       6985  3.218e+04  3.233e+04       -545  2.504e+04  3.163e+04       3899  3.155e+04  2.837e+04       3683       2708       5210       5777       4438       2996  -1.41e+05  -5.33e+04      -6958 -3.462e+04 -4.397e+05
