
 72

((monodelphis_domestica: 0.040222, (notamacropus_eugenii: 0.034916, sarcophilus_harrisii: 0.040003): 0.008869): 0.072971, ((choloepus_hoffmanni: 0.036261, dasypus_novemcinctus: 0.047438): 0.016475, ((echinops_telfairi: 0.077385, (procavia_capensis: 0.048314, loxodonta_africana: 0.028669): 0.009222): 0.015966, (((sorex_araneus: 0.086515, erinaceus_europaeus: 0.075949): 0.014185, ((pteropus_vampyrus: 0.037444, myotis_lucifugus: 0.050270): 0.009716, (((felis_catus: 0.002610, (panthera_tigris_altaica: 0.001998, panthera_pardus: 0.001111): 0.001866): 0.020372, (canis_familiaris: 0.024104, (mustela_putorius_furo: 0.023713, ailuropoda_melanoleuca: 0.017455): 0.004463): 0.005151): 0.014867, (equus_caballus: 0.033315, (vicugna_pacos: 0.033857, (sus_scrofa: 0.033073, (tursiops_truncatus: 0.025355, (bos_taurus: 0.008869, (ovis_aries: 0.005284, capra_hircus: 0.003166): 0.006395): 0.026735): 0.005043): 0.002579): 0.010548): 0.001221): 0.000722): 0.001994): 0.006289, ((tupaia_belangeri: 0.054846, ((oryctolagus_cuniculus: 0.034136, ochotona_princeps: 0.056927): 0.028433, (ictidomys_tridecemlineatus: 0.041947, (((fukomys_damarensis: 0.025461, heterocephalus_glaber_female: 0.021283): 0.010274, ((cavia_porcellus: 0.001557, cavia_aperea: 0.004731): 0.033561, (chinchilla_lanigera: 0.020922, octodon_degus: 0.033135): 0.004295): 0.007429): 0.032472, (dipodomys_ordii: 0.066306, (jaculus_jaculus: 0.056543, (nannospalax_galili: 0.038845, (((mesocricetus_auratus: 0.017690, cricetulus_griseus_chok1gshd: 0.013372): 0.008868, (peromyscus_maniculatus_bairdii: 0.021039, microtus_ochrogaster: 0.026222): 0.001533): 0.006644, ((mus_pahari: 0.009314, (mus_caroli: 0.004728, (mus_musculus: 0.002166, mus_spretus: 0.002347): 0.002536): 0.004551): 0.009823, rattus_norvegicus: 0.020892): 0.016387): 0.022786): 0.010956): 0.011246): 0.005802): 0.001797): 0.007274): 0.003428): 0.000958, ((otolemur_garnettii: 0.038065, (propithecus_coquereli: 0.012425, microcebus_murinus: 0.017167): 0.010894): 0.010394, (carlito_syrichta: 0.042845, (((aotus_nancymaae: 0.007900, callithrix_jacchus: 0.009698): 0.000373, (saimiri_boliviensis_boliviensis: 0.008376, cebus_capucinus: 0.007256): 0.001138): 0.011744, (((chlorocebus_sabaeus: 0.003371, ((papio_anubis: 0.001969, (cercocebus_atys: 0.002086, mandrillus_leucophaeus: 0.001760): 0.000363): 0.000389, (macaca_nemestrina: 0.001185, (macaca_mulatta: 0.000963, macaca_fascicularis: 0.000535): 0.000276): 0.001126): 0.000882): 0.001482, (colobus_angolensis_palliatus: 0.003846, (rhinopithecus_roxellana: 0.000696, rhinopithecus_bieti: 0.001188): 0.002832): 0.001755): 0.005684, (nomascus_leucogenys: 0.007293, (pongo_abelii: 0.006033, (gorilla_gorilla: 0.002900, ((pan_troglodytes: 0.000746, pan_paniscus: 0.000950): 0.001372, homo_sapiens: 0.002300): 0.000593): 0.002509): 0.000810): 0.002859): 0.005535): 0.017305): 0.003157): 0.005282): 0.006343): 0.007191): 0.001545): 0.089387, ornithorhynchus_anatinus: 0.203729);

  0.072971  0.040222  0.008869  0.034916  0.040003  0.089387  0.016475  0.036261  0.047438  0.001545  0.015966  0.077385  0.009222  0.048314  0.028669  0.007191  0.006289  0.014185  0.086515  0.075949  0.001994  0.009716  0.037444  0.050270  0.000722  0.014867  0.020372  0.002610  0.001866  0.001998  0.001111  0.005151  0.024104  0.004463  0.023713  0.017455  0.001221  0.033315  0.010548  0.033857  0.002579  0.033073  0.005043  0.025355  0.026735  0.008869  0.006395  0.005284  0.003166  0.006343  0.000958  0.054846  0.003428  0.028433  0.034136  0.056927  0.007274  0.041947  0.001797  0.032472  0.010274  0.025461  0.021283  0.007429  0.033561  0.001557  0.004731  0.004295  0.020922  0.033135  0.005802  0.066306  0.011246  0.056543  0.010956  0.038845  0.022786  0.006644  0.008868  0.017690  0.013372  0.001533  0.021039  0.026222  0.016387  0.009823  0.009314  0.004551  0.004728  0.002536  0.002166  0.002347  0.020892  0.005282  0.010394  0.038065  0.010894  0.012425  0.017167  0.003157  0.042845  0.017305  0.011744  0.000373  0.007900  0.009698  0.001138  0.008376  0.007256  0.005535  0.005684  0.001482  0.003371  0.000882  0.000389  0.001969  0.000363  0.002086  0.001760  0.001126  0.001185  0.000276  0.000963  0.000535  0.001755  0.003846  0.002832  0.000696  0.001188  0.002859  0.007293  0.000810  0.006033  0.002509  0.002900  0.000593  0.001372  0.000746  0.000950  0.002300  0.203729

 -18.713752  2.309904 -4.006407 24.477329 37.360268 15.097631 -8.044479  3.918477 -0.782446 -11.716568 -2.786729 14.332222 -7.603976 11.904561 10.701436 15.904376 37.427316 -15.886526  3.154367  1.194504 23.292489  3.375840  3.770375 -0.088675  3.201438  9.213501 12.887731 44.865798 43.709207 51.064856 10.977407  9.988210 16.205547  8.845337 19.377659 15.469341 -15.850390 24.461169 22.818855 15.620284 24.263574 26.720658 12.676561  5.431593  9.088863 17.650348 25.874325 27.422258 53.029280 57.248505 -66.265309  7.840141 19.658023 -4.020752 14.337243 11.966157 18.713840  4.218872 -1.487443 43.802660 19.616993 -0.308788  8.116033 17.583134 22.977585 40.895896 18.464583 -10.145091 -0.018245 16.730964 13.092933  8.507015 12.175158  0.652296  5.748473  3.729432  7.484923 24.480143 23.613814 -2.306137 32.754356 -15.696668 28.549751 -8.403688 33.481865 31.356958 45.951852 49.822543 12.198529 -4.068874 -3.457032  0.464571  9.232107 29.330751 51.654419 24.474852 30.439291 34.992718 24.391713 -10.676509 19.254355 31.382647 33.874839 -6.703020 40.878776 34.847400  4.911793 34.468266 41.108336 40.474773 99.884752 92.194708 109.174131 31.357927 31.987788 29.725153 39.455137 90.429086 81.347592 105.474570 117.617085 185.524116 109.902004 128.267663 93.675706 118.585586 108.805658 118.549402 113.486552 100.927579 44.509259 21.924195 35.640899 91.096938 109.838268 200.320478 29.761495 109.311641 111.187400 98.549425  2.166355


Hessian

 -1.732e+07 -1.058e+06 -3.375e+06  -8.88e+05 -7.182e+05 -8.927e+06  1.094e+06    4.5e+05  9.566e+05 -5.228e+06  5.793e+05  5.329e+05  6.801e+05  6.383e+05  7.704e+05 -4.544e+05  9.573e+05  5.954e+05  3.787e+05  4.524e+05  1.011e+06  9.824e+05  9.387e+05  7.786e+05  1.075e+06  9.773e+05  1.079e+06  1.181e+06  1.131e+06   1.13e+06   1.29e+06  1.015e+06  9.522e+05  1.033e+06  1.043e+06  1.056e+06  1.099e+06  9.259e+05  1.233e+06  5.973e+05  1.265e+06  1.081e+06  1.221e+06  1.059e+06  1.063e+06  9.787e+05  1.083e+06  1.228e+06  1.228e+06  6.614e+05  8.302e+05  5.918e+05  9.709e+05  9.732e+05  9.053e+05  6.671e+05  1.005e+06  8.043e+05   1.13e+06  1.083e+06  1.163e+06  9.587e+05  1.032e+06  1.131e+06  9.938e+05   1.11e+06  1.005e+06  1.167e+06  1.043e+06  9.253e+05  9.113e+05  7.221e+05  8.785e+05  7.368e+05  9.109e+05   8.33e+05  9.023e+05  1.102e+06  1.029e+06  9.906e+05   9.24e+05  1.122e+06  9.738e+05  9.641e+05  9.019e+05  9.858e+05  1.051e+06  1.033e+06  1.063e+06  1.105e+06  1.274e+06  1.114e+06  9.915e+05  9.265e+05  1.003e+06  8.733e+05   1.07e+06  1.154e+06  1.027e+06  9.754e+05  8.003e+05  9.829e+05  1.009e+06  1.129e+06  1.127e+06  1.039e+06  9.137e+05  1.132e+06  1.004e+06  9.483e+05  1.101e+06   1.36e+06  1.185e+06  1.088e+06  1.087e+06  9.937e+05  1.742e+06  1.418e+06  1.188e+06  1.245e+06  1.367e+06  1.429e+06  1.226e+06  1.597e+06  1.343e+06  1.328e+06  1.175e+06   1.59e+06  1.573e+06   1.06e+06   1.23e+06  1.315e+06  1.158e+06  1.171e+06  1.436e+06   1.24e+06   1.36e+06  1.649e+06  1.519e+06  1.213e+06 -2.072e+05
 -1.058e+06 -5.323e+07 -1.976e+07 -3.497e+06  -4.52e+06 -3.699e+05  1.211e+06  5.389e+05  1.091e+06  9.708e+05  1.254e+06  6.952e+05  1.102e+06   8.14e+05  1.002e+06  1.454e+06  1.886e+06  9.904e+05  5.265e+05  6.687e+05   2.07e+06  1.474e+06  1.137e+06  1.025e+06  1.842e+06  1.516e+06  1.409e+06    1.2e+06  1.017e+06  9.956e+05   1.21e+06  1.725e+06  1.115e+06  1.469e+06  1.221e+06  1.287e+06  2.067e+06  1.244e+06  1.869e+06  7.278e+05  1.832e+06  1.333e+06  1.582e+06  1.192e+06  1.361e+06  1.341e+06  1.165e+06  1.261e+06  1.166e+06   1.84e+06  1.809e+06  7.784e+05  1.886e+06  1.405e+06  1.111e+06  8.751e+05  1.824e+06  1.139e+06  1.879e+06  1.558e+06  1.339e+06  1.119e+06  1.111e+06  1.535e+06  1.165e+06   9.37e+05  7.398e+05    1.5e+06  1.167e+06  1.007e+06  1.644e+06  9.653e+05  1.539e+06  1.018e+06  1.438e+06   9.96e+05  1.297e+06  1.157e+06  1.217e+06  1.011e+06  9.491e+05  1.176e+06  1.093e+06  1.013e+06  1.117e+06  1.184e+06  1.338e+06  1.276e+06  1.243e+06  1.073e+06  1.525e+06  9.139e+05  9.473e+05  1.959e+06  1.655e+06  1.102e+06  1.559e+06  1.448e+06  1.169e+06  1.918e+06  1.101e+06  1.652e+06  1.414e+06  1.562e+06  1.177e+06  1.164e+06  1.128e+06  1.127e+06  1.193e+06   1.56e+06  1.456e+06  1.608e+06  1.205e+06  1.415e+06  1.924e+06  1.218e+06  9.846e+05  1.446e+06   1.61e+06  1.541e+06  1.278e+06  1.649e+06  1.192e+06  1.471e+06  8.117e+05  1.256e+06  1.478e+06  1.288e+06  1.537e+06  1.223e+06  1.246e+06  1.454e+06  1.128e+06  1.675e+06  1.056e+06  1.172e+06  1.234e+06  1.244e+06  1.342e+06  1.635e+06  8.189e+04
 -3.375e+06 -1.976e+07 -1.108e+08 -9.467e+06  -1.37e+07 -1.929e+06  1.373e+06  5.344e+05  1.234e+06 -9.285e+04   1.32e+06  8.055e+05  1.313e+06  9.671e+05  1.226e+06   1.31e+06  2.132e+06  1.209e+06  5.931e+05  7.932e+05  2.118e+06   1.78e+06    1.3e+06  1.231e+06  2.018e+06   1.92e+06  1.619e+06  1.821e+06  1.821e+06  1.112e+06  1.173e+06  2.099e+06  1.448e+06  1.835e+06  1.461e+06  1.396e+06  2.256e+06  1.468e+06  1.993e+06  7.433e+05  2.014e+06  1.568e+06  1.999e+06  1.365e+06  1.678e+06  1.467e+06  1.144e+06   1.54e+06  1.641e+06  2.082e+06  2.049e+06  8.613e+05   2.25e+06  1.522e+06  1.376e+06  9.998e+05  1.913e+06  1.257e+06  1.814e+06  1.761e+06  1.573e+06  1.374e+06  1.393e+06  1.627e+06  1.354e+06  1.281e+06  8.934e+05  1.383e+06  1.234e+06  1.154e+06  1.793e+06  1.102e+06  1.719e+06  1.116e+06  1.592e+06  1.131e+06  1.486e+06  1.522e+06  1.498e+06  1.143e+06  1.062e+06  1.512e+06  1.267e+06  1.118e+06  1.347e+06  1.255e+06  1.387e+06  1.476e+06  1.266e+06  1.037e+06  1.628e+06  1.147e+06  1.157e+06  1.852e+06  1.877e+06  1.386e+06  1.684e+06  1.543e+06  1.275e+06  1.928e+06  1.261e+06  1.724e+06  1.603e+06  1.776e+06  1.397e+06  1.453e+06   1.53e+06  1.489e+06  1.472e+06  1.553e+06  1.663e+06  1.799e+06   1.23e+06  1.779e+06  1.816e+06   1.55e+06  1.213e+06  1.587e+06  1.423e+06  1.375e+06   1.62e+06  2.228e+06  1.091e+06  1.365e+06  1.178e+06  1.839e+06  1.769e+06  1.653e+06  1.086e+06   1.39e+06  1.095e+06   1.06e+06  1.407e+06   1.71e+06    1.6e+06  1.162e+06  1.616e+06  1.666e+06  2.021e+06  1.301e+06  5.721e+04
  -8.88e+05 -3.497e+06 -9.467e+06 -5.249e+07 -4.455e+06 -5.064e+05  9.937e+05  3.548e+05  8.961e+05  5.222e+05  1.239e+06  6.659e+05   9.27e+05  6.355e+05  8.397e+05  9.378e+05  1.754e+06  9.371e+05  5.229e+05   6.36e+05   1.52e+06  1.376e+06  9.323e+05  9.535e+05  1.924e+06  1.436e+06  1.237e+06  1.329e+06  1.098e+06   1.02e+06  1.295e+06  1.289e+06  8.764e+05  1.398e+06  1.091e+06  1.074e+06  1.473e+06  1.017e+06  1.448e+06  5.885e+05  1.508e+06  1.143e+06  1.354e+06  9.667e+05  1.221e+06  9.381e+05  1.041e+06  1.088e+06  1.197e+06  1.346e+06  1.566e+06  7.132e+05  1.663e+06  1.166e+06  9.821e+05  7.883e+05  1.495e+06  9.633e+05  1.593e+06  1.337e+06   1.02e+06   9.72e+05  8.956e+05   1.27e+06  9.784e+05  6.998e+05  5.934e+05  1.147e+06      1e+06  7.888e+05  1.456e+06  8.356e+05  1.253e+06  8.332e+05   1.21e+06  8.468e+05  1.048e+06  1.164e+06  1.081e+06  8.969e+05  1.026e+06  1.014e+06  9.659e+05  8.299e+05  1.027e+06  1.023e+06  1.102e+06  1.041e+06  1.157e+06  1.092e+06  9.659e+05    8.4e+05  1.004e+06  1.313e+06  1.469e+06  9.765e+05  1.231e+06  8.911e+05  1.034e+06  1.386e+06  9.549e+05  1.188e+06  1.158e+06  7.143e+05   1.06e+06  1.046e+06  1.349e+06  1.029e+06  7.976e+05  9.639e+05   1.02e+06  1.057e+06  1.121e+06  1.226e+06  3.058e+04   8.35e+05  1.406e+06  1.087e+06  1.278e+06  1.093e+06  1.304e+06  1.003e+06   9.65e+05  1.186e+06  6.706e+05  1.299e+06  1.061e+06  8.708e+05  9.035e+05  7.993e+05  1.214e+06  4.409e+05  8.298e+05  8.027e+05  1.212e+06  1.119e+06  1.198e+06  5.969e+05  1.441e+06  8.801e+05   1.21e+05
 -7.182e+05  -4.52e+06  -1.37e+07 -4.455e+06 -5.189e+07 -1.609e+05  1.211e+06  5.329e+05  1.038e+06  1.017e+06  1.306e+06  7.147e+05  1.062e+06  8.666e+05  9.171e+05  1.604e+06  1.746e+06  9.871e+05  5.327e+05  6.757e+05  2.201e+06  1.631e+06  1.173e+06  1.028e+06  2.115e+06  1.743e+06  1.413e+06   9.28e+05  1.423e+06  7.284e+05  1.025e+06  1.488e+06  1.142e+06  1.718e+06  1.323e+06  1.166e+06    1.9e+06   1.27e+06  1.844e+06  6.621e+05  2.023e+06  1.397e+06  1.614e+06   1.14e+06  1.401e+06  1.052e+06   1.37e+06  1.012e+06  9.286e+05  1.779e+06  1.996e+06  8.251e+05  1.917e+06   1.37e+06  1.058e+06  8.777e+05  1.647e+06  1.065e+06  1.884e+06  1.593e+06   1.35e+06  1.031e+06  1.264e+06  1.418e+06  1.165e+06  1.048e+06  3.755e+05  1.536e+06  1.217e+06  1.011e+06  1.784e+06  9.345e+05  1.534e+06  9.531e+05  1.323e+06  9.423e+05  1.344e+06  1.283e+06  1.246e+06  8.966e+05  9.992e+05  1.083e+06  1.054e+06  9.793e+05  1.198e+06  1.206e+06  1.096e+06  1.142e+06  1.241e+06  1.221e+06  1.247e+06  7.453e+05  1.093e+06  1.703e+06  1.842e+06  1.134e+06  1.543e+06  1.256e+06  1.186e+06  1.842e+06  1.131e+06  1.589e+06   1.33e+06  1.317e+06  1.205e+06  1.188e+06  1.146e+06  1.394e+06  1.167e+06  1.527e+06  1.236e+06  1.787e+06  1.036e+06   1.26e+06  2.176e+06  1.257e+06  1.163e+06  1.526e+06  1.159e+06  1.429e+06  1.438e+06  1.845e+06  1.036e+06  9.291e+05  1.125e+06   1.17e+06  1.292e+06  1.011e+06  6.388e+05  1.417e+06  1.226e+06  1.774e+06  1.077e+06  1.578e+06  1.283e+06  1.515e+06   1.26e+06  1.129e+06  1.428e+06  1.491e+06  9.509e+04
 -8.927e+06 -3.699e+05 -1.929e+06 -5.064e+05 -1.609e+05 -1.615e+07  1.101e+06  4.416e+05  9.321e+05 -8.735e+06  2.827e+05  4.698e+05  5.334e+05      6e+05  6.901e+05  -1.09e+06  6.386e+05  4.513e+05  2.928e+05  4.015e+05  7.189e+05  7.932e+05   8.88e+05  6.542e+05  7.539e+05  8.436e+05  9.648e+05  1.084e+06  1.118e+06  1.206e+06  1.097e+06  7.571e+05  8.544e+05  8.523e+05  9.564e+05  1.042e+06  7.463e+05  7.798e+05  9.786e+05  5.439e+05  1.012e+06  9.452e+05  1.015e+06  1.041e+06  8.962e+05  1.037e+06   1.06e+06  1.278e+06  1.233e+06  3.048e+05  5.804e+05   4.95e+05  5.723e+05  8.009e+05  8.161e+05  5.865e+05  7.107e+05  7.517e+05  7.082e+05  9.134e+05  1.152e+06  9.533e+05  1.031e+06  1.049e+06   9.54e+05  1.341e+06  1.085e+06  1.081e+06  9.823e+05  9.049e+05  6.828e+05  6.531e+05  7.143e+05  7.077e+05  7.681e+05  8.543e+05  8.522e+05  1.076e+06   1.03e+06  1.003e+06  9.631e+05  1.098e+06  9.394e+05  9.087e+05  9.247e+05  1.001e+06  1.028e+06  1.136e+06  1.161e+06  1.151e+06  1.399e+06  1.161e+06  9.441e+05  6.213e+05   8.48e+05  7.659e+05  9.351e+05  1.082e+06  9.714e+05  7.953e+05  7.295e+05  7.696e+05  9.433e+05  1.142e+06  1.181e+06  1.062e+06  9.528e+05   1.03e+06  1.037e+06  8.988e+05  1.103e+06  1.275e+06  1.277e+06  1.051e+06  1.141e+06  1.162e+06  1.857e+06   1.51e+06  1.207e+06   1.17e+06  1.425e+06  1.628e+06  1.268e+06  1.623e+06  1.402e+06   1.31e+06  1.176e+06  1.425e+06  1.614e+06  1.047e+06  1.166e+06  1.151e+06  1.249e+06  1.201e+06  1.457e+06  1.231e+06  1.567e+06  1.712e+06  1.674e+06   1.23e+06 -2.066e+05
  1.094e+06  1.211e+06  1.373e+06  9.937e+05  1.211e+06  1.101e+06  -8.45e+07 -8.317e+06 -2.517e+07 -5.931e+07 -3.281e+05  2.813e+05  1.063e+05  3.799e+05  2.381e+05 -1.408e+07 -2.853e+06  6.075e+04  2.579e+05  2.598e+05 -3.124e+06 -5.757e+05  2.432e+05  2.429e+05 -4.327e+06 -9.934e+05 -1.465e+05  6.152e+05  3.525e+05  8.132e+05  5.576e+05 -5.945e+05  2.755e+05 -4.454e+05  1.605e+05  2.911e+05 -2.567e+06  -1.91e+05  -1.96e+06  2.237e+05 -1.539e+06   1.44e+04  -9.35e+05  2.218e+05  1.823e+04  1.086e+06  7.326e+05  9.583e+05  1.657e+06 -2.942e+06 -3.263e+06 -1.095e+04 -2.586e+06 -2.303e+05  4.195e+05  4.925e+05 -1.311e+06  3.006e+05 -1.908e+06  1.153e+05  1.125e+06    1.1e+06  1.239e+06  9.946e+05  1.043e+06  1.786e+06  1.444e+06  1.203e+06  1.266e+06  1.165e+06 -1.369e+05  6.476e+05  4.052e+05  1.008e+06  8.698e+05  1.172e+06  1.474e+06  1.984e+06  1.657e+06  1.433e+06  1.712e+06  2.093e+06  1.392e+06  1.418e+06  1.695e+06  1.713e+06  1.602e+06  1.586e+06  1.904e+06  2.352e+06  2.266e+06   1.79e+06  1.481e+06 -2.196e+06 -9.205e+05  6.266e+05  -7.96e+05  5.332e+05 -3.636e+04 -1.997e+06  2.491e+05 -8.288e+05  4.075e+05  6.024e+05  1.245e+06  1.045e+06  4.018e+05  7.024e+05  1.072e+06  2.189e+05  7.189e+05  2.406e+05  1.168e+06  1.561e+06  6.538e+05  1.179e+06  1.456e+06  1.603e+06   1.63e+06  9.577e+05  1.794e+06  1.069e+06  1.217e+06  1.366e+06  1.465e+06  8.736e+05  1.819e+06   1.64e+06  1.943e+06  5.815e+05  1.083e+06  5.665e+05  1.039e+06  1.121e+06  1.304e+06  1.912e+06  1.088e+06  7.196e+05  1.097e+06  1.713e+06  4.254e+05
    4.5e+05  5.389e+05  5.344e+05  3.548e+05  5.329e+05  4.416e+05 -8.317e+06 -3.918e+07  -3.21e+05 -6.339e+06 -1.486e+04  2.638e+05  1.162e+04  1.557e+05  1.017e+05 -2.045e+06 -4.659e+05  3.591e+05  2.816e+05  3.185e+05  -7.31e+05  3.009e+04  1.355e+05  3.816e+05 -1.123e+06 -9.101e+04  3.283e+05  3.559e+05   2.24e+05  4.141e+05  5.599e+05  8.651e+04   3.47e+05  1.912e+05  4.097e+05  3.648e+05 -8.343e+05   1.42e+05  -2.58e+05   9.84e+04 -4.895e+04   2.81e+05 -2.631e+04 -3.546e+04  2.854e+05  4.753e+05  5.716e+05  5.394e+05  6.212e+05 -4.773e+05     -2e+05  1.851e+05 -2.076e+05  3.162e+05   4.52e+05  3.135e+05  2.845e+05  3.353e+05  2.692e+05  4.808e+05   5.22e+05  4.597e+05  4.573e+05  6.234e+05    6.2e+05  6.864e+05  4.947e+05  7.168e+05  7.206e+05  6.743e+05  2.907e+05  4.595e+05  5.027e+05  6.057e+05  6.073e+05  5.456e+05  7.492e+05  8.719e+05  8.288e+05  7.258e+05  8.604e+05  8.678e+05  7.362e+05  7.293e+05  9.541e+05  9.745e+05  9.252e+05  1.072e+06  1.098e+06  1.208e+06  1.362e+06  5.715e+05   8.03e+05 -5.358e+05       9811  3.748e+05  3.024e+04   4.02e+05  3.641e+05  -3.81e+05  3.415e+05  2.284e+05   3.82e+05  1.164e+05  4.897e+05  4.516e+05  1.623e+05  2.875e+05  4.812e+05  1.358e+05  3.785e+05  1.542e+05  4.523e+05  2.597e+05  5.755e+05  2.752e+05  3.837e+05  7.719e+05  2.698e+05  4.829e+05   6.17e+05  1.348e+06  4.258e+05  8.948e+05  4.672e+05  3.586e+05  6.198e+05  7.913e+05  8.621e+05 -7.092e+04  4.705e+05  1.798e+05  2.751e+05  2.287e+05  4.615e+05  2.456e+05  6.308e+05  6.571e+05  4.412e+05   6.34e+05   2.43e+05
  9.566e+05  1.091e+06  1.234e+06  8.961e+05  1.038e+06  9.321e+05 -2.517e+07  -3.21e+05 -4.777e+07 -2.014e+07  8.688e+04  3.331e+05  3.481e+05  5.578e+05  4.899e+05 -5.678e+06 -1.136e+06   2.95e+05  2.972e+05  3.489e+05 -1.174e+06  2.837e+04  4.393e+05  2.943e+05 -2.018e+06 -2.062e+05  2.543e+05  7.459e+05  6.222e+05  6.658e+05  5.062e+05  1.122e+05  4.706e+05 -2.054e+05  2.963e+05  3.971e+05  -1.04e+06  2.758e+05 -6.825e+05  3.233e+05 -4.864e+05  2.554e+05  -2.74e+05  4.825e+05  3.087e+05  9.845e+05  7.429e+05  6.126e+05  8.576e+05  -1.14e+06 -1.511e+06  1.996e+05 -1.373e+06  1.946e+04  3.054e+05  5.442e+05 -4.544e+05  6.473e+05  -8.73e+05  4.349e+05  9.867e+05  9.312e+05  1.171e+06  9.879e+05   1.01e+06  1.652e+06  1.215e+06  9.135e+05  1.038e+06  1.033e+06  4.982e+05  6.664e+05  7.485e+05  9.543e+05  1.139e+06  1.173e+06  1.406e+06  1.674e+06  1.642e+06  1.219e+06  1.552e+06  1.645e+06  1.376e+06  1.393e+06  1.676e+06  1.614e+06  1.433e+06  1.744e+06  1.019e+06  2.022e+06  1.982e+06  1.541e+06  1.314e+06 -7.297e+05 -2.261e+05  7.349e+05 -2.025e+05  6.225e+05  1.687e+05   -6.6e+05   3.58e+05  -5.73e+04  8.579e+05  1.209e+06  1.032e+06  1.034e+06  7.965e+05  7.891e+05  8.797e+05  7.819e+05  9.405e+05  6.636e+05  1.065e+06  8.648e+05  1.268e+06  1.042e+06  1.685e+06  1.469e+06  1.458e+06  8.341e+05  1.433e+06   1.18e+06  9.271e+05  1.108e+06  1.378e+06  1.134e+06  1.168e+06  1.254e+06  1.718e+06  9.685e+05  1.205e+06  1.105e+06  1.217e+06  8.763e+05  1.298e+06  1.983e+06   7.77e+05  1.141e+06  5.751e+05  1.114e+06  3.557e+05
 -5.228e+06  9.708e+05 -9.285e+04  5.222e+05  1.017e+06 -8.735e+06 -5.931e+07 -6.339e+06 -2.014e+07 -3.859e+08   -1.1e+06  5.695e+05  3.649e+04  8.155e+05  5.097e+05 -2.927e+07 -3.319e+06 -2.503e+04  3.076e+05  2.803e+05 -4.219e+06 -3.452e+05  7.628e+05  4.229e+05 -5.788e+06 -8.888e+05  2.578e+05  1.562e+06  4.157e+05  1.587e+06  8.888e+05 -4.549e+05  4.538e+05  1.601e+05  6.829e+05  6.211e+05 -3.055e+06  2.133e+05 -1.512e+06  3.832e+05 -9.004e+05  4.603e+05  -6.62e+05  9.882e+05  5.239e+05  1.359e+06  1.562e+06  1.354e+06   2.37e+06 -3.716e+06 -3.272e+06  2.189e+05 -2.819e+06       2525  7.628e+05  7.643e+05 -1.701e+06  6.118e+05 -1.982e+06  4.621e+05  1.576e+06  1.748e+06  1.939e+06  1.623e+06  1.582e+06  2.348e+06  1.872e+06  1.699e+06  1.658e+06  1.656e+06 -2.117e+05  1.007e+06  4.348e+05  1.231e+06  7.808e+05  1.588e+06  1.722e+06  2.509e+06  1.815e+06  2.091e+06  2.383e+06  2.511e+06  1.717e+06  1.802e+06    1.9e+06    1.9e+06  2.106e+06  2.393e+06  3.257e+06  3.492e+06  3.237e+06  2.699e+06  2.019e+06 -2.698e+06 -6.617e+05  1.017e+06 -3.345e+05  1.046e+06  2.147e+05 -1.455e+06  4.567e+05 -6.991e+05  1.236e+06  5.387e+05  1.806e+06  1.456e+06  1.161e+06  1.506e+06  1.602e+06  5.961e+05  1.787e+06  9.829e+05  1.953e+06  6.727e+05  1.087e+06  1.663e+06  3.341e+06  2.419e+06  2.855e+06  1.402e+06  2.764e+06  9.955e+05  2.202e+06  2.199e+06   2.57e+06  1.979e+06  2.446e+06  2.284e+06  3.136e+06  9.536e+05  1.883e+06  4.333e+05  1.925e+06  2.021e+06  2.352e+06   3.02e+06  2.335e+06  2.779e+06  1.796e+06  2.403e+06  2.261e+05
  5.793e+05  1.254e+06   1.32e+06  1.239e+06  1.306e+06  2.827e+05 -3.281e+05 -1.486e+04  8.688e+04   -1.1e+06 -1.285e+08 -1.994e+06 -4.689e+07 -2.943e+06 -1.113e+07 -2.893e+07 -3.679e+06 -7.239e+05  6.969e+04 -1.062e+05 -4.137e+06 -1.764e+06 -1.974e+05       2939 -5.391e+06 -1.874e+06 -5.855e+05  7.709e+05  4.136e+05  1.457e+06  1.394e+06 -1.153e+06   2.52e+05 -1.076e+06 -1.291e+05  4.106e+05 -4.503e+06 -7.422e+05 -2.773e+06       7216 -2.482e+06 -3.066e+05 -1.596e+06  4.323e+05 -3.075e+05  9.039e+05  6.223e+05  1.881e+06  1.243e+06 -4.046e+06 -5.109e+06 -2.984e+05 -4.919e+06 -9.241e+05  1.933e+05  3.457e+05 -3.131e+06 -1.839e+05 -2.916e+06 -5.626e+05    1.2e+06   1.12e+06  1.487e+06  7.673e+05  9.967e+05  2.121e+06  2.282e+06  1.035e+06  1.182e+06  1.221e+06 -1.549e+06  3.404e+05 -8.705e+05    9.3e+05  3.305e+04  1.015e+06  7.181e+05  1.513e+06  1.506e+06   1.46e+06  1.754e+06  1.141e+06  1.423e+06  1.397e+06   1.41e+06  1.488e+06  1.912e+06  1.673e+06  1.932e+06  1.415e+06  1.962e+06  2.176e+06  1.467e+06 -3.026e+06 -1.656e+06  1.531e+05 -6.949e+05  4.071e+05 -1.004e+05 -3.567e+06 -1.595e+05   -1.5e+06  7.916e+04   7.46e+05  1.387e+06   1.17e+06  5.501e+05  9.365e+05  1.113e+06      -2219  7.723e+05 -1.562e+05   1.14e+06  1.254e+06 -5.617e+05  2.256e+06  1.532e+06  2.325e+06  1.935e+06  1.684e+06   1.99e+06  2.352e+06  1.672e+06  1.236e+06  1.526e+06  1.444e+06  1.712e+06  1.749e+06  2.354e+06  5.433e+05  1.424e+06  6.965e+05  1.502e+06  1.055e+06  1.973e+06   1.36e+06  2.111e+06   1.69e+06  1.972e+06  2.315e+06  5.067e+05
  5.329e+05  6.952e+05  8.055e+05  6.659e+05  7.147e+05  4.698e+05  2.813e+05  2.638e+05  3.331e+05  5.695e+05 -1.994e+06 -2.532e+07 -8.372e+05 -1.948e+04  1.604e+05 -3.182e+05 -2.388e+04  6.223e+04  1.518e+05  1.969e+05   3.22e+05  2.987e+05  5.259e+05  3.254e+05  1.926e+05  3.301e+05  4.004e+05  4.798e+05  4.641e+05  9.861e+05   2.53e+05 -1.473e+04  3.732e+05  1.744e+05  4.261e+05  6.504e+05  2.163e+04  4.492e+05 -2.154e+04  2.693e+05 -1.666e+04  4.558e+05  2.264e+05  6.938e+05  3.249e+05  8.305e+05  6.035e+05  9.083e+05  7.018e+05 -5.014e+04 -6.209e+05  1.992e+05 -4.232e+05  1.464e+05  4.243e+05  3.731e+05  2.927e+04  5.772e+05 -2.625e+05  4.144e+05  6.792e+05  7.605e+05  9.743e+05   6.27e+05  7.624e+05  1.108e+06  8.388e+05   7.18e+05  6.742e+05  6.816e+05  3.031e+05  4.711e+05  4.724e+05  4.991e+05  5.403e+05   7.38e+05  6.673e+05  9.766e+05  9.616e+05  7.461e+05  9.453e+05  1.061e+06  5.811e+05  7.592e+05   8.21e+05  9.169e+05  9.278e+05  9.716e+05  1.035e+06    9.3e+05  9.253e+05  1.221e+06  8.122e+05   2.08e+05  5.109e+05  6.374e+05  4.036e+05  7.268e+05  4.621e+05 -1.692e+04  3.432e+05  3.506e+05   7.44e+05  1.438e+06  1.132e+06  1.049e+06  9.036e+05  8.766e+05  9.711e+05  8.028e+05  1.063e+06      1e+06  1.107e+06  8.617e+05  1.139e+06  9.797e+05  1.132e+06  1.326e+06  1.239e+06  1.029e+06  1.147e+06  1.065e+06  1.275e+06  9.243e+05  1.014e+06   1.13e+06  1.202e+06  1.208e+06  1.364e+06  8.285e+05  1.112e+06  8.016e+05  1.036e+06  9.043e+05  1.214e+06  1.223e+06  1.504e+06  1.294e+06  1.638e+06  1.183e+06  2.518e+05
  6.801e+05  1.102e+06  1.313e+06   9.27e+05  1.062e+06  5.334e+05  1.063e+05  1.162e+04  3.481e+05  3.649e+04 -4.689e+07 -8.372e+05 -1.479e+08 -7.401e+06 -2.455e+07 -1.427e+07 -2.036e+06  1.622e+05  3.552e+05  3.444e+05 -2.657e+06 -7.431e+05  3.047e+04  4.349e+05  -3.82e+06 -1.137e+06 -1.313e+05  7.742e+05  2.906e+05   1.39e+06  1.155e+06 -7.334e+05  5.854e+05 -5.278e+05  4.389e+05  4.111e+05 -3.701e+06 -5.176e+05 -1.583e+06  5.409e+04 -1.495e+06  1.969e+05 -7.418e+05  4.867e+05  6.302e+04  4.946e+05   3.49e+05  1.417e+06  1.347e+06  -2.56e+06 -2.739e+06  1.667e+05 -2.626e+06  2.343e+04  5.905e+05  6.439e+05 -1.617e+06  2.359e+05 -1.389e+06  2.656e+05  1.155e+06  1.138e+06   1.27e+06  9.022e+05  8.988e+05  1.552e+06  1.886e+06  1.033e+06  9.768e+05  1.051e+06 -5.497e+05   6.75e+05  2.513e+04  9.121e+05  4.862e+05  8.772e+05  9.617e+05  1.537e+06  1.399e+06   1.39e+06  1.572e+06  1.091e+06  1.656e+06  1.235e+06  1.521e+06  1.762e+06  1.744e+06   1.57e+06  1.887e+06  1.737e+06  1.728e+06   2.14e+06  1.455e+06  -1.77e+06 -8.295e+05  3.375e+05 -2.387e+05  5.445e+05   5.87e+05  -2.05e+06  3.092e+05 -7.469e+05  4.398e+05 -8.745e+04  9.308e+05  9.023e+05  3.031e+05  8.849e+05  7.612e+05 -1.933e+05  5.431e+05 -1.445e+05  9.956e+05 -1.166e+06  1.646e+05   1.82e+06  6.583e+05  2.118e+06  1.329e+06  8.143e+05  1.646e+06  1.033e+06  7.423e+05  1.543e+06  1.034e+06   1.09e+06  1.739e+06  1.897e+06  1.316e+06 -3.977e+04  1.147e+06  4.368e+05  1.152e+06  1.185e+06  2.027e+06  1.669e+06  8.418e+05  3.818e+05  2.099e+06  1.263e+06  4.884e+05
  6.383e+05   8.14e+05  9.671e+05  6.355e+05  8.666e+05      6e+05  3.799e+05  1.557e+05  5.578e+05  8.155e+05 -2.943e+06 -1.948e+04 -7.401e+06 -4.737e+07 -1.518e+06  -7.37e+05  2.568e+05  3.764e+05  3.392e+05  3.891e+05       3511  2.559e+05  3.532e+05  5.262e+05 -1.837e+05  3.842e+05  4.096e+05  4.843e+05  2.452e+05      1e+06  1.271e+06  2.244e+05  5.717e+05   4.14e+05  5.852e+05  6.752e+05  -5.22e+05  3.301e+05  7.498e+04  1.612e+05      -4468  4.219e+05  4.691e+05  4.712e+05  4.264e+05  6.337e+05  4.535e+05  1.266e+06  8.216e+05  7.154e+04 -5.653e+05  3.185e+05 -3.793e+05  3.698e+05  6.122e+05  4.581e+05  3.933e+05  5.666e+05  5.261e+05   5.74e+05  8.416e+05  8.853e+05  8.595e+05   7.35e+05   6.66e+05  1.022e+06  9.072e+05  9.719e+05  7.188e+05  7.072e+05  4.788e+05  6.463e+05  7.442e+05  6.998e+05  7.511e+05   7.32e+05  8.753e+05  1.111e+06  8.889e+05  9.959e+05  1.092e+06  9.447e+05  9.257e+05  8.917e+05  1.002e+06   1.11e+06  1.199e+06   1.19e+06  1.212e+06  1.378e+06  1.334e+06  1.156e+06  1.071e+06  2.955e+04   1.45e+05  5.367e+05  4.351e+05  5.634e+05  7.975e+05  1.706e+05  5.904e+05  2.819e+05  5.674e+05  3.081e+05   7.47e+05  6.809e+05  9.527e+05   6.57e+05  6.518e+05  6.113e+05  4.461e+05  3.414e+05  9.986e+05  8.901e+05  1.088e+06  1.007e+06 -1.762e+05    1.2e+06  9.207e+05  1.295e+06  1.244e+06  3.144e+05  1.362e+06  1.014e+06  5.303e+05  9.959e+05  7.787e+05  6.916e+05  1.014e+06  4.847e+05  6.697e+05  2.924e+05  6.571e+05  7.937e+05   8.34e+05  7.419e+05  8.697e+05  1.497e+06  9.102e+05  7.402e+05  3.542e+05
  7.704e+05  1.002e+06  1.226e+06  8.397e+05  9.171e+05  6.901e+05  2.381e+05  1.017e+05  4.899e+05  5.097e+05 -1.113e+07  1.604e+05 -2.455e+07 -1.518e+06 -8.753e+07 -3.469e+06 -1.289e+05  7.936e+05  5.723e+05  6.011e+05 -5.625e+05  3.489e+05  5.451e+05  6.033e+05  -1.81e+06   2.32e+05  5.856e+05  6.135e+05  8.562e+05  4.773e+05  1.032e+06 -2.451e+04  6.476e+05  4.947e+05  7.044e+05  3.355e+05 -1.642e+06 -3.714e+04  2.278e+05  2.938e+05  1.724e+05  6.451e+05  4.452e+05  5.599e+05  5.881e+05  3.964e+05  6.974e+05  1.994e+05  8.743e+05 -1.858e+05 -3.924e+04  5.162e+05  2.143e+05  9.708e+05  7.695e+05  8.598e+05      -4349  7.639e+05  3.116e+05  1.006e+06  1.064e+06  1.018e+06  1.099e+06  1.027e+06  9.723e+05  4.207e+05  8.346e+05  1.279e+06  1.015e+06  1.025e+06  8.757e+05  1.014e+06  1.024e+06   9.38e+05   1.21e+06   1.03e+06  1.194e+06  1.664e+06  1.494e+06  1.052e+06  1.405e+06  1.233e+06   1.37e+06  1.325e+06  1.507e+06  1.798e+06  1.635e+06  1.959e+06  1.578e+06  1.353e+06  1.753e+06  1.908e+06  1.295e+06 -1.329e+05  2.278e+05  5.504e+05  5.814e+05  5.906e+05  6.888e+05  3.251e+05  7.545e+05  7.373e+05  7.135e+05  3.737e+05   6.37e+05  8.102e+05  6.179e+05  6.769e+05  4.612e+05  5.103e+05  4.046e+05  -2.87e+05  2.539e+05  -1.79e+05  2.685e+05  8.251e+05  1.331e+06  1.495e+06  4.289e+05  1.086e+06  -1.09e+04  5.978e+05  7.096e+05  1.773e+05  9.065e+05  3.838e+05  9.699e+05  4.518e+05  1.691e+06  2.338e+05  7.158e+05  5.119e+05  3.656e+05  5.839e+05  1.091e+06   1.19e+06  6.694e+05  6.844e+05   1.16e+06  5.235e+05  4.175e+05
 -4.544e+05  1.454e+06   1.31e+06  9.378e+05  1.604e+06  -1.09e+06 -1.408e+07 -2.045e+06 -5.678e+06 -2.927e+07 -2.893e+07 -3.182e+05 -1.427e+07  -7.37e+05 -3.469e+06 -3.255e+08 -9.753e+06 -1.034e+06 -4.179e+04 -2.602e+05  -9.63e+06 -2.867e+06 -4.571e+05  -3.07e+05 -1.093e+07  -3.25e+06 -1.131e+06   1.09e+05  -2.97e+05  1.837e+06  1.363e+06 -2.779e+06 -4.671e+05 -1.536e+06 -5.344e+05  3.454e+05 -8.078e+06 -1.504e+06 -4.133e+06       8445  -3.79e+06 -4.593e+05 -3.031e+06  2.359e+05 -6.036e+05   1.21e+06  9.935e+05  1.851e+06  1.654e+06 -1.182e+07 -6.447e+06 -7.068e+05 -6.999e+06 -1.431e+06 -1.605e+04  2.288e+05  -4.87e+06 -6.953e+05 -5.399e+06 -9.462e+05  1.172e+06  1.402e+06  1.528e+06  6.637e+05  1.014e+06  3.008e+06  2.369e+06  1.027e+06  1.139e+06  1.181e+06 -2.776e+06  1.919e+05 -1.779e+06  7.569e+05 -6.394e+05  9.963e+05  1.036e+06  1.672e+06  1.659e+06  1.502e+06  1.757e+06   1.39e+06  1.099e+06  1.423e+06  1.307e+06  1.897e+06  2.151e+06   1.54e+06  2.245e+06  2.176e+06  2.034e+06  2.495e+06  1.631e+06 -6.266e+06 -2.913e+06 -3.776e+05 -1.835e+06 -4.443e+05 -4.829e+05 -5.887e+06 -5.844e+05 -3.041e+06  1.453e+04 -7.901e+05  9.434e+05  1.398e+06  6.781e+05  1.099e+06  6.189e+05 -1.451e+06  1.091e+06 -6.709e+05  1.159e+06  2.639e+06  -2.37e+06  2.206e+06  5.881e+05  2.201e+06  2.341e+06  1.116e+06  1.621e+06  2.837e+06  1.124e+06  2.301e+06  9.145e+05  1.931e+06  1.913e+06  2.922e+06  1.975e+06 -7.297e+05  1.514e+06  6.483e+05  7.799e+05  1.097e+06  1.789e+06  1.744e+06  1.343e+06  2.362e+06  3.129e+06  2.058e+06    4.6e+05
  9.573e+05  1.886e+06  2.132e+06  1.754e+06  1.746e+06  6.386e+05 -2.853e+06 -4.659e+05 -1.136e+06 -3.319e+06 -3.679e+06 -2.388e+04 -2.036e+06  2.568e+05 -1.289e+05 -9.753e+06 -4.408e+08  4.752e+05  2.259e+05  4.478e+05 -2.122e+08 -4.386e+06 -1.029e+06   -7.8e+05 -9.098e+07  -9.52e+06 -2.162e+06 -5.723e+05  5.493e+04  1.084e+06  1.852e+06  -5.18e+06   -2.2e+06 -3.773e+06 -1.352e+06 -9.202e+05 -2.305e+07 -4.329e+06 -1.021e+07 -4.893e+05 -9.129e+06 -1.543e+06 -4.932e+06 -8.464e+05 -1.882e+06 -1.179e+05 -4.499e+05  1.623e+06  7.021e+05 -4.864e+07 -1.298e+07 -1.135e+06 -1.035e+07 -2.463e+06 -4.397e+05  1.464e+05 -7.488e+06 -1.577e+06 -7.162e+06 -1.919e+06  4.748e+05  1.129e+06  1.444e+06  1.815e+05  1.179e+06  1.751e+06  2.866e+06  4.224e+05  1.475e+06  1.348e+06 -3.836e+06 -1.049e+05 -1.701e+06  8.191e+05 -6.691e+05  9.756e+05   1.06e+06  1.852e+06  1.498e+06  1.737e+06  2.242e+06  1.516e+06  1.428e+06   1.76e+06  2.088e+06  1.916e+06  1.978e+06  1.998e+06  2.101e+06  2.124e+06  2.459e+06  2.952e+06  1.939e+06 -1.199e+07 -6.085e+06 -8.202e+05 -3.266e+06 -3.219e+05 -1.174e+06 -8.318e+06  -9.36e+05     -5e+06 -4.034e+04 -7.644e+05   2.01e+06  1.221e+06 -7.914e+05  7.928e+05  1.067e+06 -1.501e+06  4.085e+05 -3.374e+05  1.882e+06      -7869  1.859e+05  1.682e+06  2.817e+06  1.528e+06  7.612e+05  3.567e+06  2.403e+06  2.628e+06  3.273e+06  3.482e+06   1.44e+06  7.969e+05   1.88e+06  2.921e+06  4.723e+06 -6.026e+05  1.734e+06   4.87e+05  1.606e+06  1.194e+06  1.506e+06   2.12e+06  2.672e+06  1.301e+06  3.009e+06  2.055e+06  6.397e+05
  5.954e+05  9.904e+05  1.209e+06  9.371e+05  9.871e+05  4.513e+05  6.075e+04  3.591e+05   2.95e+05 -2.503e+04 -7.239e+05  6.223e+04  1.622e+05  3.764e+05  7.936e+05 -1.034e+06  4.752e+05 -6.052e+07  -7.83e+06 -1.352e+07 -7.005e+06 -1.144e+06 -5.066e+04 -1.371e+05 -3.671e+06 -1.018e+06 -5.026e+05  2.585e+05  5.217e+05  1.423e+06  9.328e+05 -1.503e+06 -8.033e+04 -1.169e+06 -2.629e+05  2.094e+05  -2.94e+06 -3.659e+05 -2.227e+06       8659 -2.176e+06 -2.247e+05 -1.167e+06  3.953e+05 -4.695e+05  7.184e+05  5.164e+05  1.135e+06  7.408e+05 -9.693e+05 -3.362e+06  -2.46e+05 -2.716e+06 -6.792e+05  2.795e+05  1.987e+05 -1.486e+06  2.031e+05 -1.941e+06 -8.278e+04  7.371e+05  9.314e+05  1.057e+06  6.912e+05  7.486e+05  1.574e+06  1.676e+06  7.756e+05  8.379e+05  7.627e+05 -8.186e+05  2.465e+05 -2.909e+05  5.171e+05  2.124e+05  7.316e+05  6.805e+05   8.94e+05  1.177e+06  9.759e+05  1.211e+06  7.754e+05  8.575e+05  8.077e+05  8.884e+05   1.08e+06  1.225e+06  1.309e+06  1.545e+06  1.426e+06   1.43e+06  1.868e+06  9.735e+05 -1.265e+06 -3.082e+05  3.849e+05 -9.482e+04  6.593e+05  4.552e+04 -1.147e+06  8.521e+04 -3.629e+05  5.019e+05  1.578e+06  1.162e+06  1.168e+06  6.219e+05  8.332e+05   7.81e+05   3.74e+05  9.572e+05  7.553e+05  1.287e+06  6.561e+05  7.551e+05  1.361e+06  1.507e+06  1.679e+06  1.551e+06  1.261e+06  2.174e+06  2.034e+06  9.465e+05  2.606e+06   5.52e+05  1.652e+06  1.237e+06  1.862e+06  1.655e+06  8.022e+05  1.352e+06  5.312e+05  1.488e+06   1.09e+06  1.656e+06  6.015e+05  1.827e+06  1.778e+06  1.526e+06  1.442e+06  3.655e+05
  3.787e+05  5.265e+05  5.931e+05  5.229e+05  5.327e+05  2.928e+05  2.579e+05  2.816e+05  2.972e+05  3.076e+05  6.969e+04  1.518e+05  3.552e+05  3.392e+05  5.723e+05 -4.179e+04  2.259e+05  -7.83e+06 -1.605e+07  5.714e+05 -1.301e+06 -1.148e+05  2.724e+05  9.799e+04 -9.559e+05 -1.226e+05  7.396e+04  4.774e+05   4.53e+05  8.065e+05  8.049e+05 -2.333e+05  1.343e+05 -2.482e+05  1.094e+05  2.896e+05 -7.875e+05   1.44e+05 -5.248e+05  1.354e+05 -4.972e+05  7.002e+04 -2.056e+05  4.798e+05 -1.325e+04  5.395e+05  2.905e+05  6.899e+05  6.815e+05 -6.783e+04 -7.592e+05  1.355e+05 -5.158e+05 -5.014e+04  2.351e+05  2.141e+05 -1.433e+05  3.523e+05 -1.479e+05  1.787e+05  4.404e+05  5.764e+05  6.357e+05  4.588e+05  5.266e+05  8.671e+05  8.191e+05  4.406e+05  5.436e+05  4.715e+05  5.429e+04  2.726e+05  2.303e+05  3.577e+05  3.714e+05    5.3e+05  5.134e+05  5.692e+05  6.658e+05   5.74e+05  6.188e+05  6.768e+05  5.286e+05  5.326e+05  4.894e+05  6.581e+05  6.976e+05  7.238e+05  8.608e+05  9.367e+05  7.689e+05   8.31e+05  6.109e+05 -3.025e+04  2.497e+05  3.743e+05  2.366e+05  5.614e+05  2.984e+05  8.155e+04  2.957e+05  1.938e+05  4.846e+05  1.334e+06  8.936e+05  8.286e+05  5.956e+05   5.74e+05  7.148e+05  5.253e+05  5.928e+05   6.36e+05  9.821e+05  5.749e+05  5.436e+05  8.109e+05  1.017e+06  7.778e+05  8.866e+05  9.903e+05  8.814e+05  9.837e+05   1.06e+06   1.26e+06  8.283e+05  8.527e+05  9.981e+05  1.095e+06  9.854e+05  5.642e+05  8.614e+05  6.477e+05  8.112e+05  7.374e+05  9.761e+05  7.159e+05  9.885e+05  1.101e+06  1.139e+06  1.203e+06  1.928e+05
  4.524e+05  6.687e+05  7.932e+05   6.36e+05  6.757e+05  4.015e+05  2.598e+05  3.185e+05  3.489e+05  2.803e+05 -1.062e+05  1.969e+05  3.444e+05  3.891e+05  6.011e+05 -2.602e+05  4.478e+05 -1.352e+07  5.714e+05 -2.225e+07  -2.29e+06 -2.206e+05  2.147e+05  1.954e+05 -1.127e+06  -2.81e+05  2.709e+04  4.108e+05   4.13e+05  1.015e+06  5.502e+05  -4.96e+05  1.252e+05 -6.295e+04  1.378e+05  3.715e+05  -1.17e+06  9.886e+04 -6.851e+05  2.003e+05 -6.174e+05  1.937e+05 -2.052e+05   4.91e+05  6.692e+04  6.311e+05  5.179e+05  7.662e+05  8.764e+05 -1.686e+05 -1.045e+06  1.185e+05 -7.655e+05   4.97e+04  3.852e+05  3.038e+05  -3.42e+05  3.039e+05 -5.922e+05   2.86e+05  6.832e+05   7.15e+05   7.41e+05  5.648e+05  6.124e+05  9.719e+05  9.585e+05  6.663e+05  6.429e+05  6.192e+05 -1.423e+05  3.154e+05  1.013e+05  4.299e+05  3.359e+05  5.795e+05  5.371e+05  7.771e+05  7.756e+05  7.121e+05   8.73e+05  8.171e+05  7.534e+05  7.233e+05  7.187e+05  8.176e+05  9.385e+05  7.371e+05  9.258e+05  8.201e+05  8.587e+05  1.097e+06  7.822e+05 -6.456e+04  9.373e+04  4.374e+05  1.676e+05  6.032e+05  3.079e+05 -9.343e+04  2.607e+05  1.653e+05  4.177e+05  1.288e+06  8.302e+05  7.377e+05  5.925e+05  7.062e+05  5.789e+05  3.465e+05  7.281e+05  6.448e+05  8.753e+05   8.73e+05  7.329e+05  8.293e+05  8.098e+05  1.172e+06   9.59e+05  8.423e+05  1.161e+06  6.183e+05  1.088e+06  9.528e+05  8.385e+05  1.047e+06  7.554e+05  1.179e+06  1.502e+06  8.043e+05  9.006e+05  5.632e+05  9.447e+05   9.75e+05   1.01e+06  4.357e+05  1.151e+06  1.453e+06  1.102e+06   9.32e+05  2.693e+05
  1.011e+06   2.07e+06  2.118e+06   1.52e+06  2.201e+06  7.189e+05 -3.124e+06  -7.31e+05 -1.174e+06 -4.219e+06 -4.137e+06   3.22e+05 -2.657e+06       3511 -5.625e+05  -9.63e+06 -2.122e+08 -7.005e+06 -1.301e+06  -2.29e+06 -8.326e+08  -8.38e+06 -1.865e+06 -1.477e+06 -1.862e+08 -1.356e+07 -3.549e+06 -2.601e+06 -1.156e+06  1.728e+06 -4.382e+05 -7.874e+06 -3.466e+06 -7.166e+06 -2.119e+06 -2.096e+06 -4.199e+07 -7.421e+06 -1.577e+07 -1.227e+06 -1.374e+07 -2.856e+06 -7.425e+06 -1.966e+06 -3.758e+06 -5.048e+05 -1.912e+06   1.16e+06  4.146e+05 -4.048e+07  -1.48e+07 -1.157e+06  -1.27e+07 -2.044e+06  -2.72e+05  2.599e+05 -7.689e+06 -1.514e+06     -7e+06  -1.38e+06   3.98e+05   1.59e+06  1.678e+06  9.004e+05  7.609e+05  1.045e+06  2.477e+06  6.367e+05  1.347e+06  1.393e+06 -3.703e+06  1.055e+05 -1.023e+06  1.159e+06  1.058e+05  1.631e+06  1.538e+06  2.033e+06  1.683e+06  2.135e+06  2.165e+06  1.597e+06  1.856e+06  1.716e+06  2.733e+06  2.216e+06  3.347e+06  2.505e+06  1.597e+06  3.247e+06  2.436e+06  2.602e+06  2.399e+06 -1.343e+07 -7.746e+06 -6.961e+05 -4.217e+06 -9.449e+05 -1.128e+06 -9.256e+06 -1.226e+06 -5.554e+06 -8.694e+05 -1.019e+06  2.134e+06  7.035e+05  1.035e+06  7.152e+05  9.411e+05 -2.418e+06  3.942e+05  2.006e+05  2.714e+06 -1.676e+06 -5.779e+05  9.255e+05  4.383e+06  1.883e+06 -3.976e+05  2.964e+06  9.684e+05 -9.062e+05  2.182e+06 -1.329e+06  5.473e+05  1.952e+06   2.12e+06  3.452e+06   3.33e+06 -4.981e+04  2.173e+06  8.864e+05  2.181e+06  2.452e+05  9.875e+05 -1.047e+06  1.282e+06  3.481e+06  3.366e+06 -7.392e+05  7.564e+05
  9.824e+05  1.474e+06   1.78e+06  1.376e+06  1.631e+06  7.932e+05 -5.757e+05  3.009e+04  2.837e+04 -3.452e+05 -1.764e+06  2.987e+05 -7.431e+05  2.559e+05  3.489e+05 -2.867e+06 -4.386e+06 -1.144e+06 -1.148e+05 -2.206e+05  -8.38e+06 -2.015e+08 -2.677e+07 -1.309e+07 -3.684e+07 -5.966e+06 -2.339e+06  -6.62e+05 -6.707e+05  1.359e+06 -1.468e+05  -3.87e+06 -1.094e+06 -2.882e+06 -1.113e+06 -7.829e+05 -1.048e+07 -2.894e+06 -6.483e+06 -4.037e+05   -5.5e+06 -1.241e+06 -3.075e+06 -5.535e+05 -1.445e+06  2.222e+05  1.688e+05  1.679e+06  1.143e+06 -3.943e+06 -6.934e+06 -4.717e+05 -6.036e+06  -7.38e+05  5.414e+05  4.671e+05  -3.96e+06 -2.376e+05 -3.428e+06 -3.472e+05  9.753e+05   1.37e+06  1.201e+06  7.167e+05  1.192e+06  2.253e+06    2.1e+06  6.478e+05  1.145e+06  1.318e+06 -1.843e+06  3.965e+05 -8.522e+05  9.078e+05  1.554e+05  1.198e+06  8.689e+05  1.957e+06  2.035e+06  1.603e+06  1.866e+06  1.017e+06  1.568e+06  1.548e+06  2.036e+06  2.031e+06  2.204e+06  1.944e+06  2.747e+06  1.965e+06  2.226e+06  2.775e+06  1.745e+06 -4.321e+06 -2.301e+06 -2.204e+05 -1.572e+06  9.871e+04 -4.999e+05 -3.393e+06 -1.307e+05  -1.51e+06 -4.407e+05  1.088e+05  1.296e+06  6.053e+05  5.817e+05  1.022e+06  8.442e+05 -2.825e+05  4.431e+05  5.219e+05  1.105e+06  9.748e+05 -2.315e+05  1.515e+06  9.285e+05  1.852e+06  2.228e+06  1.887e+06  2.047e+06  1.474e+06  1.319e+06  1.885e+06  3.087e+05   1.19e+06  1.021e+06  1.474e+06  2.039e+06  2.456e+04  1.611e+06  3.865e+05  1.424e+06  1.326e+06  2.039e+06  2.061e+06  2.216e+06  2.469e+06  2.113e+06   1.06e+06  5.753e+05
