
 72

((monodelphis_domestica: 0.025240, (notamacropus_eugenii: 0.022042, sarcophilus_harrisii: 0.026591): 0.005353): 0.045119, ((choloepus_hoffmanni: 0.026261, dasypus_novemcinctus: 0.031952): 0.009946, ((echinops_telfairi: 0.052133, (procavia_capensis: 0.030632, loxodonta_africana: 0.021163): 0.005849): 0.009296, (((sorex_araneus: 0.052922, erinaceus_europaeus: 0.047889): 0.008916, ((pteropus_vampyrus: 0.023210, myotis_lucifugus: 0.035896): 0.006145, (((felis_catus: 0.001427, (panthera_tigris_altaica: 0.001674, panthera_pardus: 0.000623): 0.001052): 0.011234, (canis_familiaris: 0.013977, (mustela_putorius_furo: 0.014044, ailuropoda_melanoleuca: 0.011522): 0.002453): 0.002926): 0.008419, (equus_caballus: 0.021050, (vicugna_pacos: 0.022768, (sus_scrofa: 0.019664, (tursiops_truncatus: 0.016918, (bos_taurus: 0.005751, (ovis_aries: 0.004485, capra_hircus: 0.002225): 0.004046): 0.016155): 0.003076): 0.001544): 0.006225): 0.000813): 0.000472): 0.001127): 0.003785, ((tupaia_belangeri: 0.034047, ((oryctolagus_cuniculus: 0.022541, ochotona_princeps: 0.036166): 0.016432, (ictidomys_tridecemlineatus: 0.023630, (((fukomys_damarensis: 0.016199, heterocephalus_glaber_female: 0.013732): 0.006078, ((cavia_porcellus: 0.001006, cavia_aperea: 0.005104): 0.020203, (chinchilla_lanigera: 0.012516, octodon_degus: 0.020610): 0.002723): 0.004457): 0.018878, (dipodomys_ordii: 0.041566, (jaculus_jaculus: 0.035444, (nannospalax_galili: 0.023273, (((mesocricetus_auratus: 0.011123, cricetulus_griseus_chok1gshd: 0.007980): 0.005011, (peromyscus_maniculatus_bairdii: 0.012057, microtus_ochrogaster: 0.014562): 0.000899): 0.003852, ((mus_pahari: 0.005672, (mus_caroli: 0.002752, (mus_musculus: 0.001308, mus_spretus: 0.001485): 0.001527): 0.002588): 0.005638, rattus_norvegicus: 0.013012): 0.009261): 0.013322): 0.006325): 0.006498): 0.003457): 0.001179): 0.003957): 0.002066): 0.000634, ((otolemur_garnettii: 0.023580, (propithecus_coquereli: 0.007716, microcebus_murinus: 0.010391): 0.006275): 0.006060, (carlito_syrichta: 0.027100, (((aotus_nancymaae: 0.005293, callithrix_jacchus: 0.005907): 0.000225, (saimiri_boliviensis_boliviensis: 0.005166, cebus_capucinus: 0.004490): 0.000687): 0.006826, (((chlorocebus_sabaeus: 0.001979, ((papio_anubis: 0.001196, (cercocebus_atys: 0.001472, mandrillus_leucophaeus: 0.001187): 0.000221): 0.000258, (macaca_nemestrina: 0.000855, (macaca_mulatta: 0.000735, macaca_fascicularis: 0.000349): 0.000204): 0.000705): 0.000520): 0.000852, (colobus_angolensis_palliatus: 0.002475, (rhinopithecus_roxellana: 0.000512, rhinopithecus_bieti: 0.000972): 0.001831): 0.001081): 0.003288, (nomascus_leucogenys: 0.005022, (pongo_abelii: 0.004075, (gorilla_gorilla: 0.001924, ((pan_troglodytes: 0.000597, pan_paniscus: 0.000819): 0.000813, homo_sapiens: 0.001406): 0.000314): 0.001436): 0.000479): 0.001668): 0.003082): 0.009684): 0.001784): 0.003035): 0.003780): 0.004237): 0.000985): 0.057988, ornithorhynchus_anatinus: 0.145363);

  0.045119  0.025240  0.005353  0.022042  0.026591  0.057988  0.009946  0.026261  0.031952  0.000985  0.009296  0.052133  0.005849  0.030632  0.021163  0.004237  0.003785  0.008916  0.052922  0.047889  0.001127  0.006145  0.023210  0.035896  0.000472  0.008419  0.011234  0.001427  0.001052  0.001674  0.000623  0.002926  0.013977  0.002453  0.014044  0.011522  0.000813  0.021050  0.006225  0.022768  0.001544  0.019664  0.003076  0.016918  0.016155  0.005751  0.004046  0.004485  0.002225  0.003780  0.000634  0.034047  0.002066  0.016432  0.022541  0.036166  0.003957  0.023630  0.001179  0.018878  0.006078  0.016199  0.013732  0.004457  0.020203  0.001006  0.005104  0.002723  0.012516  0.020610  0.003457  0.041566  0.006498  0.035444  0.006325  0.023273  0.013322  0.003852  0.005011  0.011123  0.007980  0.000899  0.012057  0.014562  0.009261  0.005638  0.005672  0.002588  0.002752  0.001527  0.001308  0.001485  0.013012  0.003035  0.006060  0.023580  0.006275  0.007716  0.010391  0.001784  0.027100  0.009684  0.006826  0.000225  0.005293  0.005907  0.000687  0.005166  0.004490  0.003082  0.003288  0.000852  0.001979  0.000520  0.000258  0.001196  0.000221  0.001472  0.001187  0.000705  0.000855  0.000204  0.000735  0.000349  0.001081  0.002475  0.001831  0.000512  0.000972  0.001668  0.005022  0.000479  0.004075  0.001436  0.001924  0.000314  0.000813  0.000597  0.000819  0.001406  0.145363

  4.883316  0.708548 -2.204746 18.224734  7.711197  4.753495 -1.161910  3.484767  8.320924 36.751040 10.279372  0.389477 -2.592539  7.554448 16.343429 62.988577 40.081415 -10.855564  0.796062 -1.741970 53.490739 -48.484732 -3.950253 12.892381  8.303476 15.534063 13.740970 -3.608381 -6.363555  3.365754 17.274589 11.421843 10.783016  2.880036  7.347394  5.229654 -41.894086  4.487644 -7.274907 -1.329462  5.170170 12.513057 -4.010974  7.344949  9.403458 39.206733 33.503827  5.359011  3.103712 10.911112 -5.509936  8.123933 64.333242  4.764586  2.787025  3.415500 38.683080 -1.892434 -26.474227 33.491396  3.369536 27.879214 36.013319 27.500450 37.939280 28.209336 32.597550 18.334382 35.007974 33.653570 -4.826195 28.630870 22.725613  2.428494 10.605878 -3.713376 29.667868 21.709320 -4.726065 18.439961  8.149236 -11.184441  6.202331 33.376860 34.105837 28.079382 29.912062 31.899047 31.448051 28.380629 28.145003 95.653802 35.891795 25.849574 53.765410 23.583765 28.191182 31.921586 28.205385 -24.822031 10.391354  7.784973 24.161221 -102.608684 38.372269 35.386134 47.818482 32.688192 34.916818 29.135096 26.771331 33.629331 18.180698 85.264778 220.796834 111.662453 27.318958 21.314545 79.775550 34.453287 35.136698 71.604105 102.984456 121.383429 75.802208 99.015288 23.184727 102.877133 101.173645 86.636089 35.417285 73.632340  6.492799 91.547961 97.489549 109.749822 74.556954 113.516299  7.016423 25.594015  0.195150


Hessian

 -3.324e+07 -1.529e+06 -5.747e+06 -1.437e+06 -8.306e+05 -1.595e+07  1.948e+06  7.705e+05  1.715e+06 -9.271e+06  1.058e+06  9.422e+05   1.29e+06  1.215e+06  1.564e+06 -9.583e+05  8.397e+05  9.503e+05  7.257e+05   7.88e+05  4.397e+05  1.489e+06  1.599e+06  1.501e+06   3.54e+05  1.201e+06  1.522e+06  1.497e+06  1.529e+06  2.086e+06  1.987e+06  1.172e+06  1.297e+06  1.491e+06  1.554e+06  1.674e+06  1.232e+06  1.463e+06  1.676e+06  9.516e+05  1.597e+06  1.548e+06   1.71e+06  1.916e+06  1.558e+06   1.94e+06  1.936e+06  2.191e+06  2.312e+06   7.87e+05  5.895e+05  9.415e+05  9.173e+05  1.353e+06  1.542e+06  1.088e+06  8.282e+05  1.132e+06  6.097e+05  1.458e+06  1.703e+06  1.746e+06  1.706e+06  1.497e+06  1.457e+06  1.969e+06  2.006e+06  1.612e+06   1.73e+06  1.574e+06   1.02e+06  1.196e+06  1.209e+06  1.248e+06  1.055e+06  1.226e+06  1.243e+06  1.375e+06  1.415e+06  1.654e+06   1.31e+06  1.783e+06  1.423e+06  1.283e+06  1.397e+06  1.481e+06   1.43e+06   1.85e+06  1.746e+06  1.636e+06  2.074e+06  1.782e+06  1.759e+06  9.464e+05  1.177e+06  1.343e+06  1.587e+06  1.726e+06  1.557e+06  8.682e+05   1.27e+06  1.058e+06  1.481e+06  2.037e+06  2.185e+06  1.662e+06  1.888e+06  1.772e+06  1.773e+06  1.196e+06  1.449e+06  1.695e+06  1.929e+06  2.415e+06  3.049e+06   2.34e+06   3.09e+06  2.811e+06   2.19e+06  1.421e+06  2.604e+06  2.452e+06  2.887e+06  2.482e+06  1.895e+06  1.847e+06  1.514e+06  1.991e+06  2.548e+06  1.333e+06  1.996e+06  1.311e+06  1.883e+06   1.54e+06  2.184e+06   1.44e+06  2.245e+06  2.645e+06  2.392e+06  2.488e+06 -1.622e+05
 -1.529e+06 -9.561e+07 -3.031e+07 -5.052e+06 -5.436e+06 -3.554e+05  1.874e+06  8.506e+05  1.743e+06  1.335e+06  1.977e+06  1.305e+06  1.903e+06  1.464e+06   1.73e+06  1.677e+06  2.192e+06  1.552e+06  1.017e+06  1.097e+06  2.085e+06  2.558e+06  1.962e+06  1.827e+06  1.417e+06   1.92e+06  1.897e+06  1.422e+06  1.728e+06  1.644e+06  2.873e+06  1.685e+06  1.565e+06  1.611e+06  1.833e+06   1.85e+06  2.408e+06  1.839e+06  2.642e+06  1.119e+06  2.494e+06  1.735e+06  2.231e+06  1.928e+06      2e+06  1.324e+06  1.689e+06  1.884e+06  1.186e+06  1.865e+06  2.011e+06  1.135e+06   2.32e+06  2.036e+06  1.628e+06  1.582e+06  2.236e+06  1.504e+06  2.246e+06  2.142e+06  1.878e+06  1.597e+06   1.95e+06  2.154e+06  1.743e+06  2.202e+06  1.367e+06  1.845e+06   1.94e+06  1.629e+06  2.151e+06  1.517e+06  2.023e+06  1.511e+06  1.744e+06  1.425e+06  1.997e+06   1.42e+06  1.325e+06  1.385e+06  1.156e+06  1.873e+06  1.434e+06  1.641e+06  1.719e+06  1.426e+06  1.524e+06  1.468e+06  1.242e+06  1.453e+06  1.677e+06  2.179e+06  1.724e+06  1.612e+06  1.983e+06  1.592e+06  2.113e+06  1.858e+06  1.916e+06   2.44e+06  1.745e+06  2.185e+06  2.056e+06  1.974e+06  2.069e+06  2.011e+06   2.72e+06  1.671e+06  1.965e+06  1.993e+06   1.73e+06  1.676e+06  1.161e+06  1.273e+06 -7.975e+05  1.728e+06  2.501e+05  2.367e+06  1.315e+06  1.742e+06  1.343e+06  5.965e+05  1.577e+06  1.797e+06    1.1e+06  2.001e+06  1.343e+06  7.732e+05  2.314e+06  2.093e+06  2.255e+06  1.286e+06  1.552e+06  1.905e+06  1.692e+06  1.858e+06  2.077e+06  1.943e+06  8.106e+05  2.005e+06  2.975e+05
 -5.747e+06 -3.031e+07 -2.193e+08 -1.702e+07 -2.093e+07 -3.044e+06   2.18e+06  8.797e+05  1.941e+06 -4.904e+05  1.851e+06  1.443e+06  2.003e+06  1.601e+06  1.927e+06  1.325e+06  2.502e+06  1.653e+06  1.038e+06  1.193e+06  2.187e+06  2.747e+06  2.095e+06  1.937e+06  1.025e+06  1.924e+06  1.724e+06  2.044e+06  1.771e+06  2.041e+06  2.769e+06  1.577e+06   1.69e+06  1.367e+06  2.138e+06  2.047e+06   1.76e+06  2.147e+06  2.512e+06  1.179e+06  2.852e+06   2.16e+06  3.102e+06  2.104e+06  2.217e+06  1.864e+06  1.966e+06  1.706e+06  2.061e+06  2.075e+06  2.935e+06  1.477e+06  2.404e+06  2.345e+06  2.178e+06  1.562e+06  2.287e+06  1.657e+06  1.513e+06   2.22e+06  2.298e+06  2.065e+06  2.012e+06  2.272e+06  2.046e+06  2.204e+06  1.802e+06   1.68e+06  2.364e+06  2.102e+06  2.252e+06  1.644e+06  2.238e+06  1.709e+06  2.144e+06  1.511e+06  2.254e+06  1.622e+06  1.739e+06  1.776e+06  1.167e+06  2.075e+06  1.543e+06  2.023e+06  1.901e+06  1.894e+06  1.867e+06   2.07e+06  1.867e+06  2.078e+06  1.642e+06  1.861e+06  2.076e+06  1.743e+06  2.386e+06  1.732e+06  2.216e+06  2.097e+06  2.038e+06  1.816e+06  1.706e+06  2.161e+06  2.249e+06  2.669e+06  2.009e+06  2.089e+06  2.559e+06  2.052e+06  1.945e+06  1.653e+06  1.685e+06  2.155e+06  2.228e+06  2.118e+06  2.468e+05  2.846e+06  2.395e+06  2.269e+06   2.82e+06  3.007e+06  2.499e+06  1.255e+06  2.362e+06  2.704e+06  1.425e+06  2.038e+06  1.695e+06  2.054e+06  2.614e+06   1.86e+06  2.609e+06 -2.049e+05  2.318e+06  1.419e+06  1.866e+06  1.414e+06  2.281e+06  1.978e+06   2.41e+06  2.089e+06  3.038e+05
 -1.437e+06 -5.052e+06 -1.702e+07 -9.574e+07  -5.82e+06 -7.709e+05  1.696e+06  6.013e+05  1.561e+06  7.198e+05  1.837e+06  1.116e+06  1.568e+06  9.639e+05  1.511e+06  1.315e+06  2.098e+06  1.241e+06  9.552e+05  9.515e+05  2.021e+06  1.732e+06  1.268e+06   1.61e+06  1.993e+06  1.867e+06  1.743e+06   1.36e+06  1.732e+06  1.533e+06  1.445e+06  1.893e+06  1.224e+06  1.305e+06  1.761e+06  1.594e+06  1.689e+06  1.527e+06  2.006e+06  7.208e+05   2.19e+06  1.572e+06  2.101e+06   1.34e+06  1.597e+06  1.642e+06  1.947e+06  1.684e+06  1.856e+06  1.881e+06  1.319e+06  1.023e+06  2.029e+06  1.872e+06  1.597e+06  1.083e+06  1.754e+06  1.436e+06  1.914e+06  2.017e+06  1.809e+06  1.372e+06  1.524e+06  1.658e+06   1.55e+06   1.92e+06  1.161e+06  1.798e+06  1.551e+06  1.459e+06  1.978e+06  1.371e+06  1.728e+06   1.18e+06  1.725e+06  1.189e+06  1.919e+06  1.663e+06  1.386e+06  1.436e+06  1.091e+06  1.234e+06  1.651e+06  1.546e+06  1.838e+06  1.852e+06  1.844e+06  1.504e+06  1.437e+06    1.6e+06  2.654e+06  1.805e+06  1.627e+06  1.602e+06  2.048e+06  1.337e+06  1.649e+06  1.568e+06  1.501e+06  1.896e+06  1.345e+06  1.588e+06  1.396e+06  2.803e+06  1.599e+06   1.38e+06  1.953e+06  1.548e+06    1.6e+06  1.024e+06  1.229e+06  1.869e+06  9.335e+05  2.211e+06  1.684e+06  9.317e+05   1.76e+06  1.898e+06  1.833e+06  1.694e+06  1.494e+06  1.081e+06  1.993e+06  4.203e+05  1.859e+06  1.634e+06  1.239e+06  1.491e+06  1.914e+06  9.903e+05  1.497e+06  1.565e+05  1.072e+06  5.225e+05  1.838e+06  2.597e+06  1.082e+06  1.458e+06  1.354e+06  1.335e+06  3.477e+05
 -8.306e+05 -5.436e+06 -2.093e+07  -5.82e+06 -8.766e+07       -937  2.073e+06   9.13e+05  1.754e+06  1.679e+06  2.318e+06  1.332e+06  1.929e+06  1.689e+06  1.259e+06  1.763e+06  2.759e+06  1.576e+06  1.001e+06  1.059e+06  2.752e+06  2.623e+06  1.958e+06  1.577e+06  2.165e+06  2.248e+06  2.157e+06  2.123e+06    1.7e+06  1.296e+06  2.069e+06  1.422e+06  1.538e+06  1.347e+06  1.586e+06   1.68e+06  2.406e+06  1.863e+06  2.645e+06  1.106e+06  2.498e+06  1.927e+06  2.672e+06  1.977e+06  2.431e+06  1.664e+06  1.686e+06   1.22e+06  1.629e+06  2.632e+06    2.4e+06  1.353e+06  2.871e+06  2.108e+06  1.682e+06  1.463e+06  2.317e+06  1.658e+06  2.698e+06  2.576e+06  1.993e+06  1.775e+06  1.949e+06  2.019e+06   1.84e+06  1.045e+06  8.152e+05  2.349e+06  1.954e+06   1.73e+06  2.379e+06  1.521e+06  2.291e+06  1.521e+06  2.049e+06  1.605e+06  2.152e+06  1.916e+06  1.785e+06  1.652e+06  1.629e+06   2.08e+06  1.509e+06  1.617e+06   2.21e+06   1.85e+06  1.909e+06  2.023e+06  1.951e+06  1.074e+06  1.925e+06  1.598e+06  1.706e+06  2.388e+06  2.495e+06  1.532e+06  2.261e+06   2.08e+06   1.81e+06  2.381e+06  1.644e+06  2.333e+06  1.979e+06  2.137e+06  1.832e+06  1.761e+06  1.628e+06  1.793e+06  1.924e+06  1.957e+06  1.698e+06  1.827e+06  9.775e+05  1.931e+06  1.337e+06  2.154e+06  1.587e+06  1.253e+06  1.716e+06   2.07e+06  2.712e+06  2.056e+06  1.675e+06   1.11e+06  1.433e+06  2.052e+06  1.441e+06  1.017e+06  2.298e+06  1.933e+06  1.969e+06  1.094e+06  1.875e+06  2.009e+06    2.2e+06   2.03e+06  1.937e+06  1.929e+06  1.774e+06  2.491e+06  3.489e+05
 -1.595e+07 -3.554e+05 -3.044e+06 -7.709e+05       -937 -3.008e+07  1.947e+06  7.648e+05  1.663e+06 -1.531e+07  4.679e+05   7.89e+05  1.028e+06  1.114e+06  1.456e+06 -2.112e+06  1.509e+05  6.167e+05  5.593e+05  6.131e+05 -2.987e+05  1.108e+06   1.54e+06  1.241e+06 -3.917e+05  8.686e+05   1.37e+06  1.334e+06  1.308e+06  2.154e+06  1.935e+06  7.274e+05  1.273e+06  1.077e+06  1.367e+06  1.503e+06 -7.712e+04  1.181e+06  1.145e+06  8.386e+05  1.087e+06  1.343e+06  1.459e+06  1.752e+06  1.229e+06  1.957e+06  1.847e+06   2.06e+06  2.386e+06  1.426e+05 -8.373e+04  8.029e+05  1.047e+05  1.012e+06  1.307e+06  9.545e+05  2.401e+05  9.946e+05 -8.371e+04  1.118e+06  1.535e+06  1.622e+06    1.7e+06  1.267e+06  1.364e+06  2.277e+06  2.178e+06  1.389e+06  1.527e+06  1.482e+06  4.625e+05  1.078e+06  7.757e+05   1.11e+06  9.491e+05  1.194e+06  1.117e+06  1.227e+06  1.221e+06  1.632e+06  1.305e+06  1.396e+06  1.203e+06  1.247e+06  1.372e+06  1.258e+06  1.423e+06  1.637e+06  1.769e+06  1.822e+06   2.02e+06  1.889e+06  1.615e+06   5.25e+05  8.808e+05  1.264e+06  1.333e+06  1.679e+06  1.305e+06  3.734e+05  1.106e+06  7.876e+05  1.359e+06   1.59e+06  2.142e+06  1.479e+06  1.365e+06  1.729e+06  1.827e+06  1.073e+06  1.167e+06  1.463e+06  2.152e+06  2.268e+06  2.539e+06  2.265e+06  2.725e+06   2.57e+06  2.462e+06  1.397e+06  2.603e+06  2.213e+06   2.73e+06  2.221e+06  1.772e+06  1.847e+06  1.671e+06  1.749e+06  2.361e+06  1.157e+06  1.798e+06  9.796e+05  1.919e+06   1.35e+06  2.002e+06   9.66e+05  2.038e+06  2.256e+06  2.782e+06  2.398e+06 -3.033e+04
  1.948e+06  1.874e+06   2.18e+06  1.696e+06  2.073e+06  1.947e+06 -1.513e+08 -1.093e+07 -3.987e+07 -9.662e+07 -8.985e+05  3.368e+05 -7.554e+05  4.351e+05  3.486e+04 -2.063e+07 -5.746e+06 -4.248e+05  2.286e+05  1.688e+05 -7.384e+06 -2.273e+06 -4.971e+05  3.263e+05 -1.007e+07  -2.85e+06 -1.162e+06  -3.63e+05  5.922e+05  2.835e+06  1.137e+06 -2.366e+06 -6.327e+05 -2.691e+06  -2.73e+05  1.227e+05 -7.718e+06 -1.257e+06 -4.023e+06      -1599 -3.924e+06 -7.359e+05 -3.066e+06  1.997e+05 -7.183e+05  7.731e+05    3.4e+05  1.986e+06  1.561e+06 -5.953e+06  -6.58e+06 -3.282e+05 -5.885e+06 -1.095e+06  3.047e+05  6.139e+05 -3.147e+06  -3.05e+05 -4.212e+06 -4.756e+05    5.5e+05  1.068e+06  1.273e+06  1.214e+06  1.136e+06  2.516e+06  2.337e+06  7.088e+05  1.197e+06  1.145e+06 -1.552e+06  5.445e+05 -4.471e+05   1.15e+06  4.959e+05   1.21e+06  1.298e+06  1.948e+06  1.861e+06  1.524e+06  1.864e+06  1.371e+06    1.4e+06  1.599e+06   2.03e+06  1.723e+06   1.87e+06  2.603e+06  1.395e+06  2.102e+06  2.836e+06  1.944e+06  1.806e+06 -5.907e+06 -2.821e+06  1.497e+05 -1.734e+06 -2.872e+05 -6.429e+05 -4.805e+06 -8.607e+04 -2.174e+06 -3.071e+05 -9.709e+05   1.35e+06  1.262e+06  -2.81e+05  7.617e+05  8.908e+05 -6.317e+05   1.27e+05 -7.416e+05  6.013e+05  1.004e+06  9.733e+05  5.443e+05   2.04e+06  1.401e+06  1.129e+06  6.956e+05   1.83e+06   1.63e+06  2.584e+06  1.194e+06  1.285e+06  3.607e+05  1.113e+06  2.792e+06  2.894e+06 -8.557e+05  1.602e+06  1.684e+05  1.081e+06  7.711e+05  1.954e+06  1.125e+06  1.473e+05  2.433e+06  2.541e+06  1.309e+06  8.632e+05
  7.705e+05  8.506e+05  8.797e+05  6.013e+05   9.13e+05  7.648e+05 -1.093e+07 -6.036e+07       4201 -7.788e+06 -2.475e+05  4.813e+05 -1.696e+05  1.813e+05  2.132e+05 -2.494e+06  -9.31e+05   4.51e+05  5.248e+05  4.099e+05 -1.645e+06 -1.085e+05 -8.234e+04  6.923e+05 -2.203e+06 -3.416e+05  3.111e+05  1.605e+05  7.422e+05   8.31e+05 -1.375e+05  2.286e+05  4.028e+05  2.462e+05  4.361e+05  2.859e+05 -1.465e+06  8.592e+04 -5.146e+05  1.652e+05 -5.819e+05   2.66e+05 -3.446e+04  1.718e+04  4.683e+05   5.72e+05  7.906e+05  8.111e+05  5.923e+05 -9.635e+05 -5.641e+05   2.68e+05 -5.403e+05  4.621e+05   7.03e+05  5.921e+05 -4.188e+05  2.982e+05  1.659e+05  5.661e+05  5.793e+05  7.411e+05  8.846e+05  5.392e+05  7.763e+05  1.071e+06  1.182e+06  1.061e+06  8.215e+05  8.867e+05  4.029e+05   7.43e+05  5.382e+05  8.716e+05  7.666e+05  8.102e+05  1.035e+06  1.184e+06  1.189e+06  1.099e+06  1.179e+06  1.225e+06  1.037e+06  1.009e+06    1.5e+06   1.36e+06  1.106e+06  1.121e+06  1.142e+06  1.435e+06  1.079e+06  1.478e+06  1.226e+06 -1.349e+06 -3.105e+05  4.813e+05  5.106e+04  4.188e+05  2.419e+05 -3.418e+05  5.367e+05 -2.495e+05  1.382e+05 -6.518e+05  4.206e+05  4.645e+05 -9.277e+04  3.307e+05  8.195e+05  1.525e+04   2.55e+05  2.343e+05       5436  6.729e+05  8.559e+05  5.398e+05  2.262e+05  1.325e+06  1.098e+06  2.299e+05  7.275e+05  5.852e+04   5.96e+05  7.315e+05 -3.106e+05  5.632e+05   1.71e+05  9.613e+05  8.045e+05 -3.843e+05  6.514e+05 -3.104e+05  1.152e+05 -4.996e+04  1.068e+06  -7.46e+05   8.51e+05  3.043e+04  7.654e+05  4.298e+05   4.87e+05
  1.715e+06  1.743e+06  1.941e+06  1.561e+06  1.754e+06  1.663e+06 -3.987e+07       4201 -7.805e+07 -3.016e+07 -1.804e+05  6.585e+05   2.87e+05  7.426e+05  5.996e+05 -8.043e+06 -2.707e+06  1.383e+05  3.423e+05  5.466e+05 -3.689e+06 -9.351e+05  3.898e+05  4.863e+05 -4.804e+06 -9.299e+05 -2.108e+05  5.777e+05  7.265e+05  1.973e+06  1.558e+06 -5.084e+05  7.543e+04 -8.285e+05  7.886e+04  2.253e+05  -3.53e+06  1.067e+05 -1.928e+06  4.503e+05 -1.971e+06  2.182e+05 -7.609e+05  9.099e+05 -1.067e+05  9.475e+05  7.006e+05  1.469e+06  1.252e+06  -2.53e+06 -2.874e+06  2.891e+05 -2.682e+06  -2.38e+05  6.453e+05  8.622e+05 -1.037e+06  6.575e+05 -1.793e+06  3.037e+05  1.251e+06  1.361e+06  1.576e+06   1.37e+06  1.406e+06  1.937e+06  1.552e+06  1.445e+06  1.279e+06  1.347e+06 -6.497e+04  7.751e+05  7.373e+05  1.374e+06  1.528e+06  1.523e+06  1.957e+06  2.201e+06  2.124e+06  1.355e+06  2.161e+06  2.094e+06  1.499e+06  1.865e+06  2.213e+06  2.002e+06  2.013e+06  2.476e+06  2.447e+06  1.961e+06  2.546e+06  2.439e+06  1.667e+06 -2.565e+06 -9.083e+05  8.851e+05 -5.051e+05  6.715e+05 -1.567e+05 -2.042e+06  4.541e+05 -4.759e+05  5.393e+05  6.108e+05  1.342e+06  1.215e+06  7.668e+05  1.146e+06  1.347e+06  8.559e+05   7.71e+05  6.938e+05  1.078e+06   1.19e+06  1.694e+06  1.631e+06  1.202e+06   1.79e+06  1.144e+06  1.475e+06  2.515e+06  7.162e+05  1.135e+06  1.647e+05  1.773e+06  1.125e+06  1.167e+06  1.653e+06  2.457e+06  8.641e+05  1.491e+06  8.909e+05  1.705e+06  1.571e+06  2.114e+06  4.795e+05  1.252e+06   2.25e+06  1.782e+06   1.43e+06  7.286e+05
 -9.271e+06  1.335e+06 -4.904e+05  7.198e+05  1.679e+06 -1.531e+07 -9.662e+07 -7.788e+06 -3.016e+07 -7.522e+08 -3.136e+06  3.201e+05 -1.322e+06  9.947e+05  1.778e+05  -5.06e+07 -7.286e+06 -1.344e+06 -4.837e+04 -6.847e+04 -1.193e+07 -2.871e+06 -7.063e+04  5.686e+05  -1.57e+07 -3.841e+06 -1.244e+06 -1.917e+06  6.347e+05  3.814e+06 -4.125e+05 -4.163e+06 -8.175e+05 -3.403e+06  5.959e+04   2.08e+05 -1.205e+07 -1.329e+06 -4.811e+06  2.874e+05 -5.576e+06 -6.875e+05 -2.931e+06  1.058e+06 -3.082e+05  1.385e+06  1.032e+06  3.012e+06  3.374e+06 -9.465e+06  -8.03e+06 -9.005e+05 -7.549e+06 -1.211e+06  4.741e+05  6.651e+05  -6.67e+06 -6.299e+05 -7.734e+06 -9.174e+05  1.111e+06  1.432e+06  1.847e+06  9.337e+05  1.274e+06  2.196e+06  3.773e+06  5.027e+05   1.68e+06  1.565e+06 -3.308e+06  5.566e+05 -1.155e+06  1.069e+06  1.196e+05  1.214e+06  9.021e+05  1.226e+06  1.096e+06  1.693e+06   1.94e+06  1.428e+06  1.251e+06  1.305e+06  1.707e+06  1.834e+06  2.533e+06   2.38e+06  2.975e+06  2.039e+06  3.385e+06   2.37e+06  2.017e+06 -9.751e+06 -4.565e+06  2.801e+05 -1.887e+06  4.766e+05 -1.164e+06 -8.002e+06 -7.514e+04 -3.906e+06 -7.714e+05  9.584e+05  2.112e+06  1.697e+06   1.58e+06  1.935e+05  1.476e+06 -1.014e+06  3.275e+05  -3.34e+05  1.667e+06  7.253e+05  3.657e+06  3.208e+06   1.84e+06  3.815e+06   2.22e+06 -3.762e+05  1.334e+06  6.426e+05   4.73e+06  1.156e+06   1.34e+06  1.667e+06  1.545e+06  3.247e+06  3.283e+06 -3.884e+05  1.938e+06  2.253e+06  5.029e+05  1.386e+06  3.003e+06 -4.765e+05  1.755e+06  4.853e+06  3.341e+06  1.781e+06  6.463e+05
  1.058e+06  1.977e+06  1.851e+06  1.837e+06  2.318e+06  4.679e+05 -8.985e+05 -2.475e+05 -1.804e+05 -3.136e+06 -2.403e+08  -2.88e+06 -8.014e+07 -4.397e+06 -1.551e+07 -4.431e+07     -7e+06 -2.518e+06 -5.134e+05 -4.892e+05 -9.006e+06 -5.626e+06 -1.673e+06 -4.212e+05   -1.4e+07 -5.258e+06 -2.602e+06  1.276e+05 -3.006e+05  2.759e+06      -4205 -4.731e+06 -1.141e+06 -3.736e+06 -1.509e+06   2.06e+05  -1.31e+07 -1.883e+06 -7.488e+06 -2.349e+05 -6.756e+06 -1.635e+06 -5.196e+06  3.579e+05 -2.997e+06  2.046e+05 -1.651e+05  2.656e+06  1.917e+06 -7.825e+06 -1.266e+07 -1.352e+06 -1.212e+07 -3.292e+06 -1.396e+05 -1.483e+05  -8.78e+06 -1.694e+06 -9.849e+06 -2.476e+06  6.619e+05  1.442e+06    1.5e+06 -6.693e+05   7.43e+05  3.953e+06  3.615e+06 -2.305e+05  6.212e+05  7.957e+05 -5.421e+06 -2.846e+05 -3.246e+06  4.026e+05  -1.85e+06  1.072e+06 -1.096e+05  3.089e+05  6.909e+05  1.779e+06  1.683e+06 -2.081e+05   5.71e+05  9.473e+05  6.452e+05  9.627e+05   1.98e+06  1.466e+06  1.956e+06  1.876e+06  2.879e+06  3.059e+06  1.583e+06 -7.775e+06 -5.366e+06 -8.102e+05 -3.192e+06 -6.555e+05  -1.76e+06 -8.838e+06 -1.115e+06 -4.342e+06 -1.349e+06 -1.017e+06  1.659e+06  1.224e+06  -1.69e+06  1.275e+05  4.149e+05 -1.448e+06 -8.817e+05 -1.136e+06  1.198e+06  3.908e+05 -5.614e+05  2.157e+06  2.605e+06   2.91e+06  2.615e+06   1.73e+06  1.566e+06  4.206e+06  3.378e+06  3.851e+06  6.149e+05  1.941e+06  1.736e+06  2.363e+06  3.457e+06 -1.801e+06  1.911e+06 -2.712e+06  1.877e+06  7.278e+05  1.757e+06  2.572e+06  3.997e+05   2.65e+06  2.186e+06  1.687e+06  9.546e+05
  9.422e+05  1.305e+06  1.443e+06  1.116e+06  1.332e+06   7.89e+05  3.368e+05  4.813e+05  6.585e+05  3.201e+05  -2.88e+06 -4.049e+07 -6.734e+05  -1.23e+05  5.075e+05 -8.135e+05 -7.019e+05 -6.245e+05       2705  2.101e+05  -6.22e+05 -1.441e+05  5.321e+05  3.737e+05  -5.07e+05 -1.368e+05   2.84e+05  7.472e+05  6.047e+05  1.775e+06  1.664e+06 -1.487e+05  6.168e+05 -2.231e+05  5.227e+05  8.695e+05 -9.367e+05  4.816e+05 -5.369e+05  3.614e+05     -5e+05   2.77e+05  3.871e+05  8.069e+05  1.595e+05  1.314e+06  7.195e+05  1.546e+06  1.137e+06 -5.747e+05 -2.716e+06  7.031e+04  -1.29e+06 -2.994e+05  3.973e+05  3.602e+05 -7.483e+05  4.515e+05 -1.136e+06  1.233e+05   7.97e+05  1.104e+06  1.257e+06  6.106e+05  1.027e+06  1.627e+06  1.635e+06   8.13e+05  7.168e+05  7.982e+05 -3.593e+05  5.674e+05 -6.786e+04  6.645e+05  4.448e+05  9.116e+05  6.847e+05  8.759e+05  1.136e+06  1.082e+06  1.265e+06  4.533e+05  6.959e+05  9.249e+05  8.475e+05  7.295e+05  9.808e+05  6.329e+05  8.874e+05  1.181e+06  1.061e+06  9.703e+05  1.025e+06 -5.492e+04  1.929e+05  7.594e+05  3.538e+05  1.101e+06  4.866e+05 -6.224e+05  3.119e+05  2.036e+05  8.478e+05  1.032e+06  1.375e+06  1.187e+06  2.997e+05  8.055e+05  1.289e+06  8.106e+05  7.874e+05  7.332e+05  1.613e+06  5.474e+05  1.643e+06  1.116e+06  1.879e+06  2.112e+06  1.297e+06  1.585e+06  1.873e+06  1.339e+06  1.243e+06  1.413e+06  1.539e+06  1.418e+06  1.243e+06  2.092e+06  1.871e+06  1.091e+06  1.649e+06   3.17e+05  1.382e+06  1.321e+06  1.477e+06  1.094e+06  2.042e+06  1.589e+06  1.286e+06  9.299e+05  5.332e+05
   1.29e+06  1.903e+06  2.003e+06  1.568e+06  1.929e+06  1.028e+06 -7.554e+05 -1.696e+05   2.87e+05 -1.322e+06 -8.014e+07 -6.734e+05 -2.658e+08 -1.135e+07 -3.564e+07 -2.184e+07 -4.425e+06 -4.564e+05  2.814e+05  1.672e+05 -7.766e+06 -3.357e+06 -7.225e+05  4.112e+05 -1.074e+07 -3.823e+06 -1.596e+06  5.304e+05 -2.523e+05  2.473e+06 -1.275e+06 -3.271e+06 -2.735e+05 -2.332e+06 -6.577e+05  8.314e+04 -1.068e+07 -2.062e+06 -5.062e+06 -1.715e+05 -4.553e+06 -9.685e+05 -2.975e+06  2.589e+05 -1.388e+06 -1.492e+04 -3.452e+05  2.836e+06  2.208e+06 -5.215e+06 -8.267e+06 -3.875e+05 -7.687e+06 -1.365e+06  4.668e+05  4.368e+05 -5.407e+06 -8.449e+05 -6.983e+06 -1.051e+06  3.366e+05  1.419e+06  1.334e+06 -8.579e+04  1.024e+06   2.61e+06  3.092e+06  5.168e+05  3.376e+05  1.065e+06 -2.565e+06  5.578e+05 -1.063e+06  8.708e+05 -6.179e+05  1.308e+06  4.301e+05  3.894e+05  1.285e+06  1.791e+06  1.359e+06   2.53e+05  1.305e+06  1.005e+06  1.024e+06  1.233e+06  1.778e+06  1.971e+06  2.024e+06  2.355e+06  1.375e+06  9.139e+05  1.931e+06 -6.322e+06 -3.688e+06 -3.027e+05 -2.323e+06 -2.818e+05 -2.117e+05 -6.301e+06 -2.275e+05 -3.049e+06 -1.182e+06  1.148e+06  1.218e+06  7.612e+05 -3.174e+05  2.372e+05  5.181e+05 -1.925e+06 -1.702e+06 -1.294e+06   4.06e+05 -5.305e+05 -2.725e+05  9.718e+05 -1.718e+06  2.032e+06  1.264e+06  1.447e+06  2.047e+06  4.176e+06  2.291e+06  2.031e+06  3.799e+05  1.275e+06  8.066e+05  2.038e+06  3.203e+06 -2.265e+06  1.163e+06  -3.72e+06   1.48e+06  -4.01e+04  1.468e+06 -7.096e+05  8.902e+05  2.313e+06  2.649e+06  1.761e+06  9.128e+05
  1.215e+06  1.464e+06  1.601e+06  9.639e+05  1.689e+06  1.114e+06  4.351e+05  1.813e+05  7.426e+05  9.947e+05 -4.397e+06  -1.23e+05 -1.135e+07  -8.17e+07 -1.111e+06 -1.782e+06 -6.758e+05  2.038e+05   4.28e+05  4.396e+05 -5.656e+05 -7.343e+05 -1.173e+05  8.293e+05 -2.124e+06 -8.442e+05 -1.509e+05  -4.87e+05  -2.37e+05  1.966e+06  9.479e+04 -6.011e+05  6.647e+05 -5.147e+05  1.359e+05  8.168e+05 -2.728e+06 -3.779e+04 -1.547e+06 -7.464e+04 -9.472e+05  1.834e+05 -6.794e+05  4.977e+04 -3.233e+05  4.995e+05  3.689e+05  1.908e+06   9.28e+05 -3.622e+05 -2.764e+06  2.344e+05 -1.951e+06 -7.118e+04  7.085e+05  2.572e+05  -9.95e+05  3.111e+05 -2.457e+06       3762  5.777e+05  1.206e+06  9.689e+05  4.992e+05  7.327e+05  1.962e+06  1.974e+06  4.879e+05  6.474e+05  8.355e+05 -5.374e+05  7.868e+05 -6.902e+04  6.665e+05  5.043e+05  7.769e+05  5.255e+05  9.515e+05  1.103e+06  1.097e+06  1.397e+06  5.498e+05  1.004e+06  9.967e+05   1.02e+06  9.601e+05  1.179e+06    1.4e+06  1.217e+06  1.643e+06  5.681e+05  7.702e+05  1.064e+06 -8.715e+05 -8.238e+05   3.87e+05 -2.604e+05  4.019e+05  5.517e+05 -1.275e+06  3.672e+05 -5.962e+05  9.145e+04  -1.03e+06  9.717e+05  9.961e+05 -2.261e+05  4.587e+05  7.407e+05 -1.265e+05   2.43e+05 -4.578e+04  2.113e+05 -5.357e+05  1.151e+06  9.502e+05  1.288e+06  2.226e+06  1.367e+06  1.061e+06  2.687e+06  2.363e+06  2.172e+06 -1.278e+05  3.917e+05  1.025e+06  1.023e+06  9.025e+05  2.658e+06 -3.395e+05  1.626e+06 -9.227e+05  3.747e+05  9.341e+04  1.103e+06  8.102e+05  8.572e+05  2.183e+06  1.428e+06   1.06e+06  6.658e+05
  1.564e+06   1.73e+06  1.927e+06  1.511e+06  1.259e+06  1.456e+06  3.486e+04  2.132e+05  5.996e+05  1.778e+05 -1.551e+07  5.075e+05 -3.564e+07 -1.111e+06 -1.324e+08  -4.95e+06 -1.762e+05  1.075e+06  9.312e+05   9.02e+05 -2.228e+06  2.741e+05  9.497e+05  4.968e+05 -4.531e+06 -1.007e+05    3.5e+05  1.482e+06 -7.165e+04  1.318e+06  6.493e+05 -3.603e+05  8.117e+05 -4.161e+05   6.71e+05 -3.741e+05 -3.582e+06 -9.111e+05 -1.594e+05  4.857e+05 -4.971e+05  5.075e+05   3.22e+05  7.655e+05  5.714e+05  5.331e+05  3.743e+05  3.643e+05  5.964e+05 -1.626e+06 -2.629e+06   6.36e+05 -1.053e+06   1.11e+06  9.909e+05  1.336e+06 -6.295e+05  5.685e+05 -1.388e+06  9.575e+05  1.435e+06   1.43e+06  1.518e+06  1.211e+06  1.492e+06  2.154e+06  1.158e+06  1.485e+06  1.031e+06  1.504e+06  3.578e+05  1.286e+06  8.329e+05  1.435e+06  7.652e+05  1.536e+06  1.734e+06  2.318e+06  2.078e+06  1.602e+06  2.213e+06  1.555e+06  1.676e+06  1.891e+06  1.984e+06  1.682e+06  2.313e+06  2.748e+06  3.107e+06   1.81e+06  1.454e+06  2.882e+06  1.906e+06 -1.596e+06  -4.05e+04  6.175e+05 -1.213e+05  4.439e+05  1.031e+06 -1.165e+06  7.318e+05 -1.109e+05  7.372e+05 -7.271e+05  6.209e+05  7.766e+05  7.054e+05  5.459e+05  5.919e+05 -4.039e+05  6.744e+05   -1.3e+05   1.38e+05      -8572 -5.187e+05  1.442e+04   7.96e+05  1.523e+06 -3.443e+05  4.773e+05   3.63e+05  4.625e+05 -7.321e+05  8.532e+05  1.257e+06  5.724e+05  1.525e+06  4.748e+05  1.121e+06  -1.73e+05  5.778e+05 -1.478e+06  1.099e+06   1.33e+06   1.78e+06  1.945e+05  2.226e+05   5.08e+05  1.387e+06  1.269e+06  8.226e+05
 -9.583e+05  1.677e+06  1.325e+06  1.315e+06  1.763e+06 -2.112e+06 -2.063e+07 -2.494e+06 -8.043e+06  -5.06e+07 -4.431e+07 -8.135e+05 -2.184e+07 -1.782e+06  -4.95e+06 -6.082e+08  -1.61e+07 -3.013e+06 -6.456e+05 -6.353e+05 -1.757e+07 -6.473e+06 -1.663e+06 -5.185e+05 -2.593e+07 -8.248e+06 -4.068e+06 -1.622e+06 -9.132e+05  2.875e+06 -1.639e+06 -7.043e+06 -2.426e+06 -6.039e+06 -2.012e+06 -1.436e+06 -1.801e+07 -3.415e+06 -8.305e+06 -7.582e+05 -8.932e+06 -2.497e+06 -6.613e+06 -1.052e+06 -3.709e+06  2.873e+05 -7.079e+05  2.925e+06  7.995e+05 -1.916e+07 -1.159e+07 -2.076e+06 -1.336e+07 -4.204e+06 -9.297e+05 -6.663e+05 -9.254e+06 -2.651e+06 -1.168e+07 -4.281e+06 -6.086e+05  1.607e+06  7.948e+05  -3.87e+05  6.002e+05  4.144e+06   4.06e+06 -1.835e+05  7.784e+05  5.802e+05 -7.762e+06 -6.113e+05 -4.429e+06  1.541e+05 -3.056e+06  4.169e+05 -4.771e+05 -1.696e+05  1.493e+05  1.409e+06  2.615e+05  7.934e+05  1.361e+05  8.629e+05   5.67e+05   2.83e+05  1.176e+06  1.368e+06  2.193e+06  2.306e+06  2.874e+06  1.788e+06  7.072e+05 -1.262e+07 -7.564e+06  -1.84e+06 -5.536e+06 -1.623e+06 -3.656e+06  -1.39e+07 -2.382e+06 -6.909e+06 -3.072e+06 -8.973e+05  6.579e+05   3.84e+05  4.985e+05 -2.495e+05  5.853e+04 -2.101e+06 -4.075e+05  1.289e+06 -1.066e+06  3.666e+05 -5.454e+05  3.554e+06  2.727e+06   2.79e+06 -7.125e+05  1.116e+06  3.244e+06  4.147e+06  4.213e+06  1.219e+06  5.539e+05  6.941e+05  1.104e+06  9.405e+05  2.654e+06 -2.032e+06   1.38e+06  -4.23e+06  6.573e+05 -1.198e+06  1.541e+06 -2.699e+06  -2.62e+06  3.217e+06  1.797e+06  1.387e+06  8.003e+05
  8.397e+05  2.192e+06  2.502e+06  2.098e+06  2.759e+06  1.509e+05 -5.746e+06  -9.31e+05 -2.707e+06 -7.286e+06     -7e+06 -7.019e+05 -4.425e+06 -6.758e+05 -1.762e+05  -1.61e+07 -7.807e+08  5.243e+05  4.641e+05  3.494e+05 -3.384e+08 -6.764e+06 -2.193e+06  -1.23e+06 -1.321e+08 -1.687e+07 -7.134e+06 -2.047e+06 -3.099e+06  1.548e+06 -1.934e+06 -1.044e+07 -4.532e+06  -9.78e+06 -4.164e+06 -2.463e+06  -3.55e+07 -7.304e+06 -1.641e+07 -1.243e+06 -1.464e+07 -3.371e+06 -1.137e+07 -1.959e+06 -5.109e+06 -2.786e+05 -1.594e+06  2.518e+06  1.674e+06 -7.105e+07 -2.146e+07 -3.029e+06 -1.755e+07 -6.231e+06 -1.509e+06 -6.405e+05 -1.637e+07 -4.564e+06 -1.505e+07 -5.121e+06 -6.267e+05  1.177e+06  1.134e+06 -1.684e+06  -1.51e+05  2.304e+06   3.99e+06  -2.12e+06 -2.273e+05  2.513e+05 -9.516e+06  -8.04e+05 -6.045e+06 -1.558e+05   -4.6e+06  2.933e+05 -1.267e+06   3.86e+05    6.5e+05  1.327e+06  1.788e+06 -1.219e+06  7.827e+05  6.658e+05  1.193e+06  2.433e+05  1.448e+06  1.908e+06  2.355e+06  2.555e+06  1.705e+06  2.974e+06  7.157e+05 -2.234e+07 -1.264e+07 -2.941e+06  -8.73e+06  -1.75e+06 -4.661e+06 -2.055e+07 -2.835e+06 -1.056e+07 -3.017e+06  1.845e+05  6.364e+05  6.967e+04 -1.461e+06 -1.104e+06 -1.853e+06  -5.73e+06  -1.87e+06 -1.381e+05  3.563e+05 -4.168e+06  8.199e+05  2.533e+06  2.932e+06  1.305e+06  2.921e+06 -6.973e+05  2.874e+05   2.78e+06   2.94e+06  1.428e+06 -4.292e+05  2.001e+05  7.463e+05  6.622e+05  2.948e+06 -2.832e+06  1.599e+06 -7.954e+05  2.071e+06  3.379e+05  2.032e+06 -2.819e+06    1.9e+06  3.072e+06  3.946e+06  2.592e+06  1.084e+06
  9.503e+05  1.552e+06  1.653e+06  1.241e+06  1.576e+06  6.167e+05 -4.248e+05   4.51e+05  1.383e+05 -1.344e+06 -2.518e+06 -6.245e+05 -4.564e+05  2.038e+05  1.075e+06 -3.013e+06  5.243e+05 -1.117e+08 -1.337e+07 -2.093e+07 -1.221e+07 -3.485e+06 -1.002e+06 -6.346e+05 -6.951e+06 -3.063e+06 -1.893e+06 -8.894e+05 -7.679e+05  1.921e+06 -9.141e+04 -2.931e+06 -1.128e+06  -3.73e+06 -1.089e+06  8.468e+04 -6.932e+06 -1.119e+06 -4.824e+06 -4.418e+05 -5.307e+06 -1.112e+06 -2.841e+06  2.011e+04 -2.074e+06  4.304e+05 -7.005e+05  1.518e+06  1.117e+06 -2.935e+06 -9.435e+06 -1.123e+06 -7.465e+06 -2.347e+06 -3.202e+04 -2.955e+05 -4.145e+06 -7.161e+05 -5.838e+06  -1.38e+06   2.08e+05  1.226e+06   1.14e+06 -1.682e+05  6.285e+05  1.798e+06  2.193e+06 -1.364e+04  1.399e+05  6.258e+05 -3.408e+06 -3.861e+05 -2.145e+06  2.138e+05 -1.335e+06  4.538e+05 -1.872e+05  7.078e+05  2.051e+05  7.247e+05  1.128e+06 -7.849e+04  3.725e+05  4.601e+05  3.896e+05  2.812e+05  1.224e+06  6.414e+05  1.162e+06  1.682e+06  1.118e+06  2.067e+06  7.183e+05 -3.186e+06  -1.99e+06  8.683e+04 -1.167e+06  2.973e+05 -7.449e+05 -4.179e+06 -8.519e+05 -1.659e+06 -3.466e+05  -1.58e+06  1.446e+06  1.107e+06 -6.252e+05  9.107e+05  1.273e+06 -1.957e+05  6.331e+05  5.439e+05   9.93e+05  1.275e+06  2.125e+06  1.956e+06   2.55e+06  1.726e+06  1.905e+06  1.382e+06  1.395e+06  9.079e+05  2.892e+06  2.441e+06  1.466e+06  7.456e+05  1.504e+06  2.354e+06  2.115e+06   7.19e+05  1.361e+06 -6.021e+05  1.051e+06  1.231e+06  2.246e+06  1.681e+06  2.008e+06  3.017e+06  9.801e+05  1.788e+06  6.674e+05
  7.257e+05  1.017e+06  1.038e+06  9.552e+05  1.001e+06  5.593e+05  2.286e+05  5.248e+05  3.423e+05 -4.837e+04 -5.134e+05       2705  2.814e+05   4.28e+05  9.312e+05 -6.456e+05  4.641e+05 -1.337e+07 -2.974e+07  1.079e+06 -2.036e+06 -9.342e+05       4421   2.76e+04 -1.984e+06 -5.176e+05 -2.966e+05  3.104e+05  3.389e+05  1.207e+06   1.03e+06 -7.815e+05  1.288e+04 -8.987e+05 -1.136e+05  1.953e+05 -2.002e+06  4.223e+04 -1.446e+06   1.68e+05 -1.435e+06 -1.691e+05 -7.442e+05  5.599e+05 -4.623e+05  7.111e+05  4.735e+05  1.101e+06  9.772e+05 -7.106e+05 -2.942e+06 -8.308e+04 -2.017e+06 -5.939e+05  1.236e+05  7.918e+04 -9.292e+05  1.968e+05 -1.617e+06 -1.968e+05  6.139e+05   7.48e+05  8.344e+05  7.524e+04  5.579e+05  1.573e+06  1.482e+06  2.608e+05  5.226e+05  4.712e+05 -7.365e+05  1.806e+05 -2.069e+05  4.174e+05 -2.053e+05  6.338e+05  2.527e+05  6.343e+05   5.69e+05  6.673e+05  8.269e+05  1.872e+05  3.921e+05  6.589e+05  6.453e+05  2.687e+05  8.077e+05  7.846e+05   7.98e+05  1.283e+06  8.651e+05  1.477e+06  7.794e+05  -5.64e+05 -1.957e+05  4.994e+05  1.405e+05  7.219e+05  7.341e+04 -9.927e+05    1.2e+05 -1.342e+05  5.438e+05  9.563e+05  1.253e+06  1.021e+06  2.254e+05  7.886e+05  1.097e+06  7.637e+05  9.367e+05  6.372e+05  1.354e+06  8.088e+05  1.302e+06  1.369e+06  1.353e+06  1.838e+06  1.172e+06  4.803e+05  1.204e+06  8.895e+05  2.084e+06  1.977e+06  9.628e+05  1.206e+06  1.273e+06  1.737e+06  1.912e+06      1e+06  1.074e+06  6.284e+05  1.078e+06  7.744e+05  1.106e+06  5.327e+05  1.392e+06  1.936e+06  1.548e+06  1.105e+06  4.093e+05
   7.88e+05  1.097e+06  1.193e+06  9.515e+05  1.059e+06  6.131e+05  1.688e+05  4.099e+05  5.466e+05 -6.847e+04 -4.892e+05  2.101e+05  1.672e+05  4.396e+05   9.02e+05 -6.353e+05  3.494e+05 -2.093e+07  1.079e+06 -3.822e+07 -3.698e+06 -9.469e+05 -2.089e+04  3.201e+05 -2.463e+06 -9.198e+05 -2.933e+05 -9.518e+04  2.728e+05  1.524e+06  5.316e+05  -6.92e+05  -5.01e+04 -9.871e+05 -1.332e+05  5.957e+05 -2.949e+06  1.191e+04 -1.274e+06   2.04e+05 -1.583e+06  2.463e+04  -1.13e+06  5.149e+05 -3.702e+05   6.72e+05  2.143e+05  1.296e+06  1.425e+06 -9.772e+05 -3.174e+06 -3.607e+04 -2.688e+06 -5.099e+05  4.494e+05  2.713e+05 -1.339e+06       6859  -2.05e+06 -1.865e+05  5.525e+05  9.063e+05  8.865e+05  3.027e+05  7.577e+05  1.332e+06  1.469e+06  5.508e+05  6.378e+05  7.115e+05 -9.917e+05  1.899e+05 -5.419e+05  5.108e+05 -1.807e+05  6.325e+05  3.584e+05  6.027e+05  7.378e+05  9.582e+05  9.935e+05  5.462e+05  7.946e+05  5.085e+05  7.238e+05  7.642e+05  1.009e+06  7.727e+05  1.027e+06  1.283e+06  8.807e+05  8.414e+05  9.152e+05 -1.023e+06 -4.743e+05    4.4e+05 -3.711e+04  7.371e+05  1.463e+05 -1.119e+06  1.222e+05 -4.269e+05   1.57e+05   2.58e+04  1.156e+06  8.936e+05  4.952e+05  7.744e+05  9.409e+05  6.597e+04  5.572e+05  1.193e+06  8.617e+05  8.103e+05   1.57e+06  1.405e+06  1.584e+06  1.539e+06   1.76e+06  1.261e+06  1.622e+06  2.433e+06  2.013e+06  1.365e+06  1.284e+06  8.769e+05   1.09e+06  1.248e+06  1.855e+06  1.023e+06  1.179e+06 -2.443e+04  1.172e+06   9.39e+05  1.148e+06  9.413e+05  1.012e+06   1.98e+06  1.887e+06  1.152e+06  5.127e+05
  4.397e+05  2.085e+06  2.187e+06  2.021e+06  2.752e+06 -2.987e+05 -7.384e+06 -1.645e+06 -3.689e+06 -1.193e+07 -9.006e+06  -6.22e+05 -7.766e+06 -5.656e+05 -2.228e+06 -1.757e+07 -3.384e+08 -1.221e+07 -2.036e+06 -3.698e+06 -1.593e+09 -1.458e+07 -4.199e+06 -2.224e+06 -3.094e+08 -2.583e+07 -9.945e+06 -4.785e+06 -5.098e+06 -1.311e+06 -3.211e+06 -1.458e+07 -7.339e+06 -1.452e+07 -6.433e+06 -5.246e+06 -6.953e+07 -1.376e+07 -2.677e+07 -2.603e+06 -2.321e+07 -6.583e+06 -1.867e+07 -3.623e+06 -8.497e+06 -2.592e+05 -3.307e+06  1.523e+06  5.175e+05 -6.096e+07 -2.952e+07 -2.909e+06 -2.154e+07 -5.669e+06 -1.788e+06  1.618e+05 -1.773e+07 -5.229e+06 -1.846e+07 -4.956e+06 -1.595e+06  1.112e+06  4.092e+05 -2.391e+06  1.364e+04  3.974e+06  4.183e+06  -2.69e+06 -3.307e+05  1.076e+06  -8.45e+06 -6.055e+05 -6.982e+06  1.575e+04 -5.513e+06  4.417e+05 -9.786e+05  6.649e+05  9.181e+05  1.521e+06  1.368e+06 -1.764e+06  -5.86e+05  2.919e+05  1.313e+06  9.715e+05  2.162e+06  2.504e+06  3.319e+06  3.334e+06   1.32e+06  5.342e+05  6.301e+04 -3.131e+07 -1.627e+07 -3.357e+06  -1.05e+07 -5.094e+06 -4.893e+06 -2.388e+07 -3.296e+06 -1.373e+07 -3.385e+06 -3.899e+05  1.264e+06 -1.334e+05 -2.362e+05 -1.655e+06 -1.099e+06 -1.024e+07 -1.688e+06 -4.092e+06  3.126e+05 -3.597e+06 -1.051e+07  1.019e+06 -2.856e+06  2.101e+06  3.198e+06 -4.961e+06  5.622e+06  4.137e+06  1.676e+06  1.319e+06 -1.652e+06  5.024e+05  1.362e+04  -3.17e+06   2.32e+06 -5.343e+06  6.224e+05  -4.98e+06 -5.256e+04 -2.674e+04 -9.671e+05  2.296e+06 -1.492e+06   5.19e+06  6.923e+06  3.644e+05  1.209e+06
  1.489e+06  2.558e+06  2.747e+06  1.732e+06  2.623e+06  1.108e+06 -2.273e+06 -1.085e+05 -9.351e+05 -2.871e+06 -5.626e+06 -1.441e+05 -3.357e+06 -7.343e+05  2.741e+05 -6.473e+06 -6.764e+06 -3.485e+06 -9.342e+05 -9.469e+05 -1.458e+07 -3.514e+08  -4.06e+07 -1.692e+07 -5.823e+07 -1.119e+07 -5.605e+06 -2.495e+06 -2.612e+06  2.757e+06 -1.673e+06 -9.001e+06 -2.829e+06 -5.977e+06 -3.603e+06 -1.931e+06 -1.763e+07 -4.799e+06 -1.308e+07 -1.533e+06 -1.267e+07 -3.761e+06 -8.205e+06 -2.309e+06  -4.39e+06 -7.928e+05 -1.012e+06  1.854e+06  1.206e+05 -9.185e+06 -1.524e+07 -1.661e+06 -1.205e+07 -3.433e+06 -9.947e+04   -1.1e+05 -9.465e+06 -2.528e+06 -1.134e+07 -2.901e+06 -2.101e+05   1.49e+06  1.597e+06 -6.586e+05  7.425e+05   3.62e+06  3.563e+06 -1.333e+06  5.911e+05  8.941e+05 -5.309e+06 -6.306e+05 -2.731e+06  6.314e+05 -1.919e+06  8.932e+05  -3.65e+04  1.266e+06  9.775e+05  1.562e+06  1.844e+06 -1.717e+05  1.543e+06   1.11e+06  1.276e+06  8.281e+05  1.591e+06  2.365e+06   2.83e+06  2.257e+06  1.263e+06  1.001e+06   1.46e+06 -1.054e+07  -6.62e+06 -1.579e+06  -5.04e+06 -6.102e+05 -2.826e+06 -8.831e+06  -9.55e+05 -4.906e+06 -1.747e+06   1.14e+05  1.669e+06  9.279e+05 -2.507e+05  1.431e+05  2.043e+05 -2.288e+06 -8.402e+05 -7.952e+05 -3.793e+05 -4.242e+05  2.413e+06  2.995e+06  2.558e+05  3.596e+06  2.533e+06  1.512e+06  1.845e+06  1.791e+06  2.145e+06 -1.416e+06  1.469e+05  6.926e+05   2.02e+06  3.396e+06  3.732e+06 -1.301e+06  2.149e+06 -9.687e+05  1.309e+06 -2.381e+05  1.549e+06 -2.273e+06  1.804e+06  2.977e+06  1.705e+06  3.557e+06  9.688e+05
