
 46

(((((((((((((((((lepus_granatensis: 0.003209, lepus_arcticus: 0.000000): 0.000000, lepus_othus: 0.000454): 0.000000, lepus_timidus: 0.002282): 0.000000, lepus_coreanus: 0.001367): 0.003298, ((lepus_tolai: 0.002317, lepus_capensis: 0.000421): 0.006854, lepus_corsicanus: 0.004478): 0.001021): 0.001442, lepus_townsendii: 0.006471): 0.005756, lepus_yarkandensis: 0.031029): 0.000000, (lepus_sinensis: 0.017936, lepus_mandshuricus: 0.012630): 0.000000): 0.007408, (lepus_comus: 0.013632, lepus_oiostolus: 0.020398): 0.012835): 0.000000, ((((lepus_californicus_melanotis: 0.001042, lepus_californicus: 0.003021): 0.015133, lepus_americanus: 0.022777): 0.003949, lepus_saxatilis: 0.023523): 0.001348, lepus_brachyurus: 0.035338): 0.002189): 0.006084, lepus_hainanus: 0.017688): 0.000533, lepus_europaeus: 0.021207): 0.049278, ((((sylvilagus_aquaticus: 0.079818, sylvilagus_palustris: 0.046561): 0.001016, (sylvilagus_nuttallii: 0.010645, sylvilagus_audubonii: 0.010380): 0.032300): 0.000978, sylvilagus_obscurus: 0.025157): 0.001729, sylvilagus_floridanus: 0.015409): 0.039331): 0.003941, (((nesolagus_timinsi: 0.119509, nesolagus_netscheri: 0.060436): 0.077668, (pentalagus_furnessi: 0.060364, bunolagus_monticularis: 0.104494): 0.000000): 0.007198, (romerolagus_diazi: 0.065007, brachylagus_idahoensis: 0.114450): 0.008827): 0.000000): 0.000000, ((((pronolagus_rupestris: 0.035095, pronolagus_saundersiae: 0.063296): 0.016718, pronolagus_randensis: 0.062550): 0.027083, pronolagus_crassicaudatus: 0.088976): 0.087485, caprolagus_hispidus: 0.057534): 0.016436): 0.000000, oryctolagus_cuniculus: 0.064021): 0.234611, ((ochotona_curzoniae: 0.096440, ochotona_hyperborea: 0.034525): 0.000000, (ochotona_princeps: 0.029119, ochotona_collaris: 0.030840): 0.023458): 0.230855, ((zaglossus_bruijni: 0.025403, tachyglossus_aculeatus: 0.012555): 0.122678, ornithorhynchus_anatinus: 0.065978): 0.963312);

  0.234611  0.000000  0.000000  0.003941  0.049278  0.000533  0.006084  0.000000  0.007408  0.000000  0.005756  0.001442  0.003298  0.000000  0.000000  0.000000  0.003209  0.000000  0.000454  0.002282  0.001367  0.001021  0.006854  0.002317  0.000421  0.004478  0.006471  0.031029  0.000000  0.017936  0.012630  0.012835  0.013632  0.020398  0.002189  0.001348  0.003949  0.015133  0.001042  0.003021  0.022777  0.023523  0.035338  0.017688  0.021207  0.039331  0.001729  0.000978  0.001016  0.079818  0.046561  0.032300  0.010645  0.010380  0.025157  0.015409  0.000000  0.007198  0.077668  0.119509  0.060436  0.000000  0.060364  0.104494  0.008827  0.065007  0.114450  0.016436  0.087485  0.027083  0.016718  0.035095  0.063296  0.062550  0.088976  0.057534  0.064021  0.230855  0.000000  0.096440  0.034525  0.023458  0.029119  0.030840  0.963312  0.122678  0.025403  0.012555  0.065978

  0.000000 -78.277771 -89.337335 -0.006029  0.000000 -0.006908  0.000000 -214.855716  0.000000 -16.166818  0.000000  0.000000  0.000000 -1142.848052 -1156.959317 -1157.107410  0.000000 -1157.106228  0.011950  0.000000  0.000000  0.005801  0.000000  0.000000  0.000000  0.000000  0.000000  0.000000 -179.317693  0.000000  0.000000  0.000000  0.000000  0.000000  0.000000  0.000000  0.000000  0.000000  0.000000  0.000000  0.000000  0.000000  0.000000  0.000000  0.000000  0.000000  0.000000  0.000000 -0.007573  0.000000  0.000000  0.000000  0.000000  0.000000  0.000000  0.000000 -10.088697  0.000000  0.000000  0.000000  0.000000 -2.156394  0.000000  0.000000  0.000000  0.000000  0.000000  0.000000  0.000000  0.000000  0.000000  0.000000  0.000000  0.000000  0.000000  0.000000  0.000000  0.000000 -8.415454  0.000000  0.000000  0.000000  0.000000  0.000000  0.000000  0.000000  0.000000  0.000000  0.000000


Hessian

     -951.1      78.23      69.54     -121.8         56      617.1      52.81      367.8      946.1      230.5      497.7      222.9     -744.9      167.4        168        168     -884.7        168      319.5      942.1      469.6       1577        429      602.5       1505      682.5      267.2      10.33      234.2      523.3      67.34     -108.5      40.51      -60.2      359.5      446.3      329.9     -199.5        546     -116.1      142.7     -52.56      142.5      503.8      471.1      61.04     -558.8       -317      119.3       60.6      45.82      64.34      224.3      141.9      67.59      134.8        103     -85.19      69.13     -19.02      129.8     -187.5     -127.6       42.9     -105.2      104.8     -61.98      116.4      55.86     -44.71     -15.97      45.46     -111.8       53.5      32.93      174.2      451.7     -612.6       59.2        136        117      36.68      195.4      252.9      43.75      268.1      454.5      412.3        277
      78.23      -6808      -4205      -6487      -1381      -1330       -419      754.9       1832      637.7      321.3       2972     -528.2        180        182        182       1362        182       3076       3314       1245       2688       1817      -1483       1378     -505.9      648.6      383.4     -305.2      -1277      198.3      452.6      138.6      36.81     -380.6      -1833      -1170     -386.4      587.8     -353.2       1350      223.3      77.24     -278.1     -75.73     -238.3      460.6        574     -422.7     -5.132     -287.3      193.6     -204.5      232.2       -116       -151     -115.5      177.7     -59.64      152.3     -169.5     -13.09      15.16     -20.94      212.5      238.7      139.3      88.01      104.5      164.9      328.3      147.2      273.5      141.3     0.1264        121      -7401     -13.22      132.7     -142.4      438.6      483.6      489.3      335.9      71.55       82.9     -382.4     -661.7      121.7
      69.54      -4205      -9537   -1.5e+04      -2221     -565.1      634.2      684.6      986.6      460.8       1259       3281       -518      233.5      235.1        235       1461        235       3176       3345       1487       2789       1943      -1792       1473     -423.9       1997      596.5     -239.3     -858.9      650.7       -295      454.5      -2656      -2402 -1.795e+04      -1022     -349.9      587.8     -316.7       1365      30.19      351.7       -305     -68.95     -635.1     -635.3        579      -1031     -105.9     -208.2      -1696     -80.81      564.7     -758.8     -963.6      -2791      -1040     -77.69      229.3     -150.8     -531.2     -983.7     -321.6     -556.5     -661.7     -162.4      -1939      96.86      265.9     -283.8      173.3      227.9     -634.8      261.5     -543.4      -5758      117.8      403.9     -95.62      392.1      691.5      858.6     -316.8       61.7      88.58      330.5      132.6      65.35
     -121.8      -6487   -1.5e+04 -8.521e+04      -5514      -1397      -5657       1409       2256      990.1       3044       6286 -2.884e+04      463.9      563.5      563.9      53.37      563.9       6272       5566      -3355       5327       3978      -2394       3011      -2929       3779       1723     -609.1      -1410      -5548      391.5       1358      -6305     -679.5      -1434      91.69     -543.4       1120     -480.1       2583      487.9      946.8      -1554      -1122      -4184       1173 -1.367e+04      315.5      867.2      993.7      -6242      159.4      706.1     -419.8      -1979      -1147     -106.6     -912.3      686.2        524     -737.8      -1668     -318.8      -1591      -1215      -1262      -1303      -1938      -2376      593.9     -99.89        914     -963.1        174      764.6      -8328      28.21       1007      775.2       1387       1812       2062       2290      25.95        652      753.1      164.2      689.3
         56      -1381      -2221      -5514 -2.037e+04 -1.182e+04      -4356       1027       2806     -591.4     -929.6      -5893      -1462      765.3      826.6      827.1      -2842      827.1       6987      599.2      -6149      -5132       3231      -3982  -2.54e+04       1421       5470      792.9        506       1657      821.7      975.8      -1109     -241.2      -1655 -1.219e+04      -5044       1309       1337      -3280     -341.3       -640      777.2     -913.8      -1174      -1213     -561.4      -2844      -2751      -2317      -1028     -259.4      8.385     -416.5      -1256      -2840      -1625      324.9     -492.9      310.7     -179.7      133.4      721.1      217.8      103.4      726.1     -92.77      419.7     -86.44     -864.9      354.1     -181.2      211.5        337     -36.74      285.4      -3362       86.3      496.4      944.5      237.2       1441       1568       2749      134.7      557.1      403.2      985.5      571.2
      617.1      -1330     -565.1      -1397 -1.182e+04 -2.923e+05 -1.829e+04      2.249     -69.05      -1606      -2578       5162       6030       1409       1411       1411       5969       1411       8850       8192       3164      -5246      -1691      -6431       8684       6582       7945      799.5      -7547 -1.394e+04       1580      200.6       1113      -7829      -2676      -3959      -1244        859       2841       1265      -5719      -6704       1211      -7365 -6.758e+04     -786.3     -810.5     -887.2     -9.847      586.3      -3724      -1208     -538.3      -1482      274.9      -3729      452.8     -424.3      -1018      132.9      -3322     -368.6     -283.3       -938      392.8      194.5        434      283.9      357.5        508      171.6      68.21      387.2      546.2      397.5      808.6      -4102        750      403.7     -635.6       1283       1792       6180       6655      174.4       1622       51.7       2674       1357
      52.81       -419      634.2      -5657      -4356 -1.829e+04 -2.014e+05  -1.16e+04  -2.15e+04     -927.6      -1517       1876       9965      646.9       1118       1120 -5.445e+04       1120       8268      -4814 -8.181e+04      -8517      -5075       9040       9994 -2.268e+04 -1.493e+04      -6026     -273.4        702       3158      -4970       1874       1936 -1.793e+04      -8438 -1.159e+04      -6818      913.6      -1958       2514       1263      -1078 -2.019e+04 -1.275e+04      -1208       3496 -2.897e+04 -1.255e+04      -4239     -475.5       1082       2101       1066      9.534      -2934     -513.3       2166      177.9       -237      935.7      912.7       1852      -2040       1789     -103.5       1178      -1754     -223.6      -2869      -2850      -1185      -1186       1396     -934.3       1079      -2801      43.28     -998.4      17.33       1003       2159       1988       2087      154.3      255.5       2614       3266      213.1
      367.8      754.9      684.6       1409       1027      2.249  -1.16e+04 -4.448e+04 -7.333e+04      -7102  -1.35e+04      -4136       4231      258.8      227.7      227.4      -7752      227.4       3645       3821       5534       2783       4040       4207      -5407 -2.671e+04      -9145      -2696      -3971      -6181      -6551      -6625      -3178      131.2  -1.69e+04 -1.189e+04      -8869      -1067      511.3       2100      -4818      454.2      -2448      -2062      -2008      -2202       1053     -646.6      592.2      828.3      668.2        794      -3380      243.9      -4196       -141     -326.7     -134.9     -438.4      338.3     -499.2     -493.9      -1022     -894.8     -617.1     -247.9      49.79     -685.3     -807.3     -173.3      -1493      -1075     -7.718     -635.4       -615      436.2       1173      351.6      418.5      870.9      674.2       1134      -1786      -2879      114.2      316.7     -128.7       1255      316.8
      946.1       1832      986.6       2256       2806     -69.05  -2.15e+04 -7.333e+04 -1.997e+05 -2.075e+04  -2.75e+04       2537       9501       1254       1195       1194 -1.333e+04       1194       8391       8719   1.19e+04       6832       9112       9439      -8852 -4.944e+04       7090      259.4      -2730 -1.229e+04     -977.1      -8196      -6777       2157 -2.964e+04 -2.371e+04 -1.597e+04      -2101        974       3931      -1968      -3765 -1.186e+04      -4486      -9997     -63.22       2892      838.4       2974       1326       3027      -7193      -4802       1482      -5956       1855     -24.75       1442      32.53       1793     -447.1      546.3       1401      541.7     -663.5      -2564      710.8       1028      697.5       1675      -2982      -6916        946     -563.8      550.7     -41.39       2914      918.1       -502       1696     -386.6     -778.6      -6750      -1287      210.4      392.9       1127       3424      393.8
      230.5      637.7      460.8      990.1     -591.4      -1606     -927.6      -7102 -2.075e+04 -7.354e+04 -1.351e+05      -5403      -1145      796.5      774.1      773.8       5327      773.8       4697      -2411       6899      -6415        488       1540 -1.737e+05 -1.502e+04      642.9     -459.5      -5403 -1.267e+04      -1391     -924.4        212      321.8      -2646      -1552      -3386      928.7       1835       2098     -249.4      -2381      257.9      -5718      -6107      643.5      582.2        741       -471      562.1      342.4      145.8      301.3      488.3      470.1      982.2      405.6      785.3      229.4      320.8      235.4      196.4      245.4     -556.2      330.1     -53.41      342.9      264.2      347.5      433.2      381.9     -700.4      455.1      419.3        151     -621.4        640      179.4      712.3       1277     -517.9       1419      -9072     -545.9      53.72       1135       1470       1706       1143
      497.7      321.3       1259       3044     -929.6      -2578      -1517  -1.35e+04  -2.75e+04 -1.351e+05 -2.767e+05 -1.084e+04      -2120       1546       1504       1503   1.02e+04       1503       9002      -4537  1.313e+04 -1.217e+04       1064       2977 -3.308e+05 -2.855e+04      225.4     -36.43      -9650 -1.856e+04 -1.014e+04      169.5        986      378.2      -4791      -2138      -5989       2945       3495       5172      222.9    -0.1898       1064      -9843 -1.064e+04       1802       1199       1421     -877.4       1125      680.1       1417      669.8       1017       1232       1916      851.8       1614      408.9     -268.1      327.2      463.7      916.8     -974.8      715.1        656     -315.1      874.3      338.7      583.7     -330.9      634.2      928.3     -651.5     -692.8      653.9     -690.6        401       1519       3067      777.6       2990  -1.83e+04     -908.9        155       1974      183.5      -1939       1991
      222.9       2972       3281       6286      -5893       5162       1876      -4136       2537      -5403 -1.084e+04 -1.113e+06 -4.101e+04       1740       1787       1787  1.117e+04       1787       9604  1.081e+04  1.377e+04 -1.401e+04      -7808       8998       5934  -2.51e+04  -4.36e+04      -1568      -1368      -2371 -5.231e+04      -4265      465.9     -125.1 -5.187e+04 -5.207e+04 -5.227e+04      -4209       3191       7907 -1.621e+04       1775 -1.493e+04       3827 -1.061e+04       4031     -908.6       1044       1701       1969       1671     -79.18 -4.953e+04      -6744 -2.399e+04       5015       1495       2548       1696       1309       1481      737.7      832.3       1092       1095       1825      -2784       1361      634.7      502.6       85.4       1378       1420      -6579      834.6       1954       5589      59.48      -4152       2187      387.7 -2.689e+04 -1.128e+04       4365      336.4       2772       4391       4649       2794
     -744.9     -528.2       -518 -2.884e+04      -1462       6030       9965       4231       9501      -1145      -2120 -4.101e+04 -6.008e+05     -8.033       1205       1214  1.006e+04       1214       8490      1e+04  1.265e+04 -6.242e+04      -2174   1.01e+04  1.117e+04 -1.386e+04      -7513       1277       3607       9218 -2.251e+04       1197       1472      841.9       9754       9531       9215       8981       3359       9034      -3616      931.5       1506       9135      -4789      -1138       1836       2292       1614       1379       1169      -6605        654       1751       1377       3244      538.3       2260      -2468      353.5        624      845.8       1880      964.3       1858       1854      -2271      891.8     -409.8      -4209      303.4      883.5      918.8      668.7     -500.8       1156      -4475     -439.8       1354       3153      72.54       1213   -1.5e+04      -2565      230.8       1769       5702       6291       1858
      167.4        180      233.5      463.9      765.3       1409      646.9      258.8       1254      796.5       1546       1740     -8.033      -1657      -1656      -1656     -321.7      -1656      117.2      945.4      -4736       1644       1172       1005       1786       9.76       1073      110.4      198.1      916.4        126         44      183.6     -139.5       1422       1319       1151      839.3     -821.4        753      739.7      -89.3      279.7      738.6      836.9      578.1      20.89      353.5      367.5      211.1      101.9      289.5     -138.3     -17.16      210.6      458.4      119.3      298.6      78.58      27.51     -82.41     -3.784      42.13      46.81      118.5      71.48      54.95      13.23     -47.57     -20.08      87.12    -0.1052     -20.39      8.277     -42.84      115.9      526.7        150      291.9      314.5     -57.53      545.4      605.8      767.2      41.66      93.99      70.75        390      103.4
        168        182      235.1      563.5      826.6       1411       1118      227.7       1195      774.1       1504       1787       1205      -1656      -1690      -1690      913.8      -1690      52.15      854.3       2227       1717       1136      940.1       1722      923.4       1038      85.57      166.6      854.5      150.6      18.18      157.8       -165       1372       1259       1096      779.6     -831.5      692.8      842.5     -114.3      322.5      735.3      857.4      619.6     0.1737        315      346.7      228.9      78.57        270     -163.9      -57.2      186.3      620.7        161      274.7      69.26      33.39     -98.44     -16.12      20.47      26.48      94.25      49.11       42.1    -0.5221     -43.28     -18.73      114.3     -4.339      6.415      19.14     -42.76      133.7      576.2      148.4      276.4      360.2     -84.44      518.7      609.5      744.5      40.65        102      41.16      360.7      107.5
        168        182        235      563.9      827.1       1411       1120      227.4       1194      773.8       1503       1787       1214      -1656      -1690      -1690      920.4      -1690      51.15      880.1       2266       1717       1135      939.5       1721      928.2       1037      85.43      166.3      853.9      150.7      18.03      157.7     -165.1       1372       1258       1096        779     -831.8      692.3      842.9     -114.5      322.7      736.3      857.4      619.7    0.04533      314.8      346.6        229      78.44      269.9       -164     -57.44      186.1      621.4      161.2      274.5      69.22      33.42     -98.53      -16.2      20.34      26.37      94.11      48.98      42.03    -0.5986     -43.26     -18.71      114.5     -4.369      6.579       19.2     -42.75      133.8      576.3      148.4      276.2      360.4     -84.59      518.5        610      744.6      40.64      102.1       41.5      360.8      107.5
     -884.7       1362       1461      53.37      -2842       5969 -5.445e+04      -7752 -1.333e+04       5327   1.02e+04  1.117e+04  1.006e+04     -321.7      913.8      920.4 -6.743e+05      919.9       7932       9446 -2.172e+05       9743  -3.68e+04       9768  1.125e+04 -6.053e+04       9664      160.6       4174       8966      285.5      35.16        298     -312.4       9357       9808       9496      -2572       2096       8903       2380     -215.2       2252       4553       5435      -9467       1670       2265      655.3      432.7      148.1       2183     -309.2       1565      351.7       2675      -3810      303.3      131.1       63.1     -185.7     -143.3     -177.4      50.35      53.82     -31.11      79.24     -1.181      -81.7      -35.2      215.8     -8.178      12.07      36.67     -80.31      252.8     -10.82     -947.8       1826       -962       1737       3410       6738       6985      196.7       1626      -7135      -1518       1636
        168        182        235      563.9      827.1       1411       1120      227.4       1194      773.8       1503       1787       1214      -1656      -1690      -1690      919.9      -1690      51.61      880.2       2265       1717       1135      939.5       1721      927.9       1037      85.43      166.3      853.9      150.7      18.03      157.7     -165.1       1372       1258       1096        779     -831.8      692.3      842.9     -114.5      322.8      736.3      857.3      619.7    0.05014      314.8      346.6        229      78.44      269.9       -164     -57.43      186.1      621.4      161.2      274.5      69.22      33.42     -98.53      -16.2      20.34      26.37      94.11      48.98      42.03    -0.5987     -43.26     -18.71      114.5     -4.369      6.579       19.2     -42.75      133.8      576.3      148.4      276.2      360.4     -84.58      518.5        610      744.6      40.64      102.1       41.5      360.8      107.5
      319.5       3076       3176       6272       6987       8850       8268       3645       8391       4697       9002       9604       8490      117.2      52.15      51.15       7932      51.61 -4.841e+06       7867  1.052e+04       9478       8292       7979       9494       7930       8110      162.4       3456       7605      286.9      34.46        300     -314.2       8719       8502       8192       7494       4626       7500       7515     -217.7      614.1       7385       7567       6532    -0.4178      598.3      659.5      435.7      149.2      513.4       -312     -109.2      354.1       6536      306.7      522.4      131.7      63.58     -187.4     -30.75      38.65      50.24      179.1      93.26      79.94     -1.146      -82.3     -35.58      217.7     -8.301      12.47      36.58     -81.28      254.6       6296      282.3      525.4      685.4     -160.9      986.2       1160       1416      77.33      194.1      78.69      686.2      204.4
      942.1       3314       3345       5566      599.2       8192      -4814       3821       8719      -2411      -4537  1.081e+04      1e+04      945.4      854.3      880.1       9446      880.2       7867  -9.52e+05  1.205e+04    1.1e+04       9776       9495  1.103e+04       9436       9527      161.2      -6134 -1.067e+04        286      34.93      298.7       -313 -2.686e+04       6021 -4.146e+04       5532       2984       5554       6224      -6002      -5288 -1.548e+04       8450       5818       1430      -1454 -3.384e+04      -2899      -6685       1955       1406       1608       1922       6153     -704.8       1355      -4453      -1070      -1712      411.7       1124      -2308      -3838      -3923      79.47     -811.4        618      446.5       1691       1559       1479       1462      -4508      -4655       6792      236.9       2841       4822       1552       5481      -4865      -5430      293.5      489.5      -8466      -2847        481
      469.6       1245       1487      -3355      -6149       3164 -8.181e+04       5534   1.19e+04       6899  1.313e+04  1.377e+04  1.265e+04      -4736       2227       2266 -2.172e+05       2265  1.052e+04  1.205e+04 -1.595e+06  1.096e+04  1.202e+04  1.216e+04  1.369e+04 -1.518e+05  1.226e+04       5982       5698  1.164e+04       6355       6091       6346       5645  1.062e+04  1.238e+04  1.076e+04   1.11e+04      -1579  1.094e+04 -2.118e+04       5649 -1.122e+04      847.7       2680      -3376       3690       8674       5602      -4027       5648       8463       5770       8238       6102 -3.904e+04      -6076       6056       4071      -1210       3650       2838       4933       4826       5737       5111       4699       2803     -702.9       2087      -6178      819.4      -8833      -2592      421.4      -6578      -3713      880.2       3512 -1.019e+04       5577       6600       7692       7921      270.1      -2175       4695       5306      -1238
       1577       2688       2789       5327      -5132      -5246      -8517       2783       6832      -6415 -1.217e+04 -1.401e+04 -6.242e+04       1644       1717       1717       9743       1717       9478    1.1e+04  1.096e+04 -1.675e+06  -1.63e+04  1.022e+04  1.118e+04  -3.38e+04  -2.25e+04      93.53       4073       8791      43.61      9.453      317.5     -295.8       5617       5392       5098  -3.75e+04       3088 -3.728e+04       7849     -195.2      532.5 -3.518e+04 -3.645e+04       2720      58.72      647.4        677      454.2      168.6      515.1     -366.9     -58.96      235.5       2834      256.7      538.6      106.5      65.48     -182.7      -22.4      50.23      57.43        185      100.8      63.81      11.34     -93.01     -58.82      213.9     -10.64      8.773     -4.729     -87.91      272.2       5602       1529       3620       6523     -111.3       6870       8520       8761      187.4       1231 -1.278e+04 -2.856e+04       1237
        429       1817       1943       3978       3231      -1691      -5075       4040       9112        488       1064      -7808      -2174       1172       1136       1135  -3.68e+04       1135       8292       9776  1.202e+04  -1.63e+04 -2.943e+05       7393 -2.149e+04      -1223 -1.372e+04      -3949       1082       3044        827      602.1      860.8      245.9      -3566      -3785      -4094     -551.6       1448     -579.8      -4370      340.5      -3370     -479.7      -2300     -573.1       2070       2635       1211      898.3      663.2       2571      263.9       2002      -4843     -409.5      838.9       1501     -125.6     -185.9     -185.6      496.7      991.4      483.1      711.8      570.1      494.8      361.3     -568.8      70.91      294.1     -877.3     -953.2      -2119     -194.7      695.9       2767      374.8      918.2      223.7       1161       1124       1842      -5060      50.45       1648       4095       4479       1411
      602.5      -1483      -1792      -2394      -3982      -6431       9040       4207       9439       1540       2977       8998   1.01e+04       1005      940.1      939.5       9768      939.5       7979       9495  1.216e+04  1.022e+04       7393 -9.131e+05 -1.051e+05       9435 -5.576e+04       1108       4132       8850       1247       1017       1279      652.5       8956       8741       8422       8294       5241       9023      -8887      743.7       1543       8600 -1.124e+04      -3737       1001       1600       1642       1270       1056       1442      675.9      877.8       1313      -3667      793.7       1451      919.7      790.3      631.7      467.3      906.4      831.4     -152.6      -5372      741.1      -9604       -157      -5440        612      890.7      896.4      757.5      -1915      -3221      -1721      845.8       1153       1738      761.2       2140      -4170       3629        126       1396      -9924 -2.482e+04       1411
       1505       1378       1473       3011  -2.54e+04       8684       9994      -5407      -8852 -1.737e+05 -3.308e+05       5934  1.117e+04       1786       1722       1721  1.125e+04       1721       9494  1.103e+04  1.369e+04  1.118e+04 -2.149e+04 -1.051e+05 -4.544e+06  1.054e+04       7000      155.6      215.4       1433      280.9      51.09      316.6     -297.9  1.022e+04       9999       9689       9736       7137       9930       9193     -201.4      602.7       9497       9284       1658      22.57      621.1      675.9      449.8      164.5      527.2     -295.4     -86.21      342.1       1667      313.2      535.9      134.6      72.07     -179.8     -23.31      51.67      63.36      174.5      21.91      88.38     -123.1     -85.96     -109.1      223.3   -0.05822      20.05      35.98       -106      212.5       2750       1493       1234       2025     -142.1       2717 -4.263e+04 -1.059e+04      637.8       5084       7589       7812       5115
      682.5     -505.9     -423.9      -2929       1421       6582 -2.268e+04 -2.671e+04 -4.944e+04 -1.502e+04 -2.855e+04  -2.51e+04 -1.386e+04       9.76      923.4      928.2 -6.053e+04      927.9       7930       9436 -1.518e+05  -3.38e+04      -1223       9435  1.054e+04 -4.523e+05       6955      296.5       3404       7931       1336      191.7      453.9     -156.3 -1.729e+04 -2.216e+04 -1.715e+04       5740       2865       7616       7425      699.2      -3314       4523       5064      -6491       2301       2899       1692       1302       1100       2734      732.7       2182       1337      -2443      -5388      34.28      -1054        530      26.59      201.9      566.9      -1013      -2158      -2011      -1530      807.3      1.961      306.3      -1583      403.6        611      -1518     -821.5       1064      -2587      341.6       2387       1745       2020       3327      -1233       1920      164.9       1042      -4995       2214      709.5
      267.2      648.6       1997       3779       5470       7945 -1.493e+04      -9145       7090      642.9      225.4  -4.36e+04      -7513       1073       1038       1037       9664       1037       8110       9527  1.226e+04  -2.25e+04 -1.372e+04 -5.576e+04       7000       6955 -3.045e+05      -1427     -718.5      881.2      -8641      -7736       3405       2807       7905       7600       7164     -617.5        807     -20.53      556.3       2199      -9285      -9609       6665      -1072       3073     -873.2      -8968       1355     -182.6      -9503      895.3     -940.6      -2377       2017       1547      929.9      660.8      930.2       1521     -103.7      -2325      -3952       2852       2300       31.7       1252      313.6      690.5       2274       2136       1562       1917     -370.9       2607      966.7      535.1      883.4     -128.1       1988       2148      -6073      -1903      77.44       2086     -597.8  -1.01e+04       2022
      10.33      383.4      596.5       1723      792.9      799.5      -6026      -2696      259.4     -459.5     -36.43      -1568       1277      110.4      85.57      85.43      160.6      85.43      162.4      161.2       5982      93.53      -3949       1108      155.6      296.5      -1427 -1.374e+04      -1894      -2411      -6083      -4195      -1415       1098 -1.479e+04      -2049 -1.045e+04     -703.2  -3.23e-07     -703.2     -798.4      575.6      499.6       1303      -60.3      203.5      415.3      837.2       1049     -276.1      986.3        289      65.32     -958.4      -2423       1153        480      647.4      387.2     -207.5      462.9      187.6     -954.9        244        906     -130.7        233      671.7      320.7      597.9      24.57      294.7      450.6       -191      396.6      307.7        720     -27.74        301     -130.3     -140.4      380.3     -508.2     -781.5      25.74     -54.01        865       1090      12.15
      234.2     -305.2     -239.3     -609.1        506      -7547     -273.4      -3971      -2730      -5403      -9650      -1368       3607      198.1      166.6      166.3       4174      166.3       3456      -6134       5698       4073       1082       4132      215.4       3404     -718.5      -1894 -2.424e+04 -4.142e+04      -7016      -3114     -805.6     -139.8      -2806     -143.5      -2660      529.9      936.6      758.6      -4712     -377.3      208.7      -1107      -2466      -1066      98.38     -421.7      -1330        145     -170.5      183.1     -104.8     -27.09     -818.6     -741.9        222      233.5     -229.3      16.28     -187.5     -185.7     -545.1     -441.2      29.41     -84.71      165.3     -221.3       -206     -107.5        267      157.2        173      180.8       -357      -99.6     -179.1      156.4      120.9     -202.8        282      360.6      -1756      -1530      55.32      299.9     -504.5      154.9      381.4
      523.3      -1277     -858.9      -1410       1657 -1.394e+04        702      -6181 -1.229e+04 -1.267e+04 -1.856e+04      -2371       9218      916.4      854.5      853.9       8966      853.9       7605 -1.067e+04  1.164e+04       8791       3044       8850       1433       7931      881.2      -2411 -4.142e+04 -1.015e+05      -3718      -4729       1323      780.7      -2449     -15.15      -4286      410.5       1784        846      -8678      -2906      558.9      -2559      -5023      -3287       1102      308.4      -1661      313.9        528     -155.4      686.9      908.7     -536.6     -481.6      882.7       1324     -475.3      689.8      348.5      108.4     -568.9     -96.62      605.3     -859.7      305.4      123.3      147.9     -297.4       1043     -9.164       1095       1064     -117.4     -352.1     -526.9      346.8      479.7     -702.6      529.3       1085      -4338      -3395      117.9       1052      -2340      760.5       1215
      67.34      198.3      650.7      -5548      821.7       1580       3158      -6551     -977.1      -1391 -1.014e+04 -5.231e+04 -2.251e+04        126      150.6      150.7      285.5      150.7      286.9        286       6355      43.61        827       1247      280.9       1336      -8641      -6083      -7016      -3718 -3.591e+04      -6308     -628.1      623.3 -2.995e+04     -656.6       2104       1868 -1.657e-08       1868      -2313      695.1     -387.6       1567       2051      -1947      149.6      334.3       1116      453.5       1059     -785.2      -5345      310.3      -4206       1085      715.9       1220     -85.35     -303.9      496.3      23.69      -1901        347      789.3     -46.29     -724.8      234.4       -374     -979.8        111      919.7      970.5     -633.4     -438.1     -501.1        344      124.3       -654      338.9      -1838      -3169      -1648      -1107      6.582      393.4       -295      -1320      402.7
     -108.5      452.6       -295      391.5      975.8      200.6      -4970      -6625      -8196     -924.4      169.5      -4265       1197         44      18.18      18.03      35.16      18.03      34.46      34.93       6091      9.453      602.1       1017      51.09      191.7      -7736      -4195      -3114      -4729      -6308 -2.658e+04     -768.4      402.7      -2053       -357       1010      414.4 -1.051e-07      414.4      -3222     -284.7      -1381     -38.09      305.4      -1711         53     -667.4      813.4      259.9      463.1     -945.2     -386.2      -1097      -1918      257.1      280.7     -12.98      720.5        478      587.8     -330.5      -2512      -1014      414.7      -1107      789.8      -2466       -596      56.58      642.7      487.3      612.2      589.5     -109.8      -68.7      856.2     -12.91      407.3     -99.28        707      529.3        357      -3181      5.529       -426      577.9      922.5       -540
      40.51      138.6      454.5       1358      -1109       1113       1874      -3178      -6777        212        986      465.9       1472      183.6      157.8      157.7        298      157.7        300      298.7       6346      317.5      860.8       1279      316.6      453.9       3405      -1415     -805.6       1323     -628.1     -768.4 -2.995e+04     -415.5       2116      450.7       1915       1863  1.624e-07       1863       1422       1282      -2250      -2241       1349      950.3      337.1       2030      963.5     -295.7     -443.3       1778      401.7      654.4       1315      -3000      290.8        621      791.3      350.4     -492.7      516.9      996.5        831      -2434        146     -51.63      935.3     -112.1      399.7     -761.6      684.6      972.5      -1455     -777.7       1182      211.7      4.317      753.9      34.76       1250       1193       1250       1206       32.8     -308.9      -1072      -67.3     -168.7
      -60.2      36.81      -2656      -6305     -241.2      -7829       1936      131.2       2157      321.8      378.2     -125.1      841.9     -139.5       -165     -165.1     -312.4     -165.1     -314.2       -313       5645     -295.8      245.9      652.5     -297.9     -156.3       2807       1098     -139.8      780.7      623.3      402.7     -415.5 -2.095e+04       1327      -1319      -7413      679.1  9.242e-08      679.1      -1552      -1437      908.4      590.8      -1034      61.19     -187.2       1292      592.6      704.4     -692.2       -267     -157.7      112.6      691.9      484.8     -342.7      -3966      157.7      527.1     -388.3     -512.6     -462.7     -471.2      21.88     -338.5      170.9     -78.43      329.3      63.66      -1255     -186.3      285.1     -563.6      201.1      620.7     -422.1      26.91      409.9      589.8     -726.7      451.9      583.8        590     -39.99      22.66      494.2      827.3     -43.31
      359.5     -380.6      -2402     -679.5      -1655      -2676 -1.793e+04  -1.69e+04 -2.964e+04      -2646      -4791 -5.187e+04       9754       1422       1372       1372       9357       1372       8719 -2.686e+04  1.062e+04       5617      -3566       8956  1.022e+04 -1.729e+04       7905 -1.479e+04      -2806      -2449 -2.995e+04      -2053       2116       1327 -3.113e+05 -1.568e+05 -1.199e+05      -8512       1317       2025      -2313     -59.27      396.7      -3229      -5270       3030      401.5       1126      -5541      -4705      460.6      631.3      -8367     -434.1      -2749       2081      -3188     -923.8      -1184      -1505      629.6     -625.6      -6567      947.7      -3093      -5671       1413     -878.8       1552       1845     -211.2      -1904      870.8       1775      754.9      -7726      -2692      319.1     -359.6      119.8      -9974     -49.76       3706       2843     -96.65     -107.8     -603.3       2949     -405.4
      446.3      -1833 -1.795e+04      -1434 -1.219e+04      -3959      -8438 -1.189e+04 -2.371e+04      -1552      -2138 -5.207e+04       9531       1319       1259       1258       9808       1258       8502       6021  1.238e+04       5392      -3785       8741       9999 -2.216e+04       7600      -2049     -143.5     -15.15     -656.6       -357      450.7      -1319 -1.568e+05 -3.668e+05 -1.343e+05 -1.002e+04       1317      516.3      -6360      -5136     -395.6      827.7      -4667       1460 -1.836e+04       1674      -4536      -5668      -3962      -4688       1911       3056      -6005 -1.223e+04 -3.625e+04 -1.096e+04      124.4      833.2      616.2      -1770      -1014      359.4      -3907      -1520      209.5      -3508       1109      548.5      -9806      -2559     -139.7     -603.7      737.8      -1150      -4751      362.7        827       2476      5.421       1680      925.6      -9381       12.7      -1956       3387       2879      -2853
      329.9      -1170      -1022      91.69      -5044      -1244 -1.159e+04      -8869 -1.597e+04      -3386      -5989 -5.227e+04       9215       1151       1096       1096       9496       1096       8192 -4.146e+04  1.076e+04       5098      -4094       8422       9689 -1.715e+04       7164 -1.045e+04      -2660      -4286       2104       1010       1915      -7413 -1.199e+05 -1.343e+05 -2.313e+05  -1.58e+04       1317      -5259      -7410     -901.2      555.7       1431      -3709       3587       1187       1978      -7148      -1541     -170.2       2134       2285       2180      -5342       3002      -2854 -1.558e+04      -1744       1026      583.4     -964.3       1094        485      315.6      451.6      136.3       1278       1316      417.7       1288     -258.8      630.3      680.8     -59.96      293.2      -3208      131.8       1905       1641       1777       3668       3638       3180      145.4      936.6       4435       4932      715.6
