
 72

((monodelphis_domestica: 0.013507, (notamacropus_eugenii: 0.012877, sarcophilus_harrisii: 0.017978): 0.002594): 0.021315, ((echinops_telfairi: 0.028849, (procavia_capensis: 0.015784, loxodonta_africana: 0.012768): 0.002488): 0.003329, ((choloepus_hoffmanni: 0.015842, dasypus_novemcinctus: 0.018752): 0.004605, (((sorex_araneus: 0.025829, erinaceus_europaeus: 0.024330): 0.004466, ((pteropus_vampyrus: 0.011574, myotis_lucifugus: 0.020844): 0.002768, (((felis_catus: 0.000701, (panthera_tigris_altaica: 0.001441, panthera_pardus: 0.000380): 0.000445): 0.004708, (canis_familiaris: 0.006823, (mustela_putorius_furo: 0.007096, ailuropoda_melanoleuca: 0.006711): 0.001067): 0.001325): 0.003654, (equus_caballus: 0.010851, (vicugna_pacos: 0.012723, (sus_scrofa: 0.009039, (tursiops_truncatus: 0.008642, (bos_taurus: 0.003363, (ovis_aries: 0.003383, capra_hircus: 0.001626): 0.002057): 0.007183): 0.001353): 0.000723): 0.002497): 0.000377): 0.000240): 0.000495): 0.001677, ((tupaia_belangeri: 0.017982, ((oryctolagus_cuniculus: 0.013498, ochotona_princeps: 0.018513): 0.007048, (ictidomys_tridecemlineatus: 0.010441, (((fukomys_damarensis: 0.008283, heterocephalus_glaber_female: 0.007291): 0.002670, ((cavia_porcellus: 0.000638, cavia_aperea: 0.005405): 0.009676, (chinchilla_lanigera: 0.006221, octodon_degus: 0.010156): 0.001204): 0.001897): 0.007526, (dipodomys_ordii: 0.019804, (jaculus_jaculus: 0.017220, (nannospalax_galili: 0.010671, (((mesocricetus_auratus: 0.006526, cricetulus_griseus_chok1gshd: 0.004221): 0.002317, (peromyscus_maniculatus_bairdii: 0.006568, microtus_ochrogaster: 0.007508): 0.000461): 0.001861, ((mus_pahari: 0.002814, (mus_caroli: 0.001383, (mus_spretus: 0.000727, mus_musculus: 0.000659): 0.000697): 0.001139): 0.002492, rattus_norvegicus: 0.007334): 0.004074): 0.006115): 0.002666): 0.002519): 0.001502): 0.000504): 0.001603): 0.000763): 0.000273, ((otolemur_garnettii: 0.012501, (microcebus_murinus: 0.005575, propithecus_coquereli: 0.004632): 0.002865): 0.002652, (carlito_syrichta: 0.014201, (((aotus_nancymaae: 0.003229, callithrix_jacchus: 0.002935): 0.000116, (saimiri_boliviensis_boliviensis: 0.003007, cebus_capucinus: 0.002607): 0.000338): 0.003078, (((chlorocebus_sabaeus: 0.001166, ((papio_anubis: 0.000858, (cercocebus_atys: 0.001174, mandrillus_leucophaeus: 0.000868): 0.000130): 0.000131, (macaca_nemestrina: 0.000683, (macaca_mulatta: 0.000672, macaca_fascicularis: 0.000247): 0.000123): 0.000404): 0.000348): 0.000416, (colobus_angolensis_palliatus: 0.001601, (rhinopithecus_roxellana: 0.000418, rhinopithecus_bieti: 0.000984): 0.000985): 0.000577): 0.001751, (nomascus_leucogenys: 0.003026, (pongo_abelii: 0.002449, (gorilla_gorilla: 0.001130, ((pan_troglodytes: 0.000403, pan_paniscus: 0.000601): 0.000546, homo_sapiens: 0.000691): 0.000146): 0.000713): 0.000221): 0.000807): 0.001319): 0.004006): 0.000805): 0.001304): 0.001625): 0.001762): 0.000684): 0.029065, ornithorhynchus_anatinus: 0.084715);

  0.021315  0.013507  0.002594  0.012877  0.017978  0.029065  0.003329  0.028849  0.002488  0.015784  0.012768  0.000684  0.004605  0.015842  0.018752  0.001762  0.001677  0.004466  0.025829  0.024330  0.000495  0.002768  0.011574  0.020844  0.000240  0.003654  0.004708  0.000701  0.000445  0.001441  0.000380  0.001325  0.006823  0.001067  0.007096  0.006711  0.000377  0.010851  0.002497  0.012723  0.000723  0.009039  0.001353  0.008642  0.007183  0.003363  0.002057  0.003383  0.001626  0.001625  0.000273  0.017982  0.000763  0.007048  0.013498  0.018513  0.001603  0.010441  0.000504  0.007526  0.002670  0.008283  0.007291  0.001897  0.009676  0.000638  0.005405  0.001204  0.006221  0.010156  0.001502  0.019804  0.002519  0.017220  0.002666  0.010671  0.006115  0.001861  0.002317  0.006526  0.004221  0.000461  0.006568  0.007508  0.004074  0.002492  0.002814  0.001139  0.001383  0.000697  0.000727  0.000659  0.007334  0.001304  0.002652  0.012501  0.002865  0.005575  0.004632  0.000805  0.014201  0.004006  0.003078  0.000116  0.003229  0.002935  0.000338  0.003007  0.002607  0.001319  0.001751  0.000416  0.001166  0.000348  0.000131  0.000858  0.000130  0.001174  0.000868  0.000404  0.000683  0.000123  0.000672  0.000247  0.000577  0.001601  0.000985  0.000418  0.000984  0.000807  0.003026  0.000221  0.002449  0.000713  0.001130  0.000146  0.000546  0.000403  0.000601  0.000691  0.084715

 -14.973170  7.057238 -8.666756  5.332999  2.031022  2.859858 19.400064 13.451394 -5.137432 15.247235 19.210050 17.962248 -31.306598 14.448742 13.602991 20.360099 41.039761 -30.281757  8.261647 13.819871 13.087911 -40.688627 13.349663 12.945622 34.655497  4.277768 12.235850 16.873051 15.704422 15.335407 62.402817  4.631851 10.637631 -0.986150  9.987418  8.437038 -3.193233 10.291203 23.726721  5.959151  0.856198 12.884791 -2.873897  9.067225  7.906023  8.047507 36.377124  6.812863 51.558021 51.799831 -1.405914  8.544898 82.731468 -14.195755  6.312972  5.586948 35.231354  3.272032  5.268628  3.309231 -2.043454  4.821566  1.571788 18.395980  6.844191 15.729322 30.420203 -1.051129  4.933261  8.638761  2.873471  4.876686  2.842688  6.729339  4.681385  1.833764  1.814297  1.171286  9.505408  2.877635  5.861221 -6.209061 26.175198  4.714351  7.169914 26.086542 31.966173 41.685098 37.871065 41.145097 41.106636 44.311060 32.599363 29.447263 20.713556 31.503958 21.238494 26.766011 33.447183 -1.768090 25.932285 33.087739 22.998074 -2.756395 23.143144 25.684995 67.162903 24.067518 28.201436 114.885475 108.346647 63.219814 30.111793 20.649557  4.488386 29.367342 16.836120 33.413884 30.539501 32.173504 99.425312 119.194636 111.302105 119.021598 79.554223 119.297689 98.623019 110.278413  6.382590 101.934860 24.958437 27.188620 26.004036 106.085870  7.423563 97.681480 -2.559739 17.548358  6.980721  8.776307  3.082329


Hessian

 -7.065e+07 -3.181e+06 -1.043e+07 -1.993e+06  -5.71e+05 -3.059e+07  2.724e+06  1.391e+06  1.951e+06  1.198e+06  2.728e+06 -1.183e+07  1.046e+06  1.309e+06  2.352e+06 -3.479e+06 -8.418e+05  2.052e+05  8.874e+05  8.195e+05 -2.477e+06  3.941e+05    1.4e+06  2.192e+06 -3.018e+06 -7.664e+05 -2.676e+04  2.779e+06  7.881e+05  4.311e+06  2.572e+06 -1.983e+05  7.777e+05 -1.513e+05  1.324e+06  2.648e+06  1.123e+05  1.702e+06 -5.705e+05  1.205e+06 -1.214e+06  9.579e+05 -1.999e+05  2.095e+06  2.019e+05   2.56e+06  1.421e+06  4.176e+06  4.084e+06 -1.396e+06 -4.126e+06  1.073e+06 -2.404e+06  2.407e+05  2.187e+06  1.138e+06 -1.643e+06  2.285e+05 -1.734e+06 -3.419e+05 -1.778e+05  1.778e+06  1.441e+06    5.9e+05  1.248e+06  3.536e+06  3.928e+06   1.34e+06  1.314e+06   1.74e+06 -1.584e+06  1.301e+06 -1.836e+06   1.15e+06 -9.924e+05  6.501e+05  1.878e+05  3.006e+04  4.673e+05  1.972e+06  1.419e+06 -4.464e+05  1.326e+06  1.283e+06  1.722e+04 -7.319e+04  9.658e+05  5.089e+05  9.232e+05  3.133e+05   1.34e+06  2.678e+06  2.115e+06 -1.346e+06 -4.809e+05  1.602e+06  1.152e+06  1.734e+06   2.33e+06 -1.874e+06  1.124e+06 -3.655e+05  9.926e+04  2.157e+06  2.981e+06  1.629e+06  1.911e+06  2.021e+06  3.106e+06  1.615e+05  8.984e+04  7.408e+05   2.59e+06  3.691e+06  4.732e+05  4.195e+06   4.44e+06  5.579e+06  4.182e+06  3.703e+06  3.826e+06  4.068e+06  5.841e+06  4.821e+06  1.184e+06  3.269e+06   2.18e+06   4.66e+06  4.993e+06  4.445e+05  3.247e+06  3.816e+05  3.243e+06  1.338e+06  2.582e+06  1.367e+06  3.478e+06  3.675e+06  4.609e+06  3.071e+06  4.533e+05
 -3.181e+06 -1.651e+08 -3.614e+07 -5.464e+06 -4.516e+06 -8.162e+05  2.183e+06  2.033e+06  1.646e+06  1.944e+06  2.268e+06  7.389e+04   2.16e+06  1.584e+06  2.345e+06   1.26e+06  1.282e+06  1.655e+06  1.327e+06   1.56e+06  9.453e+05  2.533e+06  2.676e+06  2.881e+06  1.747e+06  6.305e+05  1.127e+06  2.061e+06 -6.402e+05  2.012e+06 -2.007e+05  9.422e+05  1.587e+06  3.183e+05  1.375e+06  2.165e+06  7.421e+04  2.064e+06  2.109e+06  1.406e+06  2.499e+06  1.345e+06  2.489e+06  2.609e+06  1.727e+06  1.481e+06  2.441e+06  3.272e+06  1.972e+06  1.201e+06  1.521e+06  1.686e+06  2.571e+05  1.711e+06  2.298e+06  1.839e+06  5.021e+05  1.608e+06  5.066e+05  1.642e+06   1.89e+06  2.286e+06  2.607e+06    2.3e+06  1.685e+06  3.322e+06  2.818e+06 -2.437e+05  1.689e+06  2.227e+06   1.65e+06  2.041e+06  6.796e+05  2.127e+06  1.527e+06  1.918e+06  1.461e+06   2.07e+05  8.575e+05  2.104e+06   1.84e+06 -1.955e+06  1.475e+06   1.25e+06  7.772e+05  4.124e+05   2.19e+06  8.038e+05  1.627e+06 -1.753e+05  5.671e+05  3.258e+05  1.739e+06  1.642e+06  9.571e+05  1.902e+06  1.943e+06   1.91e+06   1.97e+06  5.344e+05  1.692e+06  1.575e+06  1.557e+06  -1.76e+06  3.134e+06  7.547e+05  1.842e+06  2.242e+06  3.316e+06  1.365e+06  2.182e+06  8.213e+04   4.56e+05   8.63e+05 -4.371e+05  1.664e+06  3.157e+06   3.64e+06   2.48e+06  1.426e+06  1.202e+06  3.683e+06 -3.855e+05  1.509e+06  2.358e+06  1.969e+06  2.612e+06  2.753e+06  3.594e+06  9.077e+04  3.387e+06  1.686e+06  2.337e+06 -2.464e+05  3.278e+06  5.724e+05  1.615e+06  4.519e+06  1.849e+06  1.791e+06  8.828e+05
 -1.043e+07 -3.614e+07 -4.144e+08 -3.016e+07 -3.168e+07 -5.628e+06  1.818e+06  1.767e+06   1.34e+06  1.164e+06  2.584e+06 -2.925e+06  1.938e+06  1.619e+06  2.676e+06 -1.687e+06 -1.917e+06   8.39e+05  1.193e+06  1.487e+06 -1.377e+06  1.724e+06  2.079e+06  2.826e+06 -3.399e+05  3.673e+05 -2.087e+05  3.487e+06 -1.652e+06  3.946e+06  2.098e+06 -1.171e+06  6.124e+05  -2.44e+05  1.591e+06  2.632e+06 -1.964e+06  1.799e+06 -3.553e+05   1.09e+06   1.21e+06  2.352e+06  1.143e+06    1.8e+06  1.028e+06  8.985e+05  2.636e+06    4.1e+06  4.206e+06 -9.506e+05 -3.365e+06  1.106e+06 -1.656e+06  6.734e+05  2.409e+06  1.356e+06  -4.55e+05  1.575e+06  1.123e+05  1.011e+06  1.087e+06  2.124e+06  2.097e+06  2.454e+06  1.211e+06  3.573e+06  3.959e+06  6.116e+05  1.745e+06  2.089e+06  1.178e+06   2.04e+06  4.776e+05  1.358e+06 -5.671e+05  1.316e+06  1.286e+06  1.128e+06  1.072e+06  2.545e+06  1.173e+06 -3.623e+06 -7.175e+04  2.059e+06 -2.619e+05   7.24e+05  2.304e+06 -6.983e+05  1.156e+06 -2.259e+05   9.86e+05  1.863e+06   1.65e+06 -5.524e+05  8.022e+05  1.593e+06  1.948e+06   1.76e+06  2.643e+06 -1.235e+06  1.602e+06  2.803e+05  2.907e+05  -7.18e+05    2.9e+06  2.703e+06  3.291e+06  2.708e+06  3.346e+06 -2.322e+05  7.003e+05  2.774e+06  2.064e+06  2.099e+06 -7.704e+06  2.643e+06  3.641e+06  3.608e+06  4.977e+06  4.902e+06  1.474e+06  2.126e+06  4.325e+06  4.452e+06  1.911e+06  2.323e+06  2.946e+06  2.798e+06  3.282e+06  -8.55e+05  2.487e+06      -4172  2.622e+06  7.242e+05  3.294e+06  4.239e+06  3.105e+06   5.52e+06   3.65e+06  2.447e+06  1.068e+06
 -1.993e+06 -5.464e+06 -3.016e+07 -1.505e+08 -4.165e+06 -8.977e+05  1.418e+06  1.759e+06  1.327e+06  8.979e+05  2.626e+06  -1.28e+06  2.238e+06    9.6e+05  2.554e+06  7.152e+05  1.412e+06  1.146e+06  1.305e+06  1.149e+06  4.912e+05  1.302e+06  6.933e+05  2.345e+06  7.562e+05  1.632e+06  1.746e+06  2.279e+06  1.496e+06  3.885e+06  1.281e+06  1.191e+06  2.026e+06  8.512e+05  2.453e+06  2.176e+06 -2.829e+06  2.263e+06  1.287e+06  7.237e+05  1.311e+06  2.094e+06  1.591e+06  1.984e+05  1.494e+06  2.439e+06  1.885e+06  2.652e+06  2.511e+06  1.982e+05  7.061e+05   1.29e+06  4.169e+05   1.42e+06  2.351e+06  9.256e+05 -5.296e+04   1.49e+06 -9.302e+05  1.319e+06  1.996e+06  2.049e+06  1.921e+06  1.961e+06  2.016e+06  2.712e+06  2.344e+06  1.472e+06  1.834e+06  1.113e+06  1.295e+06   2.17e+06  1.477e+06  1.839e+06  1.479e+06  1.602e+06  1.827e+06  1.262e+06  1.887e+06  2.099e+06  1.794e+06  1.169e+06  1.449e+06  1.873e+06  1.548e+06  1.261e+06  2.099e+06   9.34e+05  1.812e+06  1.643e+06  1.992e+06  8.148e+05  2.435e+06  3.902e+05  1.464e+06  2.142e+06  1.884e+06  1.896e+06  2.002e+06  9.286e+05  2.107e+06  1.595e+06  1.202e+06 -2.331e+06  2.748e+06  1.849e+06  1.728e+06  2.126e+06   2.64e+06  1.051e+06  1.626e+06  1.129e+06  1.953e+06  2.466e+06  2.365e+06  1.659e+06  4.862e+06  2.725e+06   3.44e+06  3.378e+06   2.53e+06  2.301e+06  2.998e+06  1.237e+06  2.199e+06   2.36e+06  2.218e+06  1.336e+06  2.814e+06 -6.531e+05  2.078e+06 -2.348e+04  1.086e+06  1.041e+06   2.06e+06  3.923e+05  1.882e+06  4.594e+06  2.496e+06  1.704e+06  1.248e+06
  -5.71e+05 -4.516e+06 -3.168e+07 -4.165e+06 -1.167e+08  6.776e+05  2.925e+06  2.236e+06  2.367e+06  2.126e+06  2.072e+06  1.189e+06  2.274e+06  1.667e+06  1.982e+06  1.411e+06  2.618e+06   2.11e+06  1.663e+06   1.96e+06  1.444e+06  2.902e+06  2.867e+06  2.125e+06  2.068e+06  2.154e+06  2.735e+06  1.575e+06  5.927e+05  1.776e+06  3.868e+06  1.503e+06  1.596e+06  9.996e+05  1.783e+06  1.315e+06  1.877e+06  2.414e+06  2.865e+06  1.506e+06  2.144e+06  2.424e+06  2.359e+06  2.952e+06  2.384e+06  1.485e+06   2.54e+06  1.218e+06  1.931e+06   2.97e+06  2.207e+06  1.743e+06  1.407e+06  2.581e+06  2.258e+06  2.134e+06  2.623e+06  1.956e+06   1.74e+05  2.651e+06  2.347e+06   2.11e+06  2.216e+06  2.023e+06  2.114e+06  2.893e+06  1.626e+06  2.034e+06  2.552e+06  2.491e+06  2.056e+06  2.109e+06  2.664e+06  2.345e+06  2.338e+06  2.105e+06  2.378e+06  2.004e+06  2.134e+06   2.23e+06  1.973e+06  2.693e+06  2.215e+06  2.614e+06  2.474e+06  1.638e+06  3.363e+06  3.311e+06  2.121e+06  2.881e+06  2.734e+06  2.363e+06  2.545e+06  2.406e+06  2.061e+06   2.04e+06  2.865e+06  2.118e+06  2.635e+06  1.234e+06  1.596e+06  1.823e+06  2.605e+06 -1.324e+06  1.549e+06  2.186e+06   2.96e+06  1.359e+06  2.764e+06  2.647e+06  1.101e+06  2.271e+06   1.07e+06    1.5e+06 -3.531e+05  1.031e+06 -2.162e+06  3.659e+06   1.49e+04  3.806e+06  1.225e+06  1.648e+06  1.092e+06   2.98e+06  2.156e+06  2.266e+06  2.896e+06  1.375e+06  2.162e+06  2.108e+06  2.881e+06  3.477e+06  2.426e+06  3.268e+06  2.436e+06  1.981e+06  2.748e+06  4.119e+06  9.807e+05   2.74e+06  1.077e+06
 -3.059e+07 -8.162e+05 -5.628e+06 -8.977e+05  6.776e+05 -6.199e+07  3.201e+06  9.914e+05  1.943e+06  9.426e+05  2.621e+06 -1.619e+07   2.07e+05  1.173e+06  1.959e+06 -4.388e+06 -1.859e+06 -1.128e+06  4.627e+05  4.328e+05 -3.573e+06 -4.333e+05  1.234e+06  1.613e+06 -4.402e+06 -2.247e+06 -3.892e+05  2.271e+06  1.262e+06  4.338e+06  2.106e+06 -1.121e+06  4.542e+05 -1.152e+06  8.354e+05  2.128e+06  -2.58e+06  1.144e+06 -1.695e+06  9.521e+05  -2.53e+06  4.524e+05 -1.159e+06  1.722e+06  -5.32e+05  2.555e+06  1.147e+06  3.817e+06  3.612e+06 -2.645e+06 -5.238e+06  8.294e+05 -4.188e+06 -7.626e+05  1.756e+06  6.705e+05 -2.906e+06      -9198 -4.255e+06  -1.17e+06 -4.321e+05  1.848e+06  1.662e+06 -4.025e+05  7.592e+05  3.552e+06  4.005e+06  8.856e+05  9.857e+05  1.443e+06 -2.713e+06  9.622e+05 -2.152e+06  9.164e+05 -1.603e+06  4.598e+05 -3.397e+05    5.5e+05  6.034e+04  1.684e+06   1.27e+06 -1.683e+06  9.825e+05   7.93e+05 -6.427e+05 -3.672e+05  6.568e+05  1.576e+05  5.319e+05 -1.663e+05  1.535e+06  2.453e+06  2.129e+06  -2.19e+06 -5.427e+05  1.432e+06  3.337e+05  1.391e+06  2.225e+06 -3.097e+06  7.026e+05 -1.179e+06 -2.979e+05   2.31e+06  2.753e+06  1.732e+06  2.023e+06  1.816e+06  2.644e+06   8.57e+04  5.764e+05  2.224e+05  2.349e+06  1.735e+06  1.571e+06   3.84e+06  2.852e+06  5.129e+06  4.644e+06  3.662e+06  4.162e+06  3.797e+06  5.472e+06  3.928e+06  1.026e+06  3.142e+06  1.683e+06  3.773e+06  4.903e+06  9.859e+04  3.187e+06  9.712e+05  3.072e+06  1.526e+06  2.554e+06  4.934e+04  2.913e+06  4.406e+06  4.916e+06  1.961e+06  7.184e+05
  2.724e+06  2.183e+06  1.818e+06  1.418e+06  2.925e+06  3.201e+06 -5.863e+08 -4.243e+06 -1.591e+08  -9.57e+06 -2.319e+07 -2.512e+08 -2.635e+06 -1.083e+06 -5.169e+05 -6.795e+07 -1.672e+07 -9.018e+06 -2.435e+06 -2.661e+06 -2.693e+07 -1.566e+07 -6.025e+06 -2.185e+06 -3.745e+07 -1.322e+07 -9.424e+06 -6.238e+06 -6.106e+06  5.023e+06  4.589e+05  -1.34e+07 -5.419e+06 -9.178e+06 -5.274e+06  -2.22e+06 -2.791e+07 -5.145e+06 -1.959e+07 -2.531e+06 -2.061e+07 -6.932e+06 -1.742e+07 -3.546e+06 -1.107e+07   -6.7e+05 -3.674e+06  2.875e+06  1.257e+06 -1.869e+07 -3.167e+07 -3.852e+06 -3.137e+07 -1.004e+07 -1.503e+06   -3.1e+06 -2.128e+07 -7.633e+06 -2.461e+07 -9.634e+06 -4.285e+06 -8.785e+05 -7.325e+05 -8.763e+06  -3.18e+06  2.789e+06  4.821e+06 -7.215e+06 -2.671e+06 -1.559e+06 -1.723e+07 -2.566e+06 -1.522e+07 -2.827e+06 -1.081e+07 -2.215e+06 -6.171e+06 -3.172e+06 -3.649e+06  4.979e+05  1.127e+05 -3.514e+06  -1.37e+06  -2.03e+06 -3.472e+06 -3.564e+06 -1.711e+06 -2.448e+06 -1.259e+06 -2.053e+06 -8.945e+05  4.375e+05  6.442e+05 -1.821e+07 -1.569e+07  -4.27e+06  -1.02e+07 -4.499e+06 -2.779e+06 -2.111e+07 -3.641e+06 -1.079e+07 -7.332e+06 -2.375e+06  1.573e+06 -2.642e+06 -6.876e+06 -2.643e+06  8.486e+05 -8.123e+06 -4.867e+06 -3.264e+06 -1.862e+06  1.742e+06 -9.106e+06  3.894e+06 -5.485e+06  4.498e+06  4.235e+06  2.855e+06  3.776e+06  2.247e+06  4.572e+06  1.181e+06 -3.129e+06  6.949e+05     -9e+05  2.693e+06  5.396e+06 -6.763e+06  8.314e+05 -8.369e+06  7.851e+05 -3.428e+06  2.044e+06 -4.536e+06  1.647e+06   3.12e+06  5.603e+06 -4.119e+05  1.367e+06
  1.391e+06  2.033e+06  1.767e+06  1.759e+06  2.236e+06  9.914e+05 -4.243e+06 -6.873e+07 -2.763e+05 -6.377e+05  1.157e+06 -3.781e+06 -1.657e+05   6.83e+05  1.013e+06 -2.447e+06 -2.203e+06  -3.11e+06   -2.7e+05 -8.432e+04 -1.339e+06 -1.571e+06       2731  7.305e+05 -3.054e+06 -1.364e+06 -1.047e+06  3.966e+05  -3.77e+05  3.082e+06 -3.511e+05 -1.978e+06 -1.172e+05 -2.546e+06  2.482e+05  7.421e+05 -3.515e+06  4.049e+05 -2.476e+06  1.618e+05 -2.937e+06  -3.71e+05 -2.305e+06  7.714e+05 -1.279e+06  1.706e+06  1.536e+05   2.64e+06  2.176e+06 -2.038e+06  -7.26e+06 -4.089e+05 -4.704e+06 -1.934e+06  5.435e+05  9.688e+04 -2.266e+06 -1.234e+04 -4.116e+06  -1.37e+06 -1.948e+05   1.21e+06  1.263e+06 -7.043e+05  6.276e+05  2.059e+06  2.736e+06  2.216e+05  4.298e+05  7.115e+05 -3.572e+06  5.947e+05 -1.879e+06  5.182e+05 -1.261e+06  5.779e+05  -3.62e+05  4.511e+05  2.009e+05  1.369e+06  7.447e+05 -9.648e+04  7.933e+05  9.453e+05 -2.102e+05  1.779e+04  9.951e+05  6.686e+04  3.446e+05  2.357e+05  2.271e+06  1.601e+06  1.377e+06  -2.09e+06 -1.546e+06      9e+05 -2.178e+05  1.083e+05  1.344e+06 -3.238e+06 -1.807e+05 -1.047e+06 -7.441e+04 -7.034e+05  1.876e+06   6.09e+05  1.548e+05  1.053e+06  1.717e+06 -1.128e+06  1.102e+06  6.003e+05  1.924e+06   1.71e+06  1.324e+06  2.525e+06  4.941e+06  2.518e+06  2.791e+06 -7.781e+05   1.74e+06 -1.664e+04  3.261e+06  2.605e+06  5.982e+05  1.592e+06  1.898e+06  3.294e+06  2.578e+06 -5.384e+05  1.857e+06 -8.232e+05  2.078e+06  1.653e+06  1.996e+06 -9.202e+05  2.503e+06  2.347e+05   2.31e+06  1.566e+06  1.016e+06
  1.951e+06  1.646e+06   1.34e+06  1.327e+06  2.367e+06  1.943e+06 -1.591e+08 -2.763e+05 -6.094e+08 -2.228e+07 -5.452e+07 -1.021e+08 -3.535e+06 -5.464e+05 -2.872e+05 -3.372e+07 -1.296e+07 -4.607e+06 -6.933e+05 -8.928e+05 -2.698e+07 -1.001e+07 -3.263e+06 -8.627e+05 -2.974e+07  -9.72e+06 -7.477e+06 -2.124e+06 -6.951e+06  4.748e+06   -7.2e+06 -9.039e+06 -4.101e+06 -7.863e+06 -2.051e+06 -1.826e+06 -3.582e+07 -4.715e+06  -1.28e+07 -2.036e+06 -1.436e+07 -4.383e+06 -1.294e+07 -3.374e+06 -6.336e+06 -2.095e+06 -3.249e+06  1.826e+06   3.49e+05 -1.453e+07 -2.029e+07 -1.382e+06 -1.648e+07 -6.181e+06  -3.71e+05 -1.076e+06 -1.438e+07  -5.43e+06 -2.082e+07 -6.412e+06 -2.751e+06 -9.661e+04  2.829e+05 -3.732e+06 -2.417e+06  6.598e+05  4.056e+06 -7.097e+06 -1.767e+06 -5.802e+05 -1.208e+07 -1.487e+06 -9.048e+06 -1.216e+06 -7.768e+06  -1.58e+06 -3.175e+06  -2.51e+06 -1.376e+06   3.18e+05  1.741e+06  1.331e+06 -4.491e+05 -1.881e+06 -3.024e+06 -1.213e+06 -3.394e+05  9.812e+05 -1.164e+06 -3.166e+06  1.231e+06 -1.772e+06  5.528e+04 -1.872e+07  -1.11e+07 -2.811e+06 -9.118e+06 -2.698e+06 -3.617e+06 -1.846e+07 -2.191e+06 -9.126e+06  -6.24e+06 -1.309e+07  3.885e+05 -1.566e+06 -3.368e+06 -6.723e+05 -2.053e+06 -7.863e+06 -6.342e+06 -3.061e+06 -1.006e+06 -9.547e+05 -9.166e+06  2.587e+04 -6.804e+06  1.599e+06   3.52e+06 -5.805e+06  2.028e+06 -4.012e+06 -8.354e+05  1.471e+06  -4.05e+06   1.58e+06  6.959e+05  5.882e+06  3.744e+06 -7.289e+06 -7.788e+05 -6.681e+06  2.222e+05 -3.895e+06  4.805e+05 -1.192e+07 -4.325e+06 -2.676e+06 -6.769e+05 -1.867e+05    1.5e+06
  1.198e+06  1.944e+06  1.164e+06  8.979e+05  2.126e+06  9.426e+05  -9.57e+06 -6.377e+05 -2.228e+07 -1.477e+08  5.077e+05 -1.001e+07 -2.701e+05 -2.974e+05  1.033e+06 -6.271e+06  -3.36e+06 -2.311e+06 -1.723e+05 -1.454e+05  -5.17e+06 -4.437e+06 -3.176e+06  7.555e+05 -7.515e+06  -4.13e+06  -3.07e+06 -4.913e+05 -1.273e+06  4.563e+06   1.61e+06 -3.643e+06 -2.199e+05 -1.947e+06 -5.546e+05  5.178e+05 -1.004e+07 -4.759e+05 -6.409e+06 -1.056e+06 -6.443e+06 -1.419e+06 -4.131e+06 -2.461e+06 -3.026e+06  9.211e+05 -2.433e+06  2.576e+06  8.961e+05 -3.722e+06 -9.185e+06  -6.05e+05 -8.461e+06 -3.095e+06  7.887e+05 -7.338e+05 -4.861e+06 -1.199e+06 -1.009e+07 -3.118e+06 -1.022e+06  7.922e+05  1.064e+06 -1.207e+06      -9246  2.367e+06   3.23e+06  -1.85e+06 -8.172e+05 -1.672e+05 -4.125e+06  5.036e+05 -3.527e+06 -4.076e+05 -3.733e+06 -3.064e+05 -1.232e+06 -3.754e+05 -5.582e+05  1.512e+06  6.596e+05  -1.46e+06   2.77e+05 -2.338e+04  -1.85e+06 -8.522e+05 -1.888e+05 -1.012e+06 -3.025e+05  5.291e+05  5.322e+05 -1.933e+05   3.78e+05 -5.036e+06 -3.687e+06 -7.231e+05 -2.209e+06 -4.878e+05  2.061e+05 -5.239e+06 -4.804e+05 -3.275e+06 -2.212e+06  -2.41e+06  7.425e+05 -6.026e+05 -2.194e+06  4.988e+05  1.056e+06  -2.41e+06 -2.168e+06  -2.25e+06 -8.708e+05  4.642e+05 -6.087e+05   1.91e+06  5.394e+05   3.22e+06  2.989e+06  1.566e+06  3.802e+06 -1.772e+05  2.372e+06  1.262e+06   1.51e+06  1.359e+06  4.694e+05  3.347e+06  3.891e+06 -2.831e+06  1.587e+06 -2.581e+06 -1.062e+06 -1.312e+06  1.121e+06 -7.209e+05  9.538e+05  3.447e+06  2.971e+06 -6.717e+05  1.302e+06
  2.728e+06  2.268e+06  2.584e+06  2.626e+06  2.072e+06  2.621e+06 -2.319e+07  1.157e+06 -5.452e+07  5.077e+05 -2.107e+08 -1.743e+07 -6.161e+05  7.902e+05  5.145e+05 -7.417e+06 -2.304e+06  3.773e+05  1.162e+06  1.384e+06 -5.613e+06 -7.988e+05  1.255e+06 -2.221e+05 -1.235e+07 -2.278e+06 -8.694e+05  2.578e+05 -1.758e+06  7.033e+05 -1.813e+06 -5.437e+06 -1.046e+06 -2.968e+06  6.319e+05 -2.877e+06 -1.096e+07 -2.609e+06 -2.873e+06  4.464e+05 -2.744e+06 -1.716e+04 -2.444e+06  8.794e+05  -8.08e+05 -2.059e+06 -8.012e+05  -1.32e+06 -1.138e+06 -3.175e+06 -5.686e+06   7.15e+05 -3.852e+06  -1.34e+05  3.325e+05  1.553e+06 -5.028e+06 -1.753e+05 -7.189e+06  4.014e+05   4.23e+05  7.701e+05  1.462e+06  8.744e+05  8.137e+05   2.12e+06  2.095e+06 -8.554e+05   6.98e+05  1.583e+06 -1.541e+06  1.293e+06 -9.338e+05   1.36e+06 -8.401e+05  1.828e+06  1.781e+06  1.294e+06  2.002e+06  1.609e+06   2.17e+06 -2.446e+06  1.864e+06  9.199e+05  1.603e+06  1.956e+06  2.931e+06  1.917e+06  3.652e+06  2.134e+06  3.322e+06  -2.83e+06  1.461e+06  -4.67e+06 -2.532e+06 -7.998e+05 -1.505e+06  6.059e+05  -9.79e+04 -4.912e+06  5.278e+05 -1.177e+06  3.518e+05 -1.086e+07  9.214e+05 -5.423e+05 -1.584e+06 -7.252e+05 -9.478e+05 -1.347e+06 -2.133e+05 -1.175e+06 -4.536e+06 -1.944e+06 -4.305e+06 -4.869e+06 -1.487e+06 -6.807e+04 -5.646e+05 -7.854e+06  3.265e+05  3.916e+05 -4.746e+06 -1.156e+06 -2.034e+06  1.849e+06  7.223e+04 -1.153e+06  2.553e+06 -1.611e+06  2.343e+06 -1.352e+06   7.22e+05  -9.32e+05  1.476e+06  1.213e+06 -4.734e+06 -6.803e+05  3.082e+05 -2.387e+06  1.624e+06
 -1.183e+07  7.389e+04 -2.925e+06  -1.28e+06  1.189e+06 -1.619e+07 -2.512e+08 -3.781e+06 -1.021e+08 -1.001e+07 -1.743e+07  -1.81e+09 -6.763e+06 -5.192e+05 -3.439e+05 -1.757e+08 -2.121e+07 -1.481e+07 -3.549e+06 -4.288e+06 -3.395e+07 -1.993e+07 -8.062e+06 -4.452e+06 -5.347e+07 -2.295e+07 -1.251e+07 -9.231e+06 -1.071e+07  3.668e+06 -9.956e+06 -1.656e+07 -6.803e+06 -1.551e+07 -8.585e+06 -2.883e+06 -2.772e+07 -8.723e+06 -2.315e+07 -3.428e+06 -3.093e+07  -9.54e+06 -1.695e+07 -4.878e+06 -1.584e+07 -1.226e+06 -7.298e+06  3.171e+06  2.297e+06 -2.577e+07 -4.777e+07 -6.615e+06 -4.107e+07 -1.407e+07  -4.25e+06 -4.488e+06 -2.922e+07 -1.061e+07 -4.679e+07 -1.312e+07 -8.136e+06 -3.447e+05 -2.187e+06  -1.17e+07     -6e+06 -1.297e+05   5.07e+06 -1.206e+07 -5.111e+06 -2.796e+06 -3.483e+07 -3.435e+06 -2.352e+07  -4.76e+06 -1.665e+07 -3.204e+06 -1.155e+07 -9.298e+06 -5.613e+06 -1.255e+06 -1.682e+06 -9.995e+06 -4.674e+06 -3.593e+06 -9.226e+06 -7.003e+06 -2.906e+06  -5.74e+06 -3.772e+06 -7.971e+06  5.672e+06   1.08e+06 -3.085e+05 -2.455e+07 -2.324e+07 -7.128e+06 -1.469e+07 -4.679e+06 -6.396e+06 -3.599e+07 -5.847e+06 -1.848e+07 -9.675e+06 -7.661e+06  2.083e+06 -5.191e+06 -8.033e+06 -3.194e+06  2.677e+05  -1.14e+07 -1.161e+07 -1.162e+06   -5.1e+06   1.12e+06 -2.851e+06  7.109e+06  8.091e+06  4.043e+06  3.738e+06  2.191e+06  4.986e+06  1.964e+06  4.456e+06  3.107e+06  -3.28e+05 -3.997e+06  2.257e+06  6.284e+06   4.13e+06  -1.33e+07 -2.637e+05 -8.505e+06 -1.736e+06 -5.791e+06 -1.165e+05 -1.127e+07  3.026e+06  7.881e+05  4.009e+06  2.029e+06  9.212e+05
  1.046e+06   2.16e+06  1.938e+06  2.238e+06  2.274e+06   2.07e+05 -2.635e+06 -1.657e+05 -3.535e+06 -2.701e+05 -6.161e+05 -6.763e+06 -3.103e+08 -1.875e+07 -6.316e+07 -3.822e+07 -1.261e+07  -3.22e+06 -4.772e+05 -3.724e+05 -2.184e+07 -8.265e+06 -2.214e+06 -5.771e+05 -2.247e+07 -9.002e+06 -5.545e+06 -1.904e+05 -3.412e+06  2.615e+06 -3.517e+06 -6.065e+06 -1.979e+06 -7.354e+06 -2.848e+06  -1.73e+05 -1.873e+07 -2.546e+06 -1.196e+07 -5.139e+05 -1.221e+07 -3.334e+06  -8.64e+06 -1.757e+06 -5.637e+06  9.946e+05 -2.804e+06  1.309e+06 -2.665e+05 -1.159e+07  -1.78e+07 -1.086e+06 -1.725e+07 -4.517e+06      -4945  -1.81e+05 -1.071e+07 -2.774e+06 -1.521e+07 -4.577e+06 -2.188e+06 -2.728e+05  6.972e+05 -2.102e+06 -3.296e+05  2.413e+06   3.96e+06 -2.809e+06 -3.853e+05  2.432e+05 -9.109e+06 -5.573e+05 -6.234e+06 -1.953e+05 -2.937e+06 -5.494e+05 -7.307e+05  3.039e+05 -5.133e+05  7.733e+05  8.514e+05 -3.565e+06  3.436e+04  8.596e+04 -1.303e+06 -1.447e+06  6.249e+05  7.855e+05  4.712e+05  1.288e+06  3.446e+06  2.975e+05  1.311e+06 -1.142e+07  -7.62e+06 -1.347e+06 -5.681e+06  -2.19e+06 -4.431e+05 -1.221e+07 -1.321e+06 -8.112e+06 -3.128e+06 -5.061e+06  1.827e+06 -2.056e+06 -5.172e+06  2.746e+05 -3.702e+05 -5.282e+06 -9.872e+05 -3.254e+06 -1.794e+06 -9.357e+05  5.113e+05  2.852e+06 -2.473e+04  2.872e+06  2.633e+06  -3.45e+06  6.965e+05  1.659e+06  3.766e+06  1.065e+06  1.702e+06  1.047e+06 -3.246e+04  2.208e+06  3.282e+06 -1.477e+06  8.394e+05 -2.348e+06  7.762e+05 -2.712e+06  1.196e+06 -1.112e+06 -5.689e+05  2.552e+06  3.319e+06  2.557e+04  1.471e+06
  1.309e+06  1.584e+06  1.619e+06    9.6e+05  1.667e+06  1.173e+06 -1.083e+06   6.83e+05 -5.464e+05 -2.974e+05  7.902e+05 -5.192e+05 -1.875e+07 -9.805e+07  1.335e+06 -3.788e+06 -1.831e+06 -1.265e+05  7.591e+05  6.998e+05 -3.831e+06 -1.534e+06 -7.812e+05   1.14e+06 -4.231e+06 -8.357e+05  3.087e+05  6.784e+05 -5.143e+05  1.616e+06 -1.936e+05 -1.765e+05  7.087e+05  6.028e+05  8.623e+05  3.324e+05 -4.255e+06  1.491e+05 -2.631e+06 -8.085e+05 -1.239e+06  2.581e+05 -9.629e+05 -8.432e+05 -5.112e+05   7.68e+05   1.35e+06  1.221e+06 -4.253e+05 -1.333e+06 -2.493e+06   5.27e+04 -1.475e+06  1.061e+05  1.184e+06  8.217e+05 -1.789e+06   5.57e+05 -5.721e+06  5.767e+05  8.288e+05  7.074e+05  1.018e+06  6.413e+05  1.305e+06  2.056e+06  2.161e+06  1.315e+06  1.411e+06  9.996e+05 -5.404e+05  1.144e+06  2.099e+05  1.227e+06  1.574e+05  9.966e+05  1.326e+06  1.758e+06  7.679e+05  1.642e+06  1.143e+06  1.063e+06  1.916e+06  1.541e+06  9.349e+05   1.23e+06  1.221e+06  1.414e+06  2.343e+06  2.786e+06  5.994e+04  1.273e+06   1.83e+06 -1.393e+06 -1.274e+06  9.191e+05 -8.573e+05  8.937e+05  9.051e+05 -1.937e+06   8.94e+05 -1.173e+06 -1.398e+05 -2.614e+06   7.84e+04  6.796e+05  3.872e+05  1.139e+06  9.738e+05  -1.09e+06  9.084e+04 -2.697e+05 -6.601e+04   2.03e+06 -1.003e+06 -2.805e+05 -9.293e+05   2.33e+06   1.56e+06  5.748e+05 -1.316e+06 -6.039e+05  1.686e+06  3.027e+06 -5.522e+05  1.139e+06  1.855e+06  1.439e+06  7.173e+05 -3.324e+05  1.491e+06  -2.74e+06 -2.886e+05 -5.574e+05  9.668e+05  -1.33e+06  1.312e+06  1.923e+06 -1.855e+06  7.498e+05  1.071e+06
  2.352e+06  2.345e+06  2.676e+06  2.554e+06  1.982e+06  1.959e+06 -5.169e+05  1.013e+06 -2.872e+05  1.033e+06  5.145e+05 -3.439e+05 -6.316e+07  1.335e+06  -1.26e+08 -1.259e+07 -5.511e+06 -5.428e+05  8.989e+05  9.364e+05 -8.005e+06 -2.569e+06  6.355e+05  1.657e+05  -1.04e+07 -2.616e+06 -1.571e+06 -1.586e+06 -1.832e+06  1.744e+06 -4.487e+06 -3.681e+06 -1.399e+06 -3.032e+06  -9.53e+05  -2.79e+05  -8.05e+06  2.906e+04 -4.418e+06  8.206e+05 -5.927e+06 -7.029e+05 -3.705e+06  7.828e+05  -1.74e+06  7.856e+05 -6.257e+05  1.367e+06 -2.561e+05 -5.559e+06   -8.8e+06  6.257e+05 -6.774e+06 -1.335e+06  6.054e+05  1.193e+06 -3.754e+06  -7.62e+04 -5.774e+06 -1.006e+06  2.233e+05  1.398e+06  1.376e+06 -5.074e+05  1.012e+06  3.271e+06  2.738e+06 -2.841e+05  4.336e+05  1.111e+06 -4.004e+06  7.646e+05 -1.322e+06  1.221e+06 -5.095e+05  1.218e+06  2.099e+06    1.9e+06  1.708e+06  2.095e+06  2.037e+06  1.061e+06  1.593e+06  1.991e+06  1.358e+06  1.561e+06  2.555e+06  3.222e+06  2.992e+06  2.326e+06  4.314e+06   1.88e+06  2.182e+06 -4.993e+06 -2.921e+06  2.653e+05 -1.879e+06 -5.294e+05  9.172e+05 -4.842e+06  5.096e+04 -2.022e+06 -2.152e+05 -5.196e+06  1.368e+06  4.965e+05 -7.203e+05  3.066e+05  7.591e+05 -8.124e+05  8.395e+05 -2.735e+04 -1.254e+06  7.985e+05  1.313e+06  1.672e+06 -1.705e+06  2.441e+05  1.535e+06 -8.156e+06  2.865e+06  1.285e+06  1.591e+06  -1.18e+06  2.773e+06  1.625e+06  8.454e+05  1.569e+06  3.741e+06 -1.365e+06  1.174e+06   1.07e+06  1.146e+06 -6.002e+05  7.361e+05  7.978e+05 -1.228e+06 -3.262e+06  1.568e+06  1.052e+06  1.552e+06
 -3.479e+06   1.26e+06 -1.687e+06  7.152e+05  1.411e+06 -4.388e+06 -6.795e+07 -2.447e+06 -3.372e+07 -6.271e+06 -7.417e+06 -1.757e+08 -3.822e+07 -3.788e+06 -1.259e+07 -1.366e+09 -3.069e+07 -1.158e+07 -2.891e+06 -3.997e+06 -3.674e+07 -1.895e+07 -8.379e+06 -3.142e+06 -6.778e+07 -2.113e+07 -1.434e+07 -7.498e+06  -1.01e+07  2.953e+06 -9.369e+06 -1.912e+07 -8.035e+06 -1.643e+07 -7.496e+06 -4.321e+06  -4.76e+07 -1.057e+07 -2.954e+07 -3.397e+06 -2.819e+07 -1.046e+07 -2.201e+07 -5.857e+06 -1.426e+07 -8.323e+05 -5.244e+06 -1.352e+04  2.325e+06 -3.457e+07 -3.635e+07 -5.306e+06 -3.927e+07 -1.304e+07 -3.501e+06 -4.371e+06  -2.47e+07 -8.744e+06 -3.117e+07 -1.576e+07 -8.359e+06 -1.775e+06 -1.696e+06  -1.05e+07 -3.516e+06  1.111e+06  4.708e+06 -6.677e+06 -5.196e+06 -1.264e+06  -2.22e+07 -5.178e+06  -1.62e+07 -2.892e+06 -1.554e+07 -4.509e+06 -7.868e+06 -7.808e+06 -5.919e+06 -1.403e+06 -2.185e+06 -6.141e+06 -3.745e+06  -3.69e+06 -8.299e+06 -9.581e+06 -3.015e+06 -5.626e+06  -7.43e+05 -7.152e+06   5.97e+05 -4.652e+06 -2.308e+06 -3.013e+07 -2.034e+07 -6.806e+06 -1.404e+07 -6.418e+06 -5.908e+06 -3.388e+07 -5.793e+06 -2.176e+07 -9.546e+06 -9.925e+06  2.007e+06 -5.917e+06 -1.708e+06 -4.525e+06 -1.692e+06  -1.34e+07  -7.84e+06 -3.734e+06  -1.04e+06 -1.585e+06 -6.753e+06  1.283e+06  3.522e+05  2.188e+06  2.143e+06 -1.058e+06  2.962e+06   -3.6e+06  3.648e+06  8.516e+06   1.17e+06   4.48e+05 -4.521e+06  5.315e+06    2.4e+06 -1.036e+07  2.239e+06 -6.294e+06  -3.38e+06 -7.287e+06 -2.576e+06 -1.246e+07 -1.006e+06  1.629e+06  1.216e+06 -5.442e+06  8.515e+05
 -8.418e+05  1.282e+06 -1.917e+06  1.412e+06  2.618e+06 -1.859e+06 -1.672e+07 -2.203e+06 -1.296e+07  -3.36e+06 -2.304e+06 -2.121e+07 -1.261e+07 -1.831e+06 -5.511e+06 -3.069e+07 -1.592e+09 -1.618e+06 -6.563e+05 -1.206e+06 -5.663e+08   -1.6e+07 -7.376e+06 -1.681e+06 -2.111e+08 -3.918e+07 -2.113e+07 -7.359e+06 -1.109e+07  3.973e+06 -1.365e+07 -2.675e+07 -1.134e+07 -2.018e+07 -8.026e+06 -4.571e+06 -8.222e+07 -1.223e+07 -3.573e+07 -3.588e+06 -3.393e+07 -1.199e+07 -2.343e+07 -7.184e+06 -1.273e+07  -2.83e+06 -1.011e+07  3.277e+06  -6.38e+05 -1.136e+08 -4.193e+07 -6.147e+06 -4.134e+07 -1.543e+07 -5.437e+06 -3.861e+06 -3.225e+07 -1.123e+07 -3.877e+07 -1.719e+07 -6.006e+06 -1.425e+06 -4.531e+05 -6.937e+06 -4.577e+06  3.313e+06  4.971e+06 -8.824e+06 -4.278e+06 -4.453e+06 -2.492e+07 -5.268e+06 -1.942e+07 -3.469e+06 -1.091e+07 -3.358e+06 -5.044e+06 -4.575e+06 -4.776e+06  3.722e+05 -2.244e+06  -6.04e+06 -2.496e+06 -5.248e+06 -5.762e+06  -5.96e+06  -7.61e+05 -7.205e+04  5.117e+05 -4.141e+05  4.713e+06 -7.683e+06 -1.148e+06 -4.113e+07 -2.711e+07 -6.564e+06 -1.879e+07 -8.815e+06 -5.442e+06 -4.329e+07 -6.003e+06 -2.774e+07  -1.17e+07  -1.41e+07 -6.503e+05 -7.548e+06 -1.632e+07 -2.861e+06 -2.545e+06  -1.36e+07 -7.208e+06 -8.828e+06 -2.909e+06 -4.805e+06 -9.325e+06  3.128e+05  3.087e+06 -1.948e+05  2.622e+06  -8.26e+06 -2.819e+06 -1.139e+07  1.254e+06 -6.478e+06 -3.411e+06 -1.668e+06 -3.011e+06  2.863e+06  7.375e+05  -1.01e+07  -6.81e+05 -2.412e+07   2.75e+04 -9.654e+06 -1.288e+05 -1.847e+07  1.398e+06 -1.027e+07  7.465e+05 -5.902e+06  1.496e+06
  2.052e+05  1.655e+06   8.39e+05  1.146e+06   2.11e+06 -1.128e+06 -9.018e+06  -3.11e+06 -4.607e+06 -2.311e+06  3.773e+05 -1.481e+07  -3.22e+06 -1.265e+05 -5.428e+05 -1.158e+07 -1.618e+06 -2.486e+08 -2.378e+07 -3.413e+07 -2.141e+07 -9.063e+06 -4.407e+06 -2.233e+06 -1.459e+07 -1.011e+07 -6.663e+06 -1.229e+06 -2.135e+06  3.939e+06 -1.192e+07 -1.032e+07 -5.276e+06 -1.094e+07 -4.245e+06 -2.141e+06 -1.537e+07 -4.242e+06 -1.382e+07  -5.12e+06 -1.763e+07 -4.702e+06 -8.886e+06 -2.739e+06  -8.42e+06 -2.086e+05 -2.663e+06  2.503e+06  1.824e+06 -8.366e+06 -2.765e+07 -4.443e+06 -2.345e+07 -8.251e+06 -1.355e+06 -2.599e+06 -1.255e+07 -4.377e+06 -2.405e+07 -7.096e+06 -6.859e+06 -7.755e+05 -2.569e+06 -4.636e+06 -1.995e+06  2.502e+06  3.689e+06 -6.054e+06     -2e+06 -1.507e+06 -1.524e+07 -2.554e+06 -9.701e+06 -1.556e+06 -7.155e+06 -1.984e+06 -4.453e+06 -3.591e+06 -7.131e+06 -5.474e+06 -6.708e+05 -9.594e+06 -2.236e+06 -1.271e+06 -4.115e+06  -4.39e+06 -9.509e+05  -3.35e+06 -2.642e+06 -1.119e+06  9.083e+04  -1.77e+06 -4.958e+05 -8.615e+06 -7.662e+06 -1.594e+06 -6.709e+06 -3.568e+06 -2.098e+05 -1.128e+07 -3.435e+06 -6.681e+06 -4.003e+06 -3.583e+06 -1.743e+05 -1.584e+06 -7.874e+05 -1.853e+06  5.242e+05   -4.6e+06 -1.862e+07 -1.636e+07 -3.594e+05 -1.731e+07 -1.076e+06  2.421e+06 -3.108e+05 -3.603e+05  2.105e+06 -1.416e+07  4.743e+06  2.219e+06  4.699e+06  1.535e+06  1.831e+05  6.084e+05  8.601e+05  2.095e+06  4.456e+06 -7.059e+06  1.211e+06 -3.681e+06  1.087e+06 -1.347e+06  1.194e+06 -2.825e+06  4.161e+05 -1.018e+07  2.705e+06 -1.974e+06   1.02e+06
  8.874e+05  1.327e+06  1.193e+06  1.305e+06  1.663e+06  4.627e+05 -2.435e+06   -2.7e+05 -6.933e+05 -1.723e+05  1.162e+06 -3.549e+06 -4.772e+05  7.591e+05  8.989e+05 -2.891e+06 -6.563e+05 -2.378e+07 -6.142e+07  1.807e+06 -3.815e+06 -2.823e+06 -6.303e+05  1.884e+04 -4.017e+06 -2.694e+06 -1.975e+06 -1.712e+05 -1.319e+06  2.294e+06  1.654e+06 -3.232e+06 -7.965e+05 -2.545e+06 -6.008e+05  3.957e+05  -5.46e+06 -4.065e+05 -4.909e+06 -1.746e+05 -4.892e+06 -1.485e+06 -3.328e+06   5.65e+04 -2.616e+06  1.115e+06 -3.504e+05  1.852e+06  2.143e+06 -2.539e+06 -9.391e+06 -7.633e+05 -6.899e+06 -2.847e+06 -7.218e+04 -5.604e+05 -3.436e+06 -6.476e+05 -7.401e+06 -2.262e+06 -9.684e+05  5.201e+05  1.279e+06 -2.022e+06 -2.209e+05  2.285e+06  2.496e+06 -5.913e+05 -4.082e+05  1.654e+05 -4.073e+06 -5.821e+05 -2.672e+06  -1.01e+05 -1.916e+06 -1.029e+05 -9.949e+05 -2.421e+05 -2.186e+05  5.287e+05  9.697e+05 -2.657e+06 -2.967e+05 -1.612e+04 -1.015e+06 -1.448e+06  1.233e+05 -1.021e+06 -3.718e+05  1.154e+05 -3.514e+05  1.023e+06  4.316e+05 -1.839e+06 -1.868e+06  1.467e+05  -7.63e+05  -4.63e+05   9.09e+05 -3.429e+06  -4.39e+05 -2.158e+06 -1.046e+06 -5.033e+05  1.817e+06  2.572e+05  -6.54e+05  6.704e+05  1.525e+06 -8.409e+05  2.087e+05 -1.194e+06  1.195e+06  2.578e+05 -6.116e+04  2.395e+06  1.669e+06  3.153e+06  1.773e+06  1.209e+06  2.773e+06  2.825e+06  3.161e+06  1.974e+06  5.881e+05  1.294e+06  1.241e+06  3.131e+06  3.451e+06   4.94e+05  1.637e+06  1.423e+05  1.841e+06  6.382e+05  2.126e+06  4.696e+05  1.983e+06  1.423e+06  2.898e+06  1.341e+06  8.581e+05
  8.195e+05   1.56e+06  1.487e+06  1.149e+06   1.96e+06  4.328e+05 -2.661e+06 -8.432e+04 -8.928e+05 -1.454e+05  1.384e+06 -4.288e+06 -3.724e+05  6.998e+05  9.364e+05 -3.997e+06 -1.206e+06 -3.413e+07  1.807e+06 -7.356e+07 -6.274e+06 -2.867e+06 -6.731e+05      -3975 -6.267e+06 -3.921e+06  -2.33e+06  4.502e+05 -1.172e+06  2.926e+06  1.769e+06 -3.242e+06 -1.171e+06 -1.932e+06 -5.443e+05  1.758e+05 -6.357e+06 -4.906e+05 -4.614e+06  -2.25e+05 -4.732e+06 -1.192e+06 -3.174e+06 -5.552e+05 -2.272e+06  1.123e+06  -5.71e+05  2.637e+06  2.099e+06 -3.703e+06 -7.103e+06 -5.938e+05 -6.583e+06 -2.604e+06  4.358e+05 -3.625e+05 -4.013e+06 -1.484e+06 -6.399e+06  -2.56e+06 -1.218e+06  3.798e+05  5.233e+05 -1.012e+06  5.575e+04  1.708e+06  2.754e+06 -5.042e+05 -1.733e+05  1.845e+05 -4.701e+06 -4.038e+05 -3.642e+06 -7.874e+04 -2.729e+06 -3.546e+04 -1.741e+06 -7.754e+05 -1.119e+06  6.254e+05  8.355e+05 -2.328e+06  1.343e+04 -1.525e+05 -1.099e+06 -1.069e+06  5.599e+05 -7.769e+04 -5.622e+05  -1.54e+05  5.229e+05  7.529e+05  1.049e+06 -3.814e+06 -2.683e+06  3.207e+05 -1.312e+06 -3.771e+05  7.031e+05 -4.863e+06 -7.087e+05 -2.888e+06 -1.182e+06 -7.034e+05  1.459e+06   1.53e+05  5.338e+05  7.546e+05   1.46e+06 -2.092e+06 -1.234e+06 -1.003e+06  1.168e+06  8.106e+05  1.549e+06  2.778e+06  1.721e+06  3.505e+06  3.045e+06  1.371e+06  2.618e+06  6.589e+05  3.304e+06  2.309e+06 -1.111e+05  1.545e+06  8.703e+05  2.623e+06  3.708e+06 -4.474e+05  1.547e+06 -1.668e+06  1.443e+06  1.415e+05  1.371e+06  3.457e+05  1.441e+06  1.829e+06  3.067e+06 -2.352e+05  1.002e+06
 -2.477e+06  9.453e+05 -1.377e+06  4.912e+05  1.444e+06 -3.573e+06 -2.693e+07 -1.339e+06 -2.698e+07  -5.17e+06 -5.613e+06 -3.395e+07 -2.184e+07 -3.831e+06 -8.005e+06 -3.674e+07 -5.663e+08 -2.141e+07 -3.815e+06 -6.274e+06 -3.519e+09 -3.389e+07 -9.447e+06 -5.447e+06 -5.463e+08 -5.708e+07 -3.186e+07 -1.511e+07  -2.11e+07  2.922e+06 -1.256e+07 -3.866e+07 -1.917e+07 -3.125e+07 -1.826e+07 -1.101e+07 -1.501e+08 -2.259e+07 -6.188e+07 -6.064e+06 -7.087e+07 -1.535e+07 -3.901e+07 -1.364e+07 -2.567e+07 -1.132e+07 -1.193e+07 -2.701e+06 -3.076e+06 -1.062e+08  -8.49e+07  -6.98e+06 -6.924e+07 -1.451e+07 -7.327e+06 -5.191e+06 -4.607e+07 -1.599e+07 -5.256e+07 -2.185e+07 -8.722e+06 -1.115e+06 -4.202e+06 -1.533e+07  -5.11e+06  9.794e+05   2.31e+06 -9.162e+06 -4.718e+06  -5.83e+06 -2.968e+07 -7.729e+06 -2.112e+07 -4.644e+06 -1.175e+07 -5.599e+06 -1.034e+07 -7.315e+06 -6.499e+06 -1.649e+06  -1.05e+06 -2.944e+07 -3.968e+06 -7.645e+06 -8.085e+06 -7.507e+06 -1.643e+06 -2.126e+06 -2.358e+06 -3.666e+05  4.024e+06 -2.354e+07 -5.545e+06 -6.654e+07 -4.047e+07 -1.229e+07 -2.894e+07 -8.751e+06 -8.597e+06 -6.963e+07 -1.125e+07 -3.048e+07 -1.695e+07 -9.661e+06 -6.247e+06 -1.125e+07 -3.546e+06 -4.899e+06 -4.177e+06 -1.768e+07 -7.123e+06 -1.541e+07 -2.034e+07 -7.236e+06 -1.734e+07       4411 -6.168e+06 -1.266e+07  5.969e+06 -2.536e+07 -4.568e+06 -1.822e+07  2.814e+06 -4.914e+07 -1.491e+07 -1.057e+06 -1.322e+06  1.022e+06  5.218e+06 -1.809e+07 -6.824e+06 -2.022e+07 -9.844e+06 -1.081e+07 -3.542e+06 -6.222e+05 -2.784e+07 -2.549e+06 -4.654e+05 -3.607e+05  1.461e+06
  3.941e+05  2.533e+06  1.724e+06  1.302e+06  2.902e+06 -4.333e+05 -1.566e+07 -1.571e+06 -1.001e+07 -4.437e+06 -7.988e+05 -1.993e+07 -8.265e+06 -1.534e+06 -2.569e+06 -1.895e+07   -1.6e+07 -9.063e+06 -2.823e+06 -2.867e+06 -3.389e+07 -7.175e+08 -7.002e+07 -2.476e+07 -9.174e+07 -2.207e+07 -1.493e+07 -5.639e+06 -6.114e+06  3.807e+06 -1.129e+07 -1.881e+07 -6.971e+06 -1.695e+07 -8.061e+06 -5.694e+06 -3.898e+07 -9.248e+06 -3.408e+07 -3.972e+06  -2.84e+07 -9.466e+06 -2.262e+07 -7.397e+06  -1.09e+07 -2.787e+06  -6.45e+06   1.38e+06 -4.679e+06  -1.95e+07 -3.964e+07 -5.363e+06 -3.286e+07 -1.089e+07 -2.599e+06 -2.088e+06 -2.184e+07 -8.295e+06 -4.415e+07 -1.014e+07 -5.594e+06 -1.802e+06 -5.734e+05 -6.867e+06 -1.796e+06  2.201e+06  4.979e+06 -6.927e+06 -2.741e+06 -3.379e+06 -2.087e+07 -3.773e+06 -1.492e+07 -2.323e+06 -1.012e+07 -1.643e+06 -4.643e+06  -1.41e+06 -2.654e+06 -9.924e+04  1.016e+06 -1.109e+07 -2.009e+06 -2.018e+06 -6.337e+06 -5.341e+06 -1.278e+06 -6.149e+06  1.126e+06 -5.042e+05 -1.535e+06  2.206e+06  -7.34e+05  -2.27e+07  -1.75e+07 -4.667e+06 -1.587e+07 -9.311e+06 -3.846e+06 -2.471e+07 -4.722e+06 -1.467e+07 -9.246e+06 -2.521e+07 -2.342e+06 -4.054e+06 -7.318e+06 -3.653e+06  2.679e+05 -7.986e+06 -6.798e+06 -8.414e+06 -5.216e+06  1.095e+06  9.623e+05 -2.734e+06 -1.538e+07  2.562e+06  6.492e+05  8.225e+05   2.23e+06  4.348e+06 -3.004e+06 -5.121e+05 -3.639e+06   -1.2e+06 -3.239e+06  1.355e+06  3.535e+05 -4.042e+06 -1.779e+06 -2.345e+07 -4.902e+06 -3.895e+06 -3.555e+05 -3.503e+06 -2.504e+06   1.71e+06   1.99e+06 -2.773e+06  1.347e+06
