
 72

((monodelphis_domestica: 0.040245, (notamacropus_eugenii: 0.034927, sarcophilus_harrisii: 0.040024): 0.008869): 0.073070, (((choloepus_hoffmanni: 0.036260, dasypus_novemcinctus: 0.047379): 0.017442, (echinops_telfairi: 0.077403, (procavia_capensis: 0.048325, loxodonta_africana: 0.028673): 0.009178): 0.015450): 0.001761, (((sorex_araneus: 0.086534, erinaceus_europaeus: 0.075993): 0.014167, ((sus_scrofa: 0.033387, (vicugna_pacos: 0.034777, (tursiops_truncatus: 0.025385, (bos_taurus: 0.008871, (ovis_aries: 0.005286, capra_hircus: 0.003167): 0.006399): 0.026787): 0.005125): 0.000597): 0.013100, ((pteropus_vampyrus: 0.037458, myotis_lucifugus: 0.050298): 0.009825, (equus_caballus: 0.033531, ((felis_catus: 0.002611, (panthera_tigris_altaica: 0.001998, panthera_pardus: 0.001112): 0.001867): 0.020375, (canis_familiaris: 0.024112, (mustela_putorius_furo: 0.023725, ailuropoda_melanoleuca: 0.017457): 0.004465): 0.005143): 0.014318): 0.000873): 0.000652): 0.002118): 0.006334, (((oryctolagus_cuniculus: 0.034141, ochotona_princeps: 0.056961): 0.028418, (((fukomys_damarensis: 0.025472, heterocephalus_glaber_female: 0.021293): 0.010274, ((cavia_porcellus: 0.001557, cavia_aperea: 0.004733): 0.033577, (chinchilla_lanigera: 0.020929, octodon_degus: 0.033151): 0.004297): 0.007439): 0.032969, (ictidomys_tridecemlineatus: 0.041975, (dipodomys_ordii: 0.066328, (jaculus_jaculus: 0.056574, (nannospalax_galili: 0.038857, (((mesocricetus_auratus: 0.017698, cricetulus_griseus_chok1gshd: 0.013376): 0.008872, (peromyscus_maniculatus_bairdii: 0.021047, microtus_ochrogaster: 0.026232): 0.001533): 0.006647, ((mus_pahari: 0.009318, (mus_caroli: 0.004730, (mus_musculus: 0.002167, mus_spretus: 0.002348): 0.002537): 0.004553): 0.009826, rattus_norvegicus: 0.020901): 0.016393): 0.022805): 0.010962): 0.011331): 0.005893): 0.001128): 0.007675): 0.004119, (tupaia_belangeri: 0.054909, ((otolemur_garnettii: 0.038080, (propithecus_coquereli: 0.012431, microcebus_murinus: 0.017173): 0.010897): 0.010389, (carlito_syrichta: 0.042861, (((aotus_nancymaae: 0.007903, callithrix_jacchus: 0.009702): 0.000373, (saimiri_boliviensis_boliviensis: 0.008379, cebus_capucinus: 0.007258): 0.001139): 0.011749, (((chlorocebus_sabaeus: 0.003372, ((papio_anubis: 0.001970, (cercocebus_atys: 0.002086, mandrillus_leucophaeus: 0.001760): 0.000363): 0.000390, (macaca_nemestrina: 0.001185, (macaca_mulatta: 0.000963, macaca_fascicularis: 0.000535): 0.000276): 0.001127): 0.000882): 0.001482, (colobus_angolensis_palliatus: 0.003847, (rhinopithecus_roxellana: 0.000696, rhinopithecus_bieti: 0.001188): 0.002833): 0.001755): 0.005685, (nomascus_leucogenys: 0.007296, (pongo_abelii: 0.006035, (gorilla_gorilla: 0.002901, ((pan_troglodytes: 0.000746, pan_paniscus: 0.000951): 0.001372, homo_sapiens: 0.002301): 0.000593): 0.002510): 0.000810): 0.002860): 0.005536): 0.017307): 0.003151): 0.004568): 0.001017): 0.006311): 0.006198): 0.090403, ornithorhynchus_anatinus: 0.203909);

  0.073070  0.040245  0.008869  0.034927  0.040024  0.090403  0.001761  0.017442  0.036260  0.047379  0.015450  0.077403  0.009178  0.048325  0.028673  0.006198  0.006334  0.014167  0.086534  0.075993  0.002118  0.013100  0.033387  0.000597  0.034777  0.005125  0.025385  0.026787  0.008871  0.006399  0.005286  0.003167  0.000652  0.009825  0.037458  0.050298  0.000873  0.033531  0.014318  0.020375  0.002611  0.001867  0.001998  0.001112  0.005143  0.024112  0.004465  0.023725  0.017457  0.006311  0.004119  0.028418  0.034141  0.056961  0.007675  0.032969  0.010274  0.025472  0.021293  0.007439  0.033577  0.001557  0.004733  0.004297  0.020929  0.033151  0.001128  0.041975  0.005893  0.066328  0.011331  0.056574  0.010962  0.038857  0.022805  0.006647  0.008872  0.017698  0.013376  0.001533  0.021047  0.026232  0.016393  0.009826  0.009318  0.004553  0.004730  0.002537  0.002167  0.002348  0.020901  0.001017  0.054909  0.004568  0.010389  0.038080  0.010897  0.012431  0.017173  0.003151  0.042861  0.017307  0.011749  0.000373  0.007903  0.009702  0.001139  0.008379  0.007258  0.005536  0.005685  0.001482  0.003372  0.000882  0.000390  0.001970  0.000363  0.002086  0.001760  0.001127  0.001185  0.000276  0.000963  0.000535  0.001755  0.003847  0.002833  0.000696  0.001188  0.002860  0.007296  0.000810  0.006035  0.002510  0.002901  0.000593  0.001372  0.000746  0.000951  0.002301  0.203909

 -5.155353  5.855205  2.418614  4.697435 -5.211703  4.082640 -13.573403 -17.959302 -0.988607 -1.316006  3.962101  4.875296 -2.251760  4.015527  6.428075 18.937492 18.527732 -9.495359 -4.542895  8.170767  6.282435 11.251993  3.406662 -4.635217  1.404035 -0.759791  1.362399 -9.015843 23.299884 25.485541 48.526184 58.432388 13.886273 -31.504447  3.141939  3.954782 -21.643664 -2.144636 19.704066 56.607258 20.008455 -5.484563  1.245484 100.061826 69.454756  5.674624  2.225238 13.082053 41.318587 23.858930  9.237923 12.968014 11.059070  9.340001  4.676597 29.139638 -0.682170 24.866229 40.360929 21.798434 31.230992 16.905116 16.870219 18.806416 40.794959 18.407388 -0.948879 34.322121 -2.018389 30.830759 28.050241  4.389647 14.739591  5.235488 31.487085  7.031317  9.379028 28.002881 37.220708 -49.228744 30.957511 28.840888 35.021044 21.341102 21.536401 25.050291 18.965160 20.604460 70.831929 20.441109 35.249570 -24.785236 15.785292 19.431756 44.575664 18.337931 25.832792 21.562167 28.328640 -32.902381 10.770132 39.438792 32.567570 -15.007318 -1.607795 21.934049 26.326450 14.241666  1.128026  9.317520  0.926058 -7.402355 86.637484  8.002318 46.045279 75.214441 52.209623 79.982751 75.880988 -1.358201 75.626900 115.880404 70.600756 76.904734 -0.353283 79.508464  4.773476 16.882443 13.748611  9.342381 71.839651 75.655207  9.423989 70.250300 79.434865 75.504106 134.205693 15.653170 18.813460 20.739405 -2.769424


Hessian

 -1.729e+07 -1.053e+06 -3.369e+06 -8.858e+05 -7.138e+05 -8.919e+06  4.977e+05  7.233e+05  4.057e+05  8.153e+05  6.198e+05  5.314e+05  6.815e+05  6.358e+05  7.648e+05 -2.814e+05  1.011e+06  5.992e+05    3.8e+05  4.521e+05  1.035e+06   1.28e+06  1.095e+06  1.493e+06  6.041e+05   1.23e+06   1.06e+06  1.069e+06  9.818e+05  1.087e+06  1.229e+06  1.228e+06  8.566e+05  9.873e+05  9.415e+05  7.783e+05  8.132e+05  9.371e+05  9.735e+05  1.081e+06  1.187e+06  1.127e+06  1.139e+06  1.277e+06  1.022e+06  9.531e+05  1.037e+06  1.044e+06  1.056e+06  7.034e+05  1.005e+06  9.765e+05  9.079e+05  6.685e+05  1.028e+06  1.097e+06  1.164e+06  9.596e+05  1.034e+06  1.132e+06   9.95e+05   1.11e+06  1.003e+06  1.169e+06  1.043e+06   9.27e+05  9.431e+05  8.081e+05  9.239e+05  7.239e+05  8.901e+05  7.384e+05    9.1e+05  8.334e+05  9.081e+05  1.105e+06  1.028e+06  9.931e+05   9.24e+05  1.119e+06  9.746e+05  9.668e+05  9.048e+05  9.873e+05  1.052e+06  1.044e+06  1.065e+06  1.113e+06  1.282e+06   1.12e+06  9.939e+05  9.481e+05  5.907e+05  8.885e+05  1.002e+06  8.763e+05  1.079e+06  1.159e+06  1.024e+06  9.796e+05  8.019e+05  9.867e+05  1.007e+06  1.115e+06   1.13e+06  1.038e+06  9.168e+05  1.135e+06  1.007e+06   9.47e+05  1.105e+06  1.353e+06  1.183e+06  1.077e+06  1.089e+06  9.875e+05  1.748e+06  1.411e+06  1.194e+06  1.252e+06  1.366e+06  1.418e+06  1.229e+06  1.604e+06  1.352e+06  1.326e+06  1.169e+06  1.577e+06  1.579e+06  1.058e+06  1.231e+06  1.304e+06  1.157e+06  1.175e+06  1.429e+06  1.238e+06  1.362e+06  1.652e+06  1.502e+06  1.211e+06 -2.063e+05
 -1.053e+06 -5.318e+07 -1.974e+07 -3.494e+06 -4.517e+06 -3.619e+05  1.588e+06  1.176e+06  5.311e+05  1.073e+06   1.21e+06  6.908e+05  1.082e+06  8.098e+05  9.963e+05  1.524e+06  1.911e+06  9.868e+05  5.264e+05  6.653e+05  2.042e+06  1.918e+06  1.336e+06  1.985e+06  7.363e+05   1.59e+06  1.185e+06  1.365e+06  1.343e+06  1.159e+06  1.258e+06  1.164e+06  1.977e+06  1.466e+06  1.134e+06  1.022e+06  1.788e+06  1.255e+06  1.502e+06  1.407e+06  1.192e+06  1.014e+06  9.991e+05  1.204e+06  1.721e+06  1.115e+06  1.465e+06  1.218e+06  1.285e+06  1.845e+06  1.912e+06  1.401e+06  1.112e+06  8.727e+05  1.839e+06  1.564e+06  1.337e+06  1.118e+06  1.107e+06  1.528e+06  1.164e+06  9.319e+05   7.39e+05  1.494e+06  1.165e+06  1.008e+06  1.647e+06  1.139e+06  1.652e+06  9.672e+05  1.537e+06  1.017e+06  1.437e+06  9.948e+05  1.297e+06  1.152e+06  1.215e+06   1.01e+06  9.472e+05  1.175e+06  1.092e+06  1.011e+06  1.115e+06  1.182e+06  1.338e+06  1.274e+06  1.239e+06  1.073e+06  1.526e+06  9.129e+05  9.459e+05  2.085e+06   7.75e+05  1.934e+06   1.65e+06    1.1e+06  1.558e+06  1.446e+06  1.166e+06  1.908e+06  1.099e+06  1.649e+06  1.411e+06   1.57e+06  1.174e+06  1.165e+06  1.127e+06  1.125e+06  1.188e+06   1.56e+06  1.453e+06  1.606e+06  1.205e+06  1.415e+06  1.914e+06  1.213e+06  9.945e+05  1.446e+06  1.605e+06  1.534e+06  1.283e+06  1.623e+06  1.196e+06   1.46e+06   8.09e+05  1.254e+06  1.477e+06  1.284e+06  1.528e+06  1.219e+06  1.242e+06  1.453e+06  1.128e+06  1.675e+06  1.054e+06  1.165e+06  1.236e+06  1.242e+06  1.339e+06  1.636e+06  8.189e+04
 -3.369e+06 -1.974e+07 -1.107e+08 -9.461e+06 -1.369e+07 -1.921e+06  1.564e+06  1.267e+06  5.182e+05  1.193e+06  1.288e+06  8.016e+05  1.294e+06  9.645e+05  1.221e+06  1.471e+06  2.199e+06  1.207e+06  5.927e+05  7.919e+05  2.153e+06  2.074e+06  1.573e+06  2.245e+06  7.565e+05  2.023e+06  1.358e+06  1.685e+06  1.465e+06  1.142e+06  1.539e+06  1.639e+06  1.796e+06  1.782e+06  1.299e+06  1.232e+06  1.892e+06  1.481e+06  1.908e+06  1.621e+06  1.835e+06  1.832e+06  1.112e+06  1.178e+06  2.107e+06  1.445e+06  1.845e+06   1.46e+06  1.398e+06  2.097e+06  2.263e+06  1.522e+06  1.375e+06  9.975e+05  1.897e+06  1.769e+06  1.572e+06  1.372e+06  1.394e+06  1.629e+06  1.351e+06  1.279e+06  8.903e+05  1.387e+06  1.231e+06   1.15e+06  2.194e+06  1.248e+06  1.744e+06  1.105e+06  1.719e+06  1.115e+06   1.59e+06  1.131e+06  1.486e+06  1.522e+06  1.495e+06  1.139e+06  1.059e+06  1.509e+06  1.264e+06  1.119e+06  1.346e+06  1.255e+06  1.386e+06  1.478e+06  1.271e+06  1.037e+06  1.624e+06  1.148e+06  1.156e+06  2.153e+06  8.557e+05  1.781e+06  1.863e+06  1.387e+06   1.68e+06  1.544e+06  1.282e+06  1.913e+06  1.262e+06  1.727e+06  1.601e+06  1.774e+06  1.402e+06  1.446e+06  1.526e+06  1.488e+06  1.475e+06  1.553e+06  1.663e+06  1.819e+06  1.219e+06   1.77e+06  1.823e+06  1.549e+06  1.196e+06  1.579e+06  1.423e+06  1.385e+06  1.602e+06  2.234e+06   1.08e+06  1.383e+06  1.183e+06   1.83e+06  1.763e+06  1.653e+06  1.102e+06  1.398e+06  1.094e+06  1.069e+06  1.407e+06  1.705e+06  1.596e+06  1.168e+06  1.614e+06  1.668e+06  2.014e+06  1.295e+06   5.79e+04
 -8.858e+05 -3.494e+06 -9.461e+06 -5.245e+07 -4.452e+06 -5.043e+05  1.442e+06  9.698e+05  3.491e+05  8.843e+05  1.209e+06  6.632e+05  9.124e+05  6.315e+05  8.387e+05  9.384e+05  1.761e+06  9.355e+05  5.222e+05  6.355e+05  1.486e+06  1.474e+06  1.147e+06  1.529e+06  5.993e+05  1.374e+06  9.669e+05   1.22e+06  9.349e+05  1.047e+06  1.083e+06  1.194e+06  1.852e+06   1.37e+06  9.299e+05  9.539e+05  1.877e+06  1.016e+06   1.41e+06  1.235e+06   1.33e+06  1.091e+06  1.017e+06  1.295e+06  1.289e+06  8.748e+05  1.401e+06   1.09e+06  1.074e+06  1.359e+06  1.671e+06  1.164e+06  9.809e+05  7.876e+05   1.51e+06  1.344e+06  1.016e+06  9.689e+05  8.963e+05  1.275e+06  9.762e+05  6.948e+05  5.908e+05  1.151e+06      1e+06  7.874e+05  1.527e+06  9.648e+05  1.477e+06  8.348e+05  1.261e+06  8.323e+05   1.21e+06  8.464e+05  1.047e+06  1.163e+06   1.08e+06  8.945e+05  1.025e+06  1.015e+06  9.652e+05  8.292e+05  1.023e+06  1.019e+06  1.099e+06  1.037e+06  1.156e+06  1.091e+06  9.659e+05  8.409e+05  1.005e+06   1.49e+06  7.078e+05  1.277e+06  1.461e+06  9.743e+05   1.23e+06  8.893e+05  1.035e+06  1.387e+06  9.529e+05  1.192e+06  1.157e+06  7.168e+05  1.061e+06  1.046e+06  1.343e+06  1.026e+06  7.947e+05  9.618e+05  1.021e+06  1.055e+06  1.116e+06  1.218e+06  2.839e+04  8.291e+05  1.387e+06  1.083e+06  1.278e+06  1.097e+06  1.303e+06  1.008e+06  9.635e+05  1.187e+06  6.657e+05  1.296e+06  1.058e+06   8.68e+05   9.01e+05  7.967e+05  1.212e+06  4.375e+05  8.266e+05  7.974e+05  1.209e+06  1.114e+06  1.196e+06  5.926e+05  1.434e+06  8.766e+05  1.203e+05
 -7.138e+05 -4.517e+06 -1.369e+07 -4.452e+06 -5.183e+07 -1.539e+05  1.615e+06  1.188e+06  5.292e+05  1.027e+06  1.276e+06   7.12e+05  1.049e+06  8.644e+05  9.113e+05   1.65e+06  1.759e+06  9.867e+05  5.319e+05  6.758e+05  2.153e+06  1.882e+06  1.403e+06  2.003e+06  6.807e+05  1.628e+06  1.144e+06  1.398e+06  1.053e+06  1.363e+06  1.013e+06  9.278e+05  2.212e+06  1.635e+06  1.171e+06  1.028e+06  2.324e+06  1.261e+06  1.704e+06  1.412e+06  9.295e+05  1.428e+06  7.274e+05  1.024e+06  1.489e+06   1.14e+06  1.719e+06  1.319e+06  1.167e+06  1.757e+06  1.964e+06  1.369e+06  1.054e+06  8.774e+05  1.662e+06  1.596e+06  1.352e+06  1.029e+06  1.263e+06  1.416e+06  1.163e+06  1.049e+06  3.744e+05  1.537e+06  1.216e+06  1.009e+06  1.927e+06  1.065e+06  1.771e+06  9.341e+05  1.531e+06   9.52e+05  1.324e+06  9.415e+05  1.345e+06  1.285e+06  1.243e+06  8.961e+05  9.967e+05   1.08e+06  1.052e+06  9.779e+05  1.197e+06  1.205e+06  1.095e+06  1.146e+06  1.242e+06  1.213e+06  1.245e+06  7.447e+05  1.091e+06  1.901e+06  8.242e+05  1.668e+06  1.835e+06  1.133e+06  1.541e+06  1.256e+06  1.183e+06  1.845e+06   1.13e+06  1.592e+06  1.327e+06  1.319e+06  1.203e+06  1.184e+06  1.146e+06  1.393e+06  1.168e+06  1.527e+06  1.233e+06  1.787e+06  1.033e+06  1.259e+06  2.179e+06  1.259e+06  1.164e+06  1.524e+06  1.158e+06  1.428e+06  1.435e+06  1.847e+06   1.03e+06  9.262e+05  1.124e+06  1.167e+06  1.287e+06  1.005e+06  6.372e+05  1.419e+06  1.224e+06  1.774e+06  1.076e+06  1.576e+06   1.28e+06  1.518e+06  1.255e+06  1.131e+06  1.428e+06  1.486e+06  9.484e+04
 -8.919e+06 -3.619e+05 -1.921e+06 -5.043e+05 -1.539e+05 -1.611e+07  1.273e+05  5.432e+05  3.785e+05  7.124e+05  3.897e+05  4.703e+05  5.559e+05  5.994e+05  6.896e+05 -9.682e+05  7.125e+05  4.571e+05  2.952e+05  4.026e+05  7.447e+05  1.037e+06  9.587e+05  1.254e+06  5.499e+05  1.028e+06  1.046e+06   9.03e+05  1.041e+06  1.067e+06  1.277e+06  1.238e+06  4.641e+05  8.016e+05  8.933e+05  6.557e+05   4.87e+05  7.947e+05  8.492e+05  9.714e+05  1.089e+06  1.115e+06  1.217e+06  1.091e+06  7.681e+05  8.558e+05  8.661e+05  9.582e+05  1.042e+06  3.757e+05  6.475e+05  8.045e+05  8.205e+05  5.893e+05  7.279e+05   9.27e+05  1.157e+06  9.557e+05  1.037e+06  1.053e+06  9.584e+05  1.339e+06  1.082e+06  1.087e+06  9.841e+05  9.092e+05  6.769e+05  7.551e+05  6.808e+05  6.574e+05  7.189e+05  7.091e+05  7.669e+05  8.589e+05  8.566e+05  1.088e+06  1.033e+06  1.011e+06  9.678e+05  1.098e+06  9.429e+05  9.121e+05  9.276e+05  1.003e+06  1.033e+06  1.148e+06  1.171e+06   1.16e+06  1.406e+06  1.167e+06  9.499e+05  5.334e+05  4.978e+05  5.975e+05  8.463e+05  7.732e+05  9.433e+05   1.09e+06  9.748e+05   8.05e+05  7.338e+05  7.716e+05  9.475e+05  1.133e+06  1.183e+06  1.066e+06  9.615e+05  1.041e+06  1.039e+06  9.016e+05  1.115e+06  1.286e+06  1.278e+06  1.045e+06  1.142e+06  1.157e+06  1.883e+06  1.507e+06  1.224e+06  1.174e+06  1.439e+06  1.622e+06  1.276e+06  1.624e+06  1.421e+06  1.315e+06  1.177e+06   1.41e+06  1.632e+06  1.044e+06  1.171e+06  1.144e+06  1.254e+06  1.211e+06  1.453e+06  1.241e+06   1.57e+06   1.72e+06  1.667e+06  1.232e+06 -2.056e+05
  4.977e+05  1.588e+06  1.564e+06  1.442e+06  1.615e+06  1.273e+05 -5.413e+08 -2.059e+07 -2.894e+06 -8.653e+06 -4.173e+07 -5.925e+05 -2.081e+07 -1.299e+06 -5.272e+06 -1.651e+08 -7.318e+06  -1.22e+06 -9.775e+04 -1.855e+05 -7.269e+06 -4.505e+06 -8.957e+05 -3.601e+06 -1.216e+05 -2.908e+06  1.249e+05 -5.931e+05   8.67e+05  1.126e+06  1.903e+06  1.783e+06 -1.278e+07 -3.519e+06 -8.337e+05 -1.371e+05 -8.597e+06 -1.349e+06 -3.414e+06 -1.578e+06  4.092e+05  2.669e+05  1.129e+06  1.996e+06 -2.489e+06 -1.242e+05 -2.638e+06 -4.939e+05  3.566e+05 -9.316e+06 -5.915e+06 -1.416e+06 -1.292e+05  2.623e+05 -4.484e+06 -1.182e+06  1.309e+06  1.725e+06  1.601e+06   8.69e+05  1.167e+06  3.066e+06  2.858e+06  1.295e+06  1.619e+06   1.46e+06 -3.637e+06 -6.748e+05 -2.324e+06  2.866e+05 -1.059e+06  1.185e+06  2.774e+05  1.365e+06   1.35e+06  1.848e+06  2.079e+06  1.777e+06  2.286e+06  2.397e+06  1.648e+06  1.856e+06  1.882e+06   2.11e+06  2.264e+06  1.806e+06  3.096e+06  2.606e+06  2.794e+06  2.887e+06  1.995e+06  -7.43e+06 -6.995e+05 -6.447e+06 -2.953e+06  -1.39e+05 -2.325e+06 -4.024e+05 -7.505e+05 -5.372e+06 -4.922e+05 -2.898e+06  3.738e+05  8.215e+05  1.171e+06  1.348e+06 -8.409e+04  6.683e+05  9.051e+05 -7.456e+05  1.197e+06 -1.055e+06  1.199e+06  2.776e+06 -1.338e+06  2.861e+06  1.055e+06  3.034e+06  1.587e+06  8.877e+05  8.713e+05  1.671e+06  1.436e+06  1.442e+06  3.799e+05  1.698e+06  2.392e+06  3.587e+06  1.515e+06 -1.301e+05  1.321e+06  1.823e+06  1.088e+06  9.824e+05  2.476e+06  1.507e+06   2.34e+06  2.174e+06  3.077e+06  2.088e+06  5.698e+05
  7.233e+05  1.176e+06  1.267e+06  9.698e+05  1.188e+06  5.432e+05 -2.059e+07 -8.433e+07 -8.308e+06 -2.519e+07  1.286e+05  3.604e+05  5.494e+05  4.798e+05   4.14e+05 -1.223e+07 -2.815e+06  7.506e+04  2.683e+05  2.658e+05 -3.091e+06   -1.7e+06  5.195e+04 -1.519e+06   2.35e+05 -8.078e+05  2.456e+05   6.75e+04  1.093e+06  7.525e+05  9.656e+05  1.684e+06 -4.413e+06   -6.3e+05  2.588e+05  2.459e+05 -2.841e+06 -1.554e+05  -1.01e+06  -1.13e+05  6.469e+05  3.422e+05  8.512e+05  5.491e+05 -5.582e+05   2.76e+05 -3.792e+05  1.867e+05  3.039e+05 -2.912e+06 -2.521e+06 -2.044e+05  4.497e+05  5.105e+05 -1.368e+06  1.436e+05  1.152e+06  1.122e+06  1.276e+06  1.011e+06  1.067e+06  1.787e+06   1.44e+06  1.216e+06  1.284e+06  1.188e+06 -6.227e+05  2.824e+05 -1.658e+05  6.669e+05  4.264e+05  1.014e+06  8.739e+05  1.189e+06  1.489e+06  2.008e+06  1.664e+06  1.463e+06  1.738e+06  2.112e+06  1.409e+06  1.436e+06  1.713e+06  1.725e+06  1.629e+06  1.625e+06  1.951e+06  2.389e+06  2.318e+06  1.822e+06  1.506e+06 -2.727e+06      -4409 -2.403e+06 -9.154e+05  6.448e+05 -7.533e+05  5.517e+05 -1.935e+04 -1.962e+06  2.643e+05 -8.199e+05  4.377e+05   5.97e+05  1.262e+06  1.053e+06  4.445e+05  7.488e+05  1.098e+06  2.302e+05   7.68e+05  3.065e+05  1.209e+06  1.503e+06  7.305e+05  1.171e+06  1.563e+06  1.623e+06  1.702e+06  9.818e+05  1.857e+06  1.054e+06  1.276e+06  1.441e+06  1.522e+06  8.807e+05  1.822e+06  1.651e+06  1.999e+06  5.965e+05  1.117e+06  5.057e+05  1.082e+06  1.166e+06  1.325e+06  1.925e+06  1.098e+06  8.515e+05  1.102e+06  1.747e+06  4.041e+05
  4.057e+05  5.311e+05  5.182e+05  3.491e+05  5.292e+05  3.785e+05 -2.894e+06 -8.308e+06 -3.912e+07 -3.454e+05  1.175e+05  2.721e+05  9.232e+04  1.728e+05   1.25e+05 -1.945e+06 -4.911e+05   3.62e+05  2.842e+05  3.188e+05 -7.851e+05  -2.05e+05  2.938e+05 -3.633e+05  1.091e+05       3317 -3.334e+04  2.967e+05  4.787e+05  5.731e+05  5.363e+05   6.22e+05 -6.941e+05      -5291  1.341e+05  3.797e+05 -6.602e+05  1.387e+05 -1.091e+05  3.284e+05  3.599e+05  2.337e+05  4.184e+05  5.608e+05  8.844e+04  3.437e+05  1.934e+05  4.109e+05  3.686e+05 -4.685e+05 -1.442e+05   3.19e+05  4.548e+05  3.162e+05  2.954e+05  5.012e+05  5.234e+05  4.591e+05  4.577e+05  6.271e+05  6.223e+05   6.79e+05  4.952e+05  7.182e+05  7.275e+05  6.765e+05  7.293e+04  3.316e+05  3.002e+05  4.616e+05  5.118e+05  6.023e+05  6.153e+05  5.484e+05  7.508e+05  8.722e+05  8.246e+05  7.267e+05  8.581e+05  8.624e+05  7.368e+05  7.283e+05  9.532e+05   9.75e+05  9.242e+05  1.076e+06  1.093e+06  1.212e+06  1.371e+06  5.805e+05  8.022e+05 -6.723e+05  1.914e+05 -6.058e+05       4597  3.742e+05   3.06e+04  4.042e+05  3.637e+05 -3.829e+05  3.395e+05  2.247e+05  3.799e+05  1.274e+05  4.926e+05  4.525e+05  1.528e+05  2.917e+05  4.837e+05  1.321e+05  3.824e+05  1.561e+05  4.466e+05  2.453e+05   6.04e+05   2.68e+05  3.912e+05  7.718e+05  2.882e+05  4.832e+05  6.209e+05  1.358e+06  4.354e+05  9.013e+05  4.603e+05  3.608e+05    6.2e+05   8.07e+05   8.67e+05 -6.017e+04   4.73e+05  1.676e+05  2.702e+05  2.225e+05  4.596e+05  2.432e+05  6.347e+05   6.77e+05  4.515e+05  6.369e+05  2.401e+05
  8.153e+05  1.073e+06  1.193e+06  8.843e+05  1.027e+06  7.124e+05 -8.653e+06 -2.519e+07 -3.454e+05 -4.782e+07  4.948e+05  3.594e+05  6.136e+05  5.927e+05  5.794e+05 -4.966e+06 -1.117e+06  3.031e+05   3.01e+05  3.528e+05  -1.19e+06 -5.722e+05  2.797e+05 -3.944e+05  3.394e+05 -1.537e+05  5.002e+05  3.219e+05  9.984e+05   7.44e+05  6.176e+05  8.655e+05 -1.801e+06     -468.8   4.44e+05  2.961e+05 -1.324e+06  3.017e+05 -1.907e+05  2.657e+05  7.612e+05  6.188e+05  6.834e+05  5.098e+05  1.106e+05  4.717e+05 -1.606e+05  3.129e+05  3.976e+05 -1.151e+06 -1.304e+06  3.204e+04  3.137e+05  5.511e+05 -4.636e+05   4.32e+05  9.942e+05   9.37e+05  1.179e+06   9.91e+05  1.015e+06  1.651e+06  1.219e+06  9.125e+05  1.032e+06  1.034e+06  3.948e+05   6.28e+05   4.36e+05   6.71e+05  7.331e+05  9.542e+05  1.137e+06  1.173e+06  1.409e+06  1.675e+06  1.646e+06  1.228e+06  1.557e+06  1.635e+06  1.372e+06  1.395e+06  1.676e+06  1.617e+06  1.439e+06  1.752e+06  1.026e+06  2.037e+06  1.985e+06  1.531e+06  1.313e+06  -9.63e+05  1.988e+05 -8.052e+05 -2.273e+05  7.416e+05 -1.846e+05  6.325e+05   1.79e+05 -6.498e+05  3.659e+05 -4.752e+04  8.741e+05  1.201e+06  1.041e+06  1.037e+06  8.092e+05  8.022e+05  8.892e+05  7.926e+05  9.488e+05  6.836e+05  1.081e+06  8.501e+05   1.26e+06  1.042e+06  1.726e+06  1.483e+06  1.458e+06  8.675e+05  1.468e+06  1.202e+06  9.545e+05  1.108e+06  1.407e+06  1.146e+06  1.163e+06  1.228e+06  1.726e+06  9.744e+05  1.206e+06  1.089e+06  1.234e+06  9.018e+05  1.314e+06  1.994e+06  7.855e+05  1.148e+06  5.752e+05  1.126e+06  3.453e+05
  6.198e+05   1.21e+06  1.288e+06  1.209e+06  1.276e+06  3.897e+05 -4.173e+07  1.286e+05  1.175e+05  4.948e+05 -1.312e+08 -2.029e+06 -4.736e+07 -2.971e+06 -1.119e+07 -2.493e+07 -3.852e+06 -7.201e+05    7.3e+04 -1.142e+05 -4.217e+06 -2.539e+06 -2.906e+05 -1.856e+06 -1.408e+04 -1.506e+06  4.235e+05 -3.076e+05  8.934e+05  6.252e+05  1.853e+06  1.232e+06 -6.067e+06 -1.899e+06 -2.309e+05 -2.689e+04 -4.511e+06 -7.616e+05 -1.925e+06 -5.919e+05  7.402e+05  3.957e+05   1.46e+06  1.377e+06 -1.172e+06  2.309e+05 -1.054e+06 -1.439e+05  3.924e+05 -4.194e+06 -4.769e+06 -9.209e+05  1.916e+05  3.437e+05 -3.088e+06 -5.536e+05   1.18e+06  1.082e+06  1.467e+06  7.577e+05  9.758e+05  2.095e+06  2.256e+06  1.001e+06  1.147e+06  1.193e+06 -2.688e+06  -2.21e+05  -1.58e+06  3.229e+05 -9.292e+05  9.014e+05      -7830   9.88e+05  6.837e+05  1.484e+06  1.469e+06  1.434e+06  1.725e+06  1.084e+06  1.399e+06   1.37e+06   1.37e+06  1.443e+06  1.882e+06  1.631e+06  1.871e+06  1.387e+06  1.923e+06   2.12e+06  1.434e+06 -3.458e+06 -3.303e+05 -3.349e+06  -1.72e+06  1.334e+05 -6.937e+05   3.92e+05  -1.12e+05  -3.61e+06 -1.679e+05 -1.522e+06  5.367e+04  7.187e+05  1.373e+06  1.151e+06  5.355e+05  9.113e+05  1.096e+06 -1.265e+04  7.368e+05 -1.648e+05  1.128e+06  1.216e+06  -5.67e+05  2.243e+06  1.477e+06  2.283e+06  1.929e+06  1.663e+06  2.062e+06  2.331e+06  1.639e+06  1.253e+06  1.515e+06  1.423e+06  1.703e+06    1.7e+06  2.378e+06  5.315e+05  1.415e+06  6.181e+05  1.483e+06  1.025e+06   1.93e+06  1.391e+06  2.099e+06  1.667e+06  1.907e+06  2.321e+06  4.909e+05
  5.314e+05  6.908e+05  8.016e+05  6.632e+05   7.12e+05  4.703e+05 -5.925e+05  3.604e+05  2.721e+05  3.594e+05 -2.029e+06  -2.53e+07 -8.701e+05 -1.452e+04  1.519e+05 -4.135e+05 -2.809e+04  6.495e+04  1.517e+05   1.98e+05  3.294e+05  3.758e+04   4.57e+05  2.943e+05    2.7e+05  2.523e+05  6.933e+05  3.265e+05  8.276e+05  6.022e+05  9.029e+05  6.955e+05  4.335e+04   2.91e+05  5.213e+05   3.25e+05  3.776e+04  4.507e+05   3.22e+05  3.995e+05  4.871e+05  4.572e+05  9.844e+05  2.446e+05 -1.582e+04   3.72e+05  1.795e+05  4.285e+05  6.472e+05  -7.04e+04 -4.342e+05  1.492e+05  4.252e+05  3.725e+05       5146   4.08e+05  6.846e+05   7.57e+05  9.727e+05  6.176e+05  7.608e+05  1.105e+06  8.354e+05  7.181e+05  6.724e+05  6.805e+05  1.829e+05  5.649e+05  2.825e+05  4.694e+05  4.643e+05  4.968e+05  5.374e+05  7.358e+05  6.643e+05  9.743e+05  9.579e+05   7.44e+05  9.406e+05  1.053e+06  5.792e+05  7.575e+05  8.166e+05  9.119e+05  9.254e+05  9.637e+05  1.031e+06  9.327e+05  9.211e+05  1.216e+06  8.113e+05  6.738e+04  1.915e+05  1.715e+05  5.152e+05  6.356e+05   4.05e+05  7.239e+05  4.613e+05 -1.968e+04  3.448e+05   3.45e+05  7.436e+05  1.429e+06  1.133e+06  1.044e+06  9.059e+05   8.74e+05  9.693e+05  7.983e+05  1.061e+06  9.956e+05  1.104e+06  8.592e+05  1.125e+06  9.687e+05  1.114e+06  1.326e+06  1.231e+06   1.02e+06  1.147e+06  1.041e+06  1.273e+06  9.268e+05   1.01e+06  1.127e+06    1.2e+06  1.202e+06  1.365e+06  8.297e+05  1.109e+06  7.999e+05  1.031e+06   9.09e+05  1.209e+06  1.222e+06  1.503e+06  1.291e+06   1.63e+06   1.18e+06  2.509e+05
  6.815e+05  1.082e+06  1.294e+06  9.124e+05  1.049e+06  5.559e+05 -2.081e+07  5.494e+05  9.232e+04  6.136e+05 -4.736e+07 -8.701e+05 -1.487e+08 -7.428e+06 -2.459e+07 -1.284e+07 -2.081e+06   1.57e+05  3.547e+05  3.388e+05 -2.673e+06 -1.494e+06  2.063e+05 -1.196e+06  3.724e+04  -7.36e+05  4.705e+05  7.259e+04  4.836e+05   3.43e+05  1.413e+06  1.339e+06 -4.693e+06 -8.279e+05  1.132e+04   4.15e+05 -4.106e+06 -5.288e+05 -1.115e+06 -1.254e+05  7.563e+05  2.628e+05  1.389e+06  1.153e+06 -7.563e+05  5.632e+05 -5.154e+05  4.291e+05  4.051e+05 -2.653e+06 -2.496e+06  2.677e+04  5.874e+05  6.415e+05 -1.535e+06   2.72e+05  1.139e+06  1.128e+06  1.256e+06  8.985e+05   8.83e+05  1.529e+06  1.877e+06  1.002e+06   9.58e+05  1.033e+06 -1.498e+06   2.11e+05 -5.444e+05  6.697e+05 -1.286e+04  8.974e+05  4.773e+05   8.64e+05  9.493e+05  1.522e+06  1.389e+06   1.37e+06  1.561e+06  1.055e+06  1.637e+06  1.222e+06  1.509e+06  1.748e+06  1.728e+06  1.552e+06  1.861e+06    1.7e+06  1.717e+06  2.116e+06  1.434e+06 -2.385e+06  1.536e+05  -1.95e+06 -8.482e+05  3.261e+05 -2.357e+05  5.438e+05  5.817e+05 -2.133e+06  2.996e+05 -7.724e+05  4.223e+05 -6.169e+04  9.202e+05  8.887e+05  2.957e+05  8.827e+05  7.594e+05 -2.024e+05  5.252e+05 -1.573e+05  9.918e+05 -1.193e+06   2.66e+05  1.819e+06  6.678e+05  2.104e+06  1.348e+06  8.526e+05  1.672e+06  1.053e+06  7.686e+05  1.574e+06  1.042e+06  1.083e+06   1.71e+06  1.888e+06  1.327e+06  -4.17e+04  1.129e+06   3.99e+05  1.149e+06  1.137e+06  2.001e+06  1.674e+06  8.288e+05  3.975e+05  2.105e+06  1.257e+06  4.808e+05
  6.358e+05  8.098e+05  9.645e+05  6.315e+05  8.644e+05  5.994e+05 -1.299e+06  4.798e+05  1.728e+05  5.927e+05 -2.971e+06 -1.452e+04 -7.428e+06 -4.735e+07 -1.527e+06  -8.14e+05  2.362e+05  3.754e+05  3.378e+05  3.888e+05 -5.798e+04  8.616e+04  4.166e+05  3.026e+05  1.555e+05  4.595e+05  4.778e+05   4.28e+05  6.302e+05  4.532e+05  1.264e+06  8.187e+05  1.199e+05  2.364e+05  3.524e+05  5.218e+05  2.184e+05   3.11e+05  3.467e+05  4.108e+05  4.915e+05  2.531e+05  9.997e+05  1.271e+06  2.245e+05  5.707e+05  4.096e+05  5.849e+05  6.706e+05  4.265e+04 -3.273e+05  3.764e+05  6.133e+05  4.586e+05  4.248e+05  5.825e+05  8.411e+05  8.836e+05  8.556e+05  7.372e+05  6.627e+05  1.018e+06  9.036e+05  9.688e+05  7.179e+05  7.039e+05  4.229e+05  5.647e+05  4.837e+05  6.472e+05   7.39e+05  6.993e+05  7.398e+05  7.304e+05   8.69e+05  1.105e+06  8.841e+05  9.918e+05  1.088e+06  9.417e+05  9.215e+05  8.904e+05      1e+06  1.106e+06  1.195e+06  1.188e+06  1.208e+06  1.367e+06  1.329e+06  1.153e+06   1.07e+06 -1.919e+05  3.147e+05      -2622   1.42e+05  5.334e+05  4.368e+05  5.637e+05  7.981e+05  1.634e+05  5.902e+05  2.851e+05  5.662e+05  2.997e+05  7.441e+05  6.796e+05  9.533e+05  6.547e+05  6.511e+05   6.08e+05  4.454e+05  3.438e+05  9.978e+05  8.902e+05  1.107e+06  1.005e+06 -1.647e+05  1.195e+06  9.238e+05  1.299e+06  1.247e+06  3.146e+05  1.358e+06   1.02e+06  5.301e+05  9.928e+05  7.815e+05  6.875e+05   1.02e+06  4.827e+05  6.625e+05  2.839e+05  6.551e+05  7.983e+05  8.311e+05  7.531e+05   8.65e+05  1.504e+06  9.136e+05  7.402e+05   3.53e+05
  7.648e+05  9.963e+05  1.221e+06  8.387e+05  9.113e+05  6.896e+05 -5.272e+06   4.14e+05   1.25e+05  5.794e+05 -1.119e+07  1.519e+05 -2.459e+07 -1.527e+06 -8.752e+07 -3.349e+06 -1.522e+05  7.905e+05  5.711e+05  5.992e+05 -6.051e+05  1.982e+05  6.405e+05   3.57e+05  2.849e+05  4.545e+05  5.577e+05  5.907e+05  3.951e+05   6.99e+05  2.027e+05  8.784e+05 -1.888e+06  3.025e+05   5.33e+05  5.973e+05 -1.321e+06 -6.378e+04  2.476e+05  5.808e+05  5.893e+05  8.461e+05  4.748e+05  1.044e+06 -4.227e+04  6.444e+05  4.945e+05  7.016e+05  3.344e+05 -2.066e+05  2.561e+05  9.716e+05  7.716e+05  8.575e+05  1.324e+04  1.013e+06  1.063e+06  1.013e+06  1.099e+06  1.017e+06   9.69e+05  4.203e+05  8.356e+05   1.27e+06  1.006e+06  1.018e+06  1.846e+05  7.591e+05  8.669e+05  1.015e+06  1.013e+06  9.331e+05  1.212e+06  1.026e+06  1.195e+06   1.66e+06   1.49e+06  1.047e+06  1.402e+06  1.238e+06  1.368e+06   1.32e+06  1.502e+06  1.797e+06  1.632e+06  1.955e+06  1.573e+06  1.342e+06  1.756e+06  1.902e+06  1.291e+06 -7.501e+05   5.18e+05  -1.66e+05  2.166e+05  5.471e+05  5.808e+05  5.883e+05  6.838e+05  3.199e+05  7.463e+05  7.332e+05  7.054e+05  3.995e+05  6.414e+05  8.089e+05  6.076e+05  6.762e+05  4.539e+05  5.144e+05  3.933e+05 -3.012e+05  2.433e+05 -2.006e+05  2.717e+05  8.278e+05  1.326e+06  1.496e+06  4.206e+05  1.081e+06 -1.441e+04  6.125e+05   7.25e+05   1.74e+05  9.091e+05  3.858e+05  9.528e+05  4.445e+05  1.666e+06  2.386e+05  7.146e+05  4.977e+05  3.629e+05  5.659e+05  1.087e+06  1.176e+06  6.709e+05  6.744e+05  1.148e+06   5.12e+05  4.152e+05
 -2.814e+05  1.524e+06  1.471e+06  9.384e+05   1.65e+06 -9.682e+05 -1.651e+08 -1.223e+07 -1.945e+06 -4.966e+06 -2.493e+07 -4.135e+05 -1.284e+07  -8.14e+05 -3.349e+06 -3.474e+08 -9.926e+06 -9.804e+05 -3.823e+04 -2.695e+05 -9.862e+06 -3.312e+06 -3.483e+05 -2.967e+06 -1.457e+04 -2.768e+06  2.134e+05 -5.572e+05  1.193e+06  9.929e+05  1.762e+06  1.532e+06 -1.244e+07 -3.265e+06 -5.517e+05 -3.748e+05 -9.961e+06 -1.489e+06 -3.284e+06 -1.093e+06 -1.246e+04 -4.159e+05  1.893e+06  1.101e+06 -2.888e+06 -5.063e+05 -1.382e+06 -5.614e+05  3.082e+05 -1.195e+07 -5.929e+06 -1.372e+06      -5943  2.264e+05 -4.682e+06  -8.59e+05  1.148e+06  1.325e+06  1.473e+06  6.283e+05  9.548e+05  2.922e+06  2.244e+06  9.749e+05  1.066e+06   1.12e+06 -4.786e+06 -7.417e+05  -2.79e+06  1.737e+05 -1.821e+06   6.84e+05 -7.119e+05   9.29e+05      1e+06  1.663e+06  1.609e+06  1.434e+06  1.679e+06  1.249e+06   1.02e+06  1.345e+06  1.239e+06  1.825e+06  2.121e+06  1.534e+06  2.154e+06  2.181e+06  1.944e+06  2.469e+06  1.572e+06 -8.236e+06 -7.047e+05 -6.855e+06 -2.958e+06  -4.06e+05 -1.787e+06 -4.973e+05 -4.788e+05 -6.178e+06 -6.122e+05  -3.07e+06 -8.095e+04 -1.383e+06  9.061e+05  1.374e+06   7.97e+05  1.098e+06  5.667e+05 -1.587e+06  1.065e+06 -5.959e+05  1.077e+06  2.594e+06 -2.555e+06  2.011e+06  6.138e+05  2.086e+06  2.459e+06   1.15e+06  1.652e+06  2.761e+06  1.153e+06  2.281e+06  9.337e+05  1.906e+06  1.821e+06  2.882e+06  2.026e+06 -7.772e+05  1.547e+06   4.94e+05  7.329e+05  1.043e+06  1.604e+06  1.753e+06  1.167e+06  2.328e+06  2.987e+06  2.045e+06  4.847e+05
  1.011e+06  1.911e+06  2.199e+06  1.761e+06  1.759e+06  7.125e+05 -7.318e+06 -2.815e+06 -4.911e+05 -1.117e+06 -3.852e+06 -2.809e+04 -2.081e+06  2.362e+05 -1.522e+05 -9.926e+06 -4.376e+08  5.263e+05  2.317e+05  4.497e+05 -2.106e+08 -8.026e+06 -1.164e+06 -5.104e+06 -5.867e+05 -4.009e+06  -6.99e+05 -1.638e+06 -2.195e+04 -3.929e+05  1.634e+06  7.279e+05 -6.144e+07 -7.083e+06 -1.744e+06  -1.19e+06 -2.616e+07 -4.266e+06  -9.95e+06 -2.355e+06 -7.066e+05  3.542e+04  1.118e+06  1.833e+06 -5.526e+06 -2.326e+06 -3.911e+06 -1.369e+06   -9.6e+05  -4.87e+07 -9.681e+06 -2.401e+06 -3.952e+05  1.525e+05  -7.03e+06 -1.795e+06  4.851e+05   1.17e+06  1.447e+06  2.397e+05  1.215e+06  1.824e+06   2.86e+06  4.567e+05  1.505e+06  1.308e+06 -7.978e+06  -1.67e+06 -3.673e+06 -1.032e+05 -1.664e+06  8.615e+05 -5.777e+05  9.879e+05  1.091e+06  1.898e+06  1.475e+06  1.712e+06  2.268e+06   1.53e+06  1.466e+06  1.734e+06  2.097e+06  1.889e+06  1.967e+06  2.087e+06  2.104e+06  2.205e+06  2.405e+06  2.922e+06  1.962e+06 -1.768e+07 -1.134e+06 -1.262e+07 -6.209e+06 -8.511e+05 -3.326e+06 -3.642e+05 -1.173e+06 -8.656e+06 -9.565e+05 -5.109e+06 -3.259e+04 -7.504e+05  1.918e+06  1.207e+06 -6.528e+05  8.095e+05  1.004e+06 -1.467e+06   4.66e+05 -3.136e+05  1.954e+06  3.837e+04  1.289e+05  1.677e+06  2.607e+06  1.527e+06  7.859e+05  3.464e+06  2.515e+06  2.938e+06  3.111e+06  3.298e+06  1.526e+06  9.084e+05  1.786e+06  3.129e+06  4.686e+06 -6.744e+05  1.728e+06   5.35e+05  1.587e+06  1.397e+06  1.575e+06  2.052e+06  2.802e+06  1.418e+06  2.817e+06  2.128e+06  6.425e+05
  5.992e+05  9.868e+05  1.207e+06  9.355e+05  9.867e+05  4.571e+05  -1.22e+06  7.506e+04   3.62e+05  3.031e+05 -7.201e+05  6.495e+04   1.57e+05  3.754e+05  7.905e+05 -9.804e+05  5.263e+05 -6.053e+07 -7.831e+06 -1.351e+07  -6.92e+06 -1.834e+06 -2.014e+05 -1.571e+06 -2.015e+04 -1.132e+06  4.092e+05 -4.607e+05  7.045e+05  5.138e+05  1.114e+06  7.501e+05 -3.565e+06 -1.317e+06 -9.315e+04 -1.537e+05  -2.54e+06 -3.707e+05 -1.126e+06 -5.198e+05  2.488e+05  5.088e+05  1.418e+06  9.106e+05 -1.512e+06 -7.561e+04 -1.185e+06 -2.634e+05  2.098e+05 -9.339e+05 -2.663e+06 -6.681e+05  2.897e+05  1.997e+05 -1.486e+06 -9.736e+04  7.309e+05  9.316e+05  1.057e+06  6.797e+05   7.46e+05  1.578e+06  1.677e+06   7.66e+05   8.39e+05  7.594e+05 -1.242e+06   1.83e+05 -8.655e+05  2.431e+05 -3.212e+05   5.14e+05  2.061e+05    7.3e+05  6.783e+05  8.915e+05   1.18e+06  9.817e+05  1.207e+06  7.699e+05  8.546e+05  8.039e+05  8.885e+05  1.085e+06  1.229e+06   1.31e+06  1.537e+06  1.411e+06  1.422e+06  1.876e+06  9.726e+05 -2.277e+06 -2.515e+05 -1.264e+06 -3.062e+05  3.861e+05 -9.745e+04  6.658e+05  4.871e+04 -1.137e+06  8.869e+04 -3.564e+05  5.017e+05  1.603e+06  1.173e+06  1.174e+06  6.033e+05  8.416e+05  7.848e+05  3.795e+05  9.623e+05  7.745e+05  1.299e+06  6.663e+05  7.862e+05   1.35e+06  1.451e+06   1.68e+06  1.545e+06   1.27e+06  2.182e+06  2.017e+06  9.632e+05  2.636e+06  5.661e+05  1.631e+06  1.236e+06  1.879e+06  1.652e+06  8.094e+05  1.347e+06  5.392e+05  1.489e+06  1.086e+06  1.631e+06   6.02e+05   1.84e+06  1.781e+06  1.564e+06  1.421e+06  3.646e+05
    3.8e+05  5.264e+05  5.927e+05  5.222e+05  5.319e+05  2.952e+05 -9.775e+04  2.683e+05  2.842e+05   3.01e+05    7.3e+04  1.517e+05  3.547e+05  3.378e+05  5.711e+05 -3.823e+04  2.317e+05 -7.831e+06 -1.604e+07    5.7e+05  -1.29e+06 -4.364e+05  7.521e+04 -2.098e+05   1.29e+05 -1.998e+05  4.862e+05 -1.337e+04  5.399e+05   2.91e+05    6.9e+05  6.831e+05 -5.685e+05 -1.484e+05   2.64e+05  9.322e+04 -3.252e+05  1.324e+05 -1.599e+05  6.965e+04  4.742e+05  4.463e+05  8.051e+05  8.082e+05 -2.403e+05  1.342e+05  -2.46e+05  1.086e+05  2.919e+05 -6.926e+04 -5.306e+05 -4.739e+04  2.383e+05  2.133e+05 -1.365e+05  1.786e+05  4.425e+05  5.776e+05  6.383e+05  4.585e+05   5.24e+05  8.647e+05  8.179e+05  4.391e+05   5.43e+05  4.723e+05  4.482e+04  3.486e+05  5.027e+04  2.715e+05  2.276e+05  3.557e+05  3.725e+05  5.311e+05  5.155e+05  5.704e+05  6.639e+05  5.768e+05  6.191e+05  6.782e+05  5.293e+05  5.328e+05  4.877e+05  6.565e+05  6.994e+05  7.233e+05  8.668e+05  9.366e+05  7.592e+05  8.305e+05  6.116e+05 -1.636e+05  1.284e+05 -5.411e+04  2.525e+05  3.762e+05  2.399e+05  5.612e+05  2.995e+05  8.283e+04  2.958e+05  1.973e+05  4.827e+05  1.334e+06  8.991e+05  8.263e+05  5.882e+05   5.71e+05  7.153e+05  5.277e+05  5.889e+05  6.322e+05  9.892e+05  5.789e+05  5.482e+05  8.201e+05  9.958e+05  7.753e+05  8.856e+05  1.002e+06  8.835e+05  9.853e+05  1.059e+06  1.279e+06  8.284e+05  8.523e+05  9.958e+05  1.093e+06  9.883e+05  5.699e+05  8.612e+05  6.471e+05  8.114e+05   7.45e+05  9.776e+05  7.149e+05  9.901e+05  1.101e+06  1.152e+06  1.204e+06  1.928e+05
  4.521e+05  6.653e+05  7.919e+05  6.355e+05  6.758e+05  4.026e+05 -1.855e+05  2.658e+05  3.188e+05  3.528e+05 -1.142e+05   1.98e+05  3.388e+05  3.888e+05  5.992e+05 -2.695e+05  4.497e+05 -1.351e+07    5.7e+05 -2.223e+07 -2.266e+06  -5.42e+05  2.044e+05  -2.79e+05   1.94e+05 -1.723e+05  4.935e+05  6.899e+04   6.23e+05  5.109e+05  7.577e+05  8.712e+05 -1.224e+06 -2.855e+05   1.97e+05  1.887e+05 -7.738e+05  8.994e+04 -3.376e+05   1.74e+04  4.087e+05  4.162e+05  1.013e+06  5.366e+05 -4.966e+05  1.275e+05 -6.423e+04  1.377e+05  3.698e+05 -1.755e+05 -7.688e+05  5.242e+04   3.85e+05  3.048e+05 -3.508e+05  2.831e+05  6.834e+05  7.145e+05  7.386e+05  5.598e+05  6.125e+05  9.732e+05  9.578e+05  6.645e+05  6.439e+05  6.158e+05 -2.846e+05  2.953e+05 -1.673e+05   3.14e+05  9.525e+04   4.29e+05  3.336e+05  5.784e+05  5.295e+05  7.743e+05  7.733e+05  7.114e+05  8.665e+05  8.139e+05  7.504e+05  7.228e+05  7.211e+05  8.181e+05  9.372e+05   7.35e+05  9.173e+05  8.143e+05  8.612e+05  1.099e+06  7.801e+05  -3.71e+05  1.121e+05 -9.646e+04  9.276e+04  4.345e+05  1.663e+05  6.037e+05  3.099e+05 -1.059e+05  2.605e+05   1.66e+05  4.199e+05  1.291e+06  8.271e+05  7.405e+05  5.852e+05  7.089e+05  5.758e+05  3.489e+05  7.326e+05  6.538e+05  8.701e+05  8.745e+05  7.399e+05  8.158e+05  8.136e+05  1.174e+06  9.628e+05  8.352e+05  1.162e+06  6.015e+05  1.089e+06  9.521e+05  8.472e+05  1.037e+06  7.565e+05  1.192e+06  1.493e+06  7.991e+05  8.951e+05  5.674e+05  9.417e+05  9.671e+05  9.988e+05  4.333e+05  1.159e+06  1.452e+06  1.103e+06  9.233e+05  2.685e+05
  1.035e+06  2.042e+06  2.153e+06  1.486e+06  2.153e+06  7.447e+05 -7.269e+06 -3.091e+06 -7.851e+05  -1.19e+06 -4.217e+06  3.294e+05 -2.673e+06 -5.798e+04 -6.051e+05 -9.862e+06 -2.106e+08  -6.92e+06  -1.29e+06 -2.266e+06 -8.076e+08 -1.394e+07 -2.114e+06 -8.416e+06 -1.361e+06 -5.623e+06 -1.618e+06 -3.307e+06 -4.809e+05 -1.952e+06  1.087e+06  4.376e+05  -1.11e+08  -1.05e+07 -3.088e+06 -2.298e+06 -4.905e+07 -7.368e+06 -1.467e+07  -3.91e+06 -2.671e+06 -1.354e+06  1.637e+06  -8.94e+05 -8.615e+06 -3.501e+06 -7.735e+06 -2.199e+06  -2.12e+06 -4.057e+07 -1.232e+07 -1.937e+06 -2.193e+05  2.458e+05  -7.43e+06 -1.414e+06  3.668e+05  1.622e+06  1.699e+06  1.021e+06  7.925e+05  1.313e+06  2.523e+06  7.965e+05   1.42e+06  1.375e+06 -9.276e+06 -1.595e+06 -3.603e+06  1.187e+05 -1.192e+06  1.187e+06  1.902e+05  1.641e+06  1.584e+06  1.976e+06  1.668e+06  2.104e+06  2.274e+06  1.312e+06  1.888e+06  1.738e+06  2.816e+06  2.236e+06  3.248e+06   2.65e+06  1.815e+06  3.355e+06  2.227e+06  2.292e+06  2.401e+06 -1.932e+07  -1.19e+06 -1.463e+07 -7.779e+06 -8.159e+05 -4.484e+06 -9.962e+05 -1.221e+06 -9.629e+06  -1.21e+06 -5.742e+06 -7.158e+05 -1.612e+06  2.081e+06  7.186e+05  8.601e+05  7.419e+05    8.1e+05 -2.235e+06  5.503e+05  7.232e+05  2.734e+06 -1.923e+06 -2.994e+05  1.191e+06  3.758e+06  1.848e+06 -2.885e+05  2.755e+06  1.494e+06  2.755e+04  1.915e+06 -8.539e+05  7.997e+05  1.921e+06  2.119e+06  4.013e+06  3.192e+06 -7.384e+04  2.041e+06  9.738e+05  2.108e+06  6.201e+05  9.544e+05 -2.738e+05  2.014e+06  3.574e+06  3.456e+06 -4.855e+05  7.642e+05
   1.28e+06  1.918e+06  2.074e+06  1.474e+06  1.882e+06  1.037e+06 -4.505e+06   -1.7e+06  -2.05e+05 -5.722e+05 -2.539e+06  3.758e+04 -1.494e+06  8.616e+04  1.982e+05 -3.312e+06 -8.026e+06 -1.834e+06 -4.364e+05  -5.42e+05 -1.394e+07 -2.408e+08 -5.818e+06 -6.202e+07 -3.641e+06  -2.97e+07 -3.648e+06 -5.057e+06  -3.11e+05 -1.743e+06  6.634e+05  9.043e+04 -4.573e+07 -6.068e+06  -1.72e+06 -1.233e+06 -1.843e+07 -4.875e+06 -8.985e+06 -3.285e+06 -1.333e+06 -2.187e+06  1.684e+06  6.955e+05  -6.51e+06 -2.255e+06 -5.145e+06  -2.23e+06 -1.346e+06 -6.885e+06 -8.114e+06  -2.28e+06 -3.088e+05  1.134e+05 -5.192e+06 -1.517e+06  9.715e+05  1.478e+06  1.863e+06  2.871e+05  1.177e+06  3.376e+06  3.151e+06  1.014e+06  1.208e+06  1.135e+06 -4.594e+06 -7.568e+05 -2.522e+06  3.675e+05  -1.26e+06  8.175e+05  2.095e+05  1.453e+06  1.055e+06  1.783e+06  1.902e+06  1.894e+06  2.038e+06   1.06e+06  1.298e+06  1.354e+06  1.808e+06  1.738e+06  1.946e+06  1.683e+06  2.309e+06  2.311e+06  2.612e+06  2.725e+06  1.584e+06 -7.611e+06 -8.597e+05 -6.747e+06 -4.348e+06 -5.986e+05 -2.759e+06 -2.505e+05 -8.859e+05 -5.132e+06 -7.783e+05 -3.131e+06  1.299e+04 -4.783e+05  1.707e+06  1.001e+06 -6.262e+05  3.768e+05  1.129e+06 -7.792e+05   6.39e+05 -2.972e+05  1.021e+06 -1.258e+06 -4.849e+05  1.873e+06   2.56e+06  2.175e+06  3.086e+06  1.172e+06  2.295e+06  9.493e+05  2.792e+06  1.287e+06  9.274e+05    1.3e+06  1.975e+06   2.99e+06  3.458e+06  4.133e+05  1.482e+06  5.335e+05  2.319e+06  9.923e+05   1.93e+06  2.972e+06  2.324e+06  3.851e+06  2.594e+06  2.597e+06   6.42e+05
