
 72

((monodelphis_domestica: 0.025258, (notamacropus_eugenii: 0.022057, sarcophilus_harrisii: 0.026608): 0.005354): 0.045199, (((choloepus_hoffmanni: 0.026273, dasypus_novemcinctus: 0.031914): 0.010520, (echinops_telfairi: 0.052158, (procavia_capensis: 0.030641, loxodonta_africana: 0.021164): 0.005816): 0.008958): 0.001117, (((sorex_araneus: 0.052958, erinaceus_europaeus: 0.047913): 0.008911, ((sus_scrofa: 0.019828, (vicugna_pacos: 0.023320, (tursiops_truncatus: 0.016934, (bos_taurus: 0.005754, (ovis_aries: 0.004488, capra_hircus: 0.002225): 0.004047): 0.016187): 0.003030): 0.000480): 0.007765, ((pteropus_vampyrus: 0.023226, myotis_lucifugus: 0.035923): 0.006218, (equus_caballus: 0.021196, ((felis_catus: 0.001428, (panthera_tigris_altaica: 0.001675, panthera_pardus: 0.000623): 0.001052): 0.011231, (canis_familiaris: 0.013979, (mustela_putorius_furo: 0.014051, ailuropoda_melanoleuca: 0.011529): 0.002458): 0.002920): 0.008052): 0.000606): 0.000421): 0.001212): 0.003796, (((oryctolagus_cuniculus: 0.022547, ochotona_princeps: 0.036191): 0.016429, (((fukomys_damarensis: 0.016214, heterocephalus_glaber_female: 0.013735): 0.006086, ((cavia_porcellus: 0.001006, cavia_aperea: 0.005107): 0.020215, (chinchilla_lanigera: 0.012523, octodon_degus: 0.020624): 0.002726): 0.004458): 0.019218, (ictidomys_tridecemlineatus: 0.023629, (dipodomys_ordii: 0.041575, (jaculus_jaculus: 0.035471, (nannospalax_galili: 0.023285, (((mesocricetus_auratus: 0.011129, cricetulus_griseus_chok1gshd: 0.007985): 0.005013, (peromyscus_maniculatus_bairdii: 0.012065, microtus_ochrogaster: 0.014570): 0.000900): 0.003855, ((mus_pahari: 0.005675, (mus_caroli: 0.002753, (mus_musculus: 0.001309, mus_spretus: 0.001486): 0.001528): 0.002590): 0.005641, rattus_norvegicus: 0.013019): 0.009263): 0.013335): 0.006325): 0.006555): 0.003532): 0.000764): 0.004171): 0.002518, (tupaia_belangeri: 0.034095, ((otolemur_garnettii: 0.023593, (propithecus_coquereli: 0.007720, microcebus_murinus: 0.010396): 0.006280): 0.006057, (carlito_syrichta: 0.027109, (((aotus_nancymaae: 0.005296, callithrix_jacchus: 0.005910): 0.000225, (saimiri_boliviensis_boliviensis: 0.005169, cebus_capucinus: 0.004493): 0.000688): 0.006828, (((chlorocebus_sabaeus: 0.001980, ((papio_anubis: 0.001196, (cercocebus_atys: 0.001472, mandrillus_leucophaeus: 0.001187): 0.000221): 0.000258, (macaca_nemestrina: 0.000855, (macaca_mulatta: 0.000735, macaca_fascicularis: 0.000350): 0.000204): 0.000705): 0.000521): 0.000853, (colobus_angolensis_palliatus: 0.002476, (rhinopithecus_roxellana: 0.000512, rhinopithecus_bieti: 0.000973): 0.001832): 0.001082): 0.003289, (nomascus_leucogenys: 0.005025, (pongo_abelii: 0.004077, (gorilla_gorilla: 0.001925, ((pan_troglodytes: 0.000598, pan_paniscus: 0.000820): 0.000813, homo_sapiens: 0.001407): 0.000314): 0.001437): 0.000479): 0.001669): 0.003085): 0.009691): 0.001780): 0.002603): 0.000647): 0.003757): 0.003650): 0.058588, ornithorhynchus_anatinus: 0.145504);

  0.045199  0.025258  0.005354  0.022057  0.026608  0.058588  0.001117  0.010520  0.026273  0.031914  0.008958  0.052158  0.005816  0.030641  0.021164  0.003650  0.003796  0.008911  0.052958  0.047913  0.001212  0.007765  0.019828  0.000480  0.023320  0.003030  0.016934  0.016187  0.005754  0.004047  0.004488  0.002225  0.000421  0.006218  0.023226  0.035923  0.000606  0.021196  0.008052  0.011231  0.001428  0.001052  0.001675  0.000623  0.002920  0.013979  0.002458  0.014051  0.011529  0.003757  0.002518  0.016429  0.022547  0.036191  0.004171  0.019218  0.006086  0.016214  0.013735  0.004458  0.020215  0.001006  0.005107  0.002726  0.012523  0.020624  0.000764  0.023629  0.003532  0.041575  0.006555  0.035471  0.006325  0.023285  0.013335  0.003855  0.005013  0.011129  0.007985  0.000900  0.012065  0.014570  0.009263  0.005641  0.005675  0.002590  0.002753  0.001528  0.001309  0.001486  0.013019  0.000647  0.034095  0.002603  0.006057  0.023593  0.006280  0.007720  0.010396  0.001780  0.027109  0.009691  0.006828  0.000225  0.005296  0.005910  0.000688  0.005169  0.004493  0.003085  0.003289  0.000853  0.001980  0.000521  0.000258  0.001196  0.000221  0.001472  0.001187  0.000705  0.000855  0.000204  0.000735  0.000350  0.001082  0.002476  0.001832  0.000512  0.000973  0.001669  0.005025  0.000479  0.004077  0.001437  0.001925  0.000314  0.000813  0.000598  0.000820  0.001407  0.145504

 -6.540294 -7.939229 -1.148690 10.151034  2.195386 -3.325562 -14.158915 -16.073178 -3.956613  2.906112  3.895289  4.815242 -32.889304 -0.578326 11.181370 22.381809 27.537135 -12.683356  6.952031  7.305447 -10.660037  6.432061 -5.552351 -9.234289  7.025964  1.039930  2.564279  1.209764 20.168149 21.185669 67.831150 62.910570 24.055248 -48.962524  4.842170 17.477073 -66.586451  9.284082  7.557364  1.676182 46.071916 -13.676061  3.440132  8.655906  5.497377  9.148093 -5.481328 -4.812511  1.951900 12.488680 -3.641615 -2.950388  5.209704 13.302159  5.861510 -1.224441 43.229673  1.063097 24.272157  6.731391  0.712038 27.446411 21.719274 -15.640842 -13.116408  0.109500 -25.052064  3.821261 -1.596237  1.412755 -2.035566 14.480650 -5.238154  1.601829 -7.223864  5.492255  9.785709 -5.213267 38.232847 -13.343159 23.428801 28.897018 27.000389 31.042819 39.635678 39.144556 33.695621 36.359163 36.069480 39.764275 22.708027 -29.838888 25.757628 27.328361 79.963274 32.299897 32.522435 28.594363 30.011858 -12.457549 26.132292 34.755424 36.186266 -18.380174 30.664383 40.089349 17.608513 32.928999 34.675677 94.591313 40.045539 21.123006 24.965900 26.659201 57.373280 29.338817 63.539382 122.140069 28.706529 26.728741 115.590014 138.161457 103.933669 116.020863 83.765669 116.090584 102.555609 107.456871 112.003652 100.973063 30.932122 63.746432 39.791502 111.542597  5.949013 100.365025 94.731591 111.989810 111.201883 123.598915  3.739910


Hessian

 -3.317e+07 -1.522e+06  -5.74e+06 -1.437e+06 -8.266e+05 -1.594e+07  8.659e+05  1.188e+06  6.973e+05  1.459e+06   1.15e+06  9.374e+05  1.295e+06  1.211e+06  1.557e+06  -4.26e+05  9.511e+05  9.481e+05  7.274e+05  7.872e+05  4.975e+05  1.737e+06  1.557e+06  1.831e+06  9.572e+05  1.728e+06  1.919e+06  1.578e+06  1.933e+06   1.94e+06  2.194e+06  2.336e+06  3.704e+04   1.48e+06  1.604e+06  1.499e+06  8.651e+05  1.469e+06  1.191e+06  1.543e+06  1.478e+06  1.543e+06  2.078e+06  2.006e+06   1.16e+06  1.301e+06  1.489e+06  1.552e+06  1.669e+06  8.771e+05  9.514e+05   1.36e+06  1.545e+06  1.093e+06  8.451e+05  1.453e+06  1.715e+06  1.743e+06  1.709e+06  1.497e+06   1.46e+06  1.956e+06  2.007e+06  1.632e+06  1.733e+06  1.576e+06  6.801e+05   1.13e+06  1.035e+06  1.198e+06  1.187e+06  1.246e+06  1.039e+06  1.225e+06  1.239e+06  1.366e+06  1.415e+06  1.653e+06  1.311e+06  1.791e+06  1.431e+06  1.284e+06  1.399e+06  1.483e+06  1.436e+06  1.844e+06   1.75e+06  1.637e+06  2.078e+06  1.796e+06  1.764e+06  7.786e+05  9.388e+05  8.598e+05  1.158e+06  1.346e+06  1.584e+06  1.723e+06  1.557e+06  8.595e+05  1.269e+06  1.053e+06  1.482e+06  2.042e+06   2.19e+06  1.669e+06  1.913e+06  1.767e+06  1.776e+06  1.194e+06  1.456e+06  1.715e+06  1.926e+06  2.401e+06  3.056e+06  2.348e+06  3.093e+06  2.814e+06   2.18e+06  1.434e+06  2.626e+06  2.459e+06  2.888e+06   2.47e+06  1.899e+06  1.846e+06   1.51e+06  1.982e+06  2.542e+06  1.336e+06  1.988e+06  1.287e+06  1.874e+06   1.54e+06  2.197e+06  1.424e+06  2.251e+06  2.645e+06  2.398e+06  2.474e+06 -1.595e+05
 -1.522e+06 -9.548e+07 -3.028e+07 -5.047e+06 -5.433e+06  -3.47e+05  2.223e+06  1.797e+06  8.404e+05  1.715e+06  1.898e+06    1.3e+06  1.864e+06  1.452e+06  1.729e+06  1.799e+06  2.182e+06  1.547e+06  1.014e+06  1.096e+06   2.08e+06  2.674e+06   1.74e+06   2.55e+06  1.129e+06  2.206e+06  1.918e+06  2.007e+06  1.334e+06  1.679e+06  1.877e+06  1.188e+06  1.541e+06  2.521e+06  1.952e+06  1.823e+06  2.644e+06  1.833e+06  1.879e+06  1.899e+06  1.408e+06  1.753e+06  1.637e+06    2.9e+06  1.655e+06  1.554e+06  1.633e+06  1.837e+06   1.84e+06  1.912e+06  2.406e+06   2.02e+06  1.622e+06  1.578e+06  2.284e+06  2.144e+06  1.876e+06  1.602e+06  1.943e+06  2.153e+06   1.74e+06  2.203e+06  1.365e+06  1.834e+06  1.938e+06  1.627e+06  1.976e+06  1.508e+06  2.168e+06  1.519e+06  1.998e+06  1.509e+06  1.744e+06  1.426e+06  1.994e+06  1.408e+06  1.325e+06  1.385e+06  1.148e+06  1.879e+06  1.433e+06  1.639e+06  1.721e+06  1.424e+06  1.517e+06  1.475e+06  1.243e+06   1.46e+06  1.687e+06  2.188e+06  1.724e+06  1.432e+06  1.138e+06  1.609e+06  1.966e+06  1.592e+06   2.11e+06  1.851e+06  1.916e+06  2.426e+06   1.74e+06  2.175e+06   2.05e+06  1.977e+06  2.063e+06      2e+06  2.731e+06  1.668e+06  1.964e+06  1.994e+06   1.74e+06  1.676e+06  1.159e+06  1.246e+06  -7.85e+05  1.733e+06  2.834e+05  2.371e+06  1.326e+06  1.732e+06  1.361e+06  5.962e+05  1.576e+06  1.806e+06  1.099e+06  2.005e+06  1.339e+06   7.71e+05  2.314e+06  2.084e+06  2.246e+06  1.264e+06  1.557e+06  1.909e+06  1.684e+06  1.878e+06  2.074e+06  1.935e+06  8.299e+05  2.006e+06  2.971e+05
  -5.74e+06 -3.028e+07 -2.191e+08   -1.7e+07  -2.09e+07 -3.038e+06  2.333e+06  1.953e+06  8.562e+05  1.862e+06  1.802e+06  1.439e+06  1.963e+06  1.593e+06  1.917e+06  1.667e+06  2.483e+06  1.638e+06   1.04e+06  1.187e+06  2.148e+06  2.543e+06  2.158e+06  3.247e+06   1.18e+06  3.049e+06  2.111e+06  2.216e+06  1.847e+06  1.946e+06  1.713e+06  2.041e+06  2.343e+06  2.708e+06  2.091e+06  1.932e+06  2.297e+06  2.129e+06  1.894e+06  1.737e+06  2.021e+06  1.762e+06  2.038e+06  2.754e+06  1.557e+06   1.68e+06  1.359e+06  2.137e+06  2.038e+06  2.081e+06  2.558e+06  2.347e+06  2.186e+06   1.56e+06  2.271e+06  2.209e+06  2.294e+06  2.061e+06   2.01e+06  2.277e+06  2.045e+06    2.2e+06  1.792e+06  1.705e+06  2.363e+06  2.101e+06  2.263e+06   1.64e+06  2.158e+06  1.644e+06  2.212e+06  1.696e+06  2.142e+06  1.511e+06  2.254e+06  1.641e+06  1.732e+06   1.77e+06  1.164e+06  2.046e+06  1.541e+06  2.023e+06   1.89e+06  1.878e+06  1.874e+06  2.064e+06  1.848e+06  2.074e+06  1.621e+06  1.838e+06  2.076e+06  2.387e+06  1.476e+06  1.631e+06  2.391e+06  1.732e+06  2.216e+06  2.101e+06  2.028e+06  1.807e+06  1.703e+06  2.166e+06  2.243e+06  2.673e+06  2.023e+06  2.097e+06   2.55e+06  2.056e+06   1.95e+06  1.656e+06  1.689e+06  2.142e+06  2.231e+06  2.118e+06  2.905e+05   2.84e+06  2.341e+06  2.247e+06  2.809e+06  3.002e+06  2.476e+06  1.272e+06  2.367e+06  2.707e+06  1.405e+06   2.04e+06  1.695e+06  2.051e+06  2.584e+06  1.874e+06  2.614e+06 -2.016e+05  2.303e+06  1.437e+06  1.921e+06  1.358e+06  2.266e+06  2.007e+06  2.387e+06  2.082e+06  3.036e+05
 -1.437e+06 -5.047e+06   -1.7e+07 -9.562e+07 -5.814e+06 -7.685e+05  2.235e+06  1.642e+06  5.909e+05  1.544e+06  1.771e+06  1.114e+06  1.549e+06  9.607e+05  1.506e+06  1.268e+06  2.129e+06  1.232e+06  9.543e+05  9.479e+05  2.007e+06  2.058e+06   1.59e+06  1.051e+06  7.574e+05  2.148e+06  1.355e+06  1.591e+06  1.638e+06   1.95e+06  1.688e+06  1.847e+06  1.882e+06  1.737e+06  1.267e+06  1.609e+06  2.284e+06  1.525e+06  1.851e+06  1.743e+06  1.376e+06  1.693e+06  1.525e+06  1.447e+06  1.888e+06  1.213e+06  1.341e+06  1.759e+06  1.596e+06  1.879e+06  1.932e+06  1.875e+06  1.596e+06  1.081e+06  1.812e+06  2.005e+06  1.799e+06  1.368e+06  1.524e+06  1.657e+06  1.545e+06  1.929e+06  1.153e+06  1.825e+06  1.549e+06  1.462e+06  1.495e+06  1.437e+06  2.024e+06  1.375e+06  1.741e+06  1.176e+06   1.73e+06  1.193e+06  1.917e+06  1.651e+06  1.386e+06  1.432e+06  1.089e+06  1.224e+06  1.651e+06  1.544e+06  1.845e+06  1.849e+06  1.842e+06  1.502e+06  1.442e+06  1.596e+06  2.648e+06  1.798e+06  1.624e+06  1.808e+06  1.006e+06  1.554e+06  2.049e+06  1.334e+06  1.643e+06  1.578e+06  1.492e+06   1.86e+06  1.346e+06  1.583e+06  1.387e+06  2.819e+06  1.595e+06  1.386e+06   1.97e+06  1.547e+06  1.597e+06  1.033e+06  1.234e+06  1.859e+06  9.337e+05  2.196e+06  1.687e+06  9.321e+05  1.764e+06  1.892e+06  1.826e+06  1.694e+06  1.483e+06  1.087e+06   1.99e+06  3.932e+05  1.858e+06  1.631e+06  1.241e+06   1.49e+06  1.907e+06  9.848e+05  1.492e+06  1.444e+05  1.065e+06  5.139e+05  1.838e+06  2.595e+06  1.085e+06  1.457e+06  1.353e+06  1.326e+06  3.469e+05
 -8.266e+05 -5.433e+06  -2.09e+07 -5.814e+06 -8.755e+07       4208  2.487e+06  2.018e+06  9.069e+05  1.742e+06  2.278e+06  1.328e+06  1.906e+06  1.685e+06  1.253e+06  1.777e+06  2.745e+06  1.572e+06      1e+06  1.056e+06  2.703e+06  2.629e+06  1.915e+06  3.077e+06  1.113e+06  2.647e+06  1.979e+06  2.418e+06  1.663e+06  1.673e+06  1.217e+06  1.627e+06  2.292e+06  2.617e+06  1.958e+06  1.573e+06  2.812e+06  1.851e+06  2.218e+06   2.15e+06  2.116e+06  1.704e+06  1.294e+06  2.049e+06  1.426e+06  1.534e+06  1.345e+06  1.583e+06  1.678e+06  2.563e+06  2.934e+06  2.108e+06  1.678e+06  1.462e+06  2.298e+06  2.583e+06  1.975e+06  1.769e+06  1.945e+06  2.041e+06  1.839e+06  1.041e+06  8.116e+05  2.351e+06  1.953e+06  1.727e+06  2.684e+06  1.652e+06  2.377e+06  1.515e+06  2.312e+06  1.511e+06  2.058e+06  1.604e+06  2.156e+06  1.913e+06  1.781e+06  1.649e+06  1.625e+06  2.076e+06  1.506e+06  1.617e+06  2.205e+06  1.843e+06  1.905e+06  2.017e+06  1.941e+06  1.073e+06  1.921e+06  1.591e+06  1.704e+06  2.254e+06  1.346e+06    2.4e+06  2.485e+06  1.532e+06  2.256e+06  2.069e+06  1.816e+06  2.356e+06  1.637e+06  2.334e+06  1.972e+06  2.114e+06  1.834e+06  1.756e+06   1.61e+06  1.789e+06  1.918e+06  1.978e+06  1.693e+06  1.832e+06  9.752e+05   1.95e+06  1.334e+06   2.14e+06  1.571e+06  1.247e+06  1.714e+06  2.067e+06  2.706e+06   2.06e+06  1.666e+06   1.12e+06  1.434e+06  2.043e+06  1.433e+06  1.014e+06  2.292e+06  1.931e+06  1.965e+06  1.104e+06  1.872e+06  2.005e+06  2.194e+06  2.017e+06  1.927e+06  1.928e+06  1.768e+06  2.487e+06  3.477e+05
 -1.594e+07  -3.47e+05 -3.038e+06 -7.685e+05       4208 -3.001e+07  1.597e+05  8.774e+05   6.62e+05  1.264e+06  6.934e+05  7.859e+05   1.07e+06  1.113e+06  1.454e+06 -1.676e+06  3.188e+05  6.253e+05  5.611e+05  6.146e+05 -2.092e+05  1.164e+06  1.349e+06  1.475e+06  8.378e+05  1.482e+06  1.764e+06   1.26e+06   1.96e+06  1.851e+06  2.072e+06  2.424e+06 -7.948e+05  1.102e+06  1.548e+06  1.245e+06  5.029e+04  1.177e+06  8.716e+05  1.401e+06  1.317e+06  1.338e+06  2.177e+06  1.944e+06  7.288e+05  1.274e+06  1.082e+06  1.374e+06  1.502e+06  2.846e+05  2.129e+05  1.024e+06  1.311e+06  9.611e+05  2.401e+05  1.117e+06  1.544e+06  1.619e+06  1.703e+06  1.272e+06   1.37e+06  2.256e+06  2.186e+06  1.396e+06  1.536e+06  1.492e+06  3.043e+05  9.894e+05  4.626e+05  1.082e+06  7.628e+05  1.112e+06  9.424e+05  1.196e+06  1.112e+06  1.223e+06  1.224e+06  1.637e+06  1.312e+06   1.42e+06  1.215e+06  1.249e+06  1.366e+06  1.256e+06  1.431e+06  1.636e+06  1.785e+06  1.822e+06  2.018e+06   1.88e+06  1.622e+06      -9627  8.067e+05  4.382e+05  8.617e+05  1.269e+06  1.329e+06  1.681e+06  1.308e+06  3.999e+05  1.111e+06  7.847e+05  1.357e+06  1.623e+06  2.146e+06  1.488e+06  1.413e+06  1.731e+06   1.84e+06  1.079e+06  1.191e+06  1.453e+06  2.156e+06  2.259e+06  2.567e+06  2.293e+06  2.735e+06  2.579e+06  2.453e+06  1.399e+06  2.618e+06  2.212e+06  2.751e+06  2.214e+06  1.792e+06  1.852e+06  1.692e+06  1.747e+06  2.355e+06  1.168e+06    1.8e+06  9.822e+05  1.907e+06  1.346e+06  2.057e+06  9.164e+05  2.049e+06  2.295e+06  2.798e+06  2.392e+06 -2.992e+04
  8.659e+05  2.223e+06  2.333e+06  2.235e+06  2.487e+06  1.597e+05 -1.068e+09 -3.233e+07 -3.815e+06 -1.303e+07 -6.864e+07  -9.61e+05 -3.468e+07 -2.812e+06 -8.182e+06 -2.673e+08 -1.216e+07 -3.672e+06 -6.235e+05 -7.509e+05 -1.574e+07 -9.196e+06 -3.252e+06 -8.905e+06 -9.896e+05 -7.589e+06   -1.6e+06 -4.851e+06  5.658e+05 -3.772e+05  2.305e+06 -9.761e+05 -2.891e+07 -9.122e+06 -2.721e+06 -1.019e+06 -1.888e+07 -3.834e+06 -9.092e+06 -5.223e+06 -7.249e+05 -3.795e+06  1.046e+06 -5.309e+06 -8.404e+06 -2.682e+06 -6.127e+06  -2.33e+06 -1.607e+06 -1.465e+07 -1.337e+07 -4.554e+06  -6.09e+05 -9.886e+05 -9.945e+06 -4.719e+06 -1.224e+05    1.7e+06  1.264e+06  1.019e+05  3.635e+05  4.098e+06  3.302e+06 -7.028e+05  9.321e+05  1.004e+06 -1.017e+07 -2.569e+06 -7.834e+06 -6.229e+05 -4.225e+06   6.61e+05 -1.609e+06   8.77e+05  6.694e+05  6.862e+05  8.149e+05  1.723e+06  1.248e+06   1.69e+06  2.356e+05  1.309e+06  1.905e+06  1.505e+06  2.189e+06  2.384e+06  2.555e+06  2.879e+06   4.61e+06  1.801e+06  1.155e+06 -1.595e+07 -2.178e+06 -1.444e+07 -8.157e+06 -1.395e+06 -5.572e+06 -1.337e+06  -3.97e+06 -1.458e+07 -2.186e+06 -7.299e+06 -2.603e+06 -2.088e+06  1.315e+04  3.604e+05 -8.309e+05  -1.05e+06 -1.585e+05 -2.216e+06  -2.36e+06  5.841e+05  3.987e+05   1.71e+06  2.759e+06  3.471e+06   2.49e+06  4.022e+06  2.619e+06   7.33e+05  5.722e+04  4.391e+06  2.488e+06   1.43e+06 -6.216e+04  1.434e+06  3.788e+05  2.525e+06  3.584e+06 -3.242e+06  1.209e+06  3.597e+05  7.716e+05  1.436e+06 -9.745e+05  1.726e+06  -3.74e+06 -2.235e+04  2.542e+06  1.111e+06  1.084e+06
  1.188e+06  1.797e+06  1.953e+06  1.642e+06  2.018e+06  8.774e+05 -3.233e+07 -1.508e+08 -1.093e+07 -3.989e+07  1.371e+04  4.581e+05  2.236e+05  6.257e+05  3.594e+05 -1.699e+07 -5.722e+06 -4.124e+05  2.341e+05  1.669e+05 -7.158e+06 -3.969e+06 -6.663e+05 -3.602e+06 -1.282e+04 -2.925e+06  2.575e+05 -6.168e+05  7.702e+05  3.983e+05  2.007e+06  1.724e+06 -1.052e+07 -2.388e+06 -4.724e+05   3.52e+05 -8.551e+06 -1.242e+06 -2.754e+06 -1.081e+06 -5.037e+05  6.422e+05  2.963e+06  1.107e+06 -2.417e+06 -5.982e+05 -2.717e+06  -2.23e+05  1.609e+05 -6.018e+06 -5.426e+06 -1.023e+06  3.437e+05  6.442e+05 -3.269e+06 -4.389e+05  6.223e+05  1.067e+06  1.306e+06  1.185e+06  1.154e+06  2.449e+06  2.398e+06   7.18e+05  1.203e+06  1.176e+06 -3.009e+06 -3.503e+05 -1.654e+06  5.541e+05 -4.855e+05  1.154e+06  5.047e+05  1.219e+06  1.268e+06  1.907e+06  1.812e+06  1.519e+06  1.859e+06  1.385e+06  1.424e+06  1.581e+06  2.003e+06  1.751e+06  1.883e+06  2.599e+06  1.501e+06  2.086e+06  2.776e+06  2.013e+06  1.809e+06 -7.963e+06  -3.19e+05 -6.254e+06   -2.9e+06  1.689e+05 -1.705e+06 -2.151e+05  -6.19e+05 -4.855e+06 -6.561e+04 -2.205e+06 -3.158e+05 -8.415e+05  1.421e+06  1.299e+06 -1.131e+05  7.692e+05  9.388e+05 -6.999e+05  2.195e+05 -7.611e+05  6.301e+05  1.079e+06  1.037e+06  6.955e+05  1.986e+06  1.525e+06  1.073e+06  6.294e+05  1.896e+06  1.383e+06  2.671e+06  1.195e+06  1.312e+06  4.229e+05  1.091e+06  2.866e+06  2.908e+06  -7.43e+05  1.622e+06  1.824e+05  1.091e+06  7.544e+05  1.998e+06  1.114e+06  2.328e+05  2.716e+06  2.586e+06  1.336e+06  8.288e+05
  6.973e+05  8.404e+05  8.562e+05  5.909e+05  9.069e+05   6.62e+05 -3.815e+06 -1.093e+07 -6.023e+07  -4.53e+04  1.965e+04  4.918e+05 -4.146e+04   2.08e+05  2.452e+05 -2.366e+06 -9.291e+05  4.636e+05  5.282e+05  4.092e+05 -1.468e+06 -4.894e+05  2.659e+05 -3.284e+05  1.628e+05 -4.072e+04   1.72e+04  4.819e+05  5.757e+05  8.179e+05  8.082e+05  6.021e+05 -3.201e+06 -1.221e+05 -7.884e+04  6.902e+05 -1.282e+06   7.53e+04  -3.57e+05  3.088e+05  1.241e+05  7.381e+05  8.459e+05 -1.422e+05  2.812e+05  4.046e+05  2.264e+05  4.414e+05  2.963e+05   -9.7e+05 -4.144e+05  4.701e+05  7.067e+05  5.931e+05 -3.199e+05  5.848e+05  5.841e+05  7.393e+05  8.856e+05  5.405e+05  7.746e+05  1.071e+06  1.185e+06  1.055e+06  8.142e+05  8.938e+05  -5.38e+05  3.154e+05  4.824e+05  7.419e+05  5.593e+05  8.687e+05  7.691e+05  8.079e+05  1.032e+06  1.181e+06  1.175e+06  1.097e+06  1.185e+06  1.201e+06  1.036e+06  1.009e+06  1.494e+06  1.364e+06  1.118e+06  1.124e+06  1.152e+06  1.438e+06  1.099e+06  1.461e+06  1.225e+06 -1.988e+06  2.845e+05 -1.435e+06 -3.007e+05  4.826e+05  5.638e+04  4.168e+05  2.461e+05 -3.655e+05  5.398e+05  -2.54e+05  1.369e+05 -6.247e+05  4.331e+05  4.616e+05 -9.221e+04  3.234e+05  8.207e+05  3.348e+04   2.54e+05  2.646e+05       8310  6.709e+05  8.486e+05  5.146e+05  2.068e+05  1.318e+06  1.087e+06  1.942e+05  6.945e+05  9.304e+04  6.045e+05  7.182e+05 -3.118e+05  5.777e+05  1.724e+05  1.001e+06  7.885e+05 -3.838e+05  6.457e+05 -3.044e+05  1.289e+05 -5.019e+04  1.068e+06 -7.699e+05  8.347e+05  7.337e+04   7.67e+05  4.175e+05   4.82e+05
  1.459e+06  1.715e+06  1.862e+06  1.544e+06  1.742e+06  1.264e+06 -1.303e+07 -3.989e+07  -4.53e+04  -7.81e+07  6.288e+05  6.964e+05   8.04e+05  8.187e+05  7.571e+05 -6.737e+06  -2.67e+06  1.559e+05  3.509e+05  5.515e+05 -3.368e+06 -1.872e+06  2.547e+05 -1.006e+06  4.452e+05 -5.991e+05  9.545e+05 -9.626e+04  9.514e+05  7.316e+05  1.478e+06  1.293e+06 -5.997e+06 -9.582e+05  3.941e+05  5.094e+05 -4.504e+06  1.497e+05 -7.782e+05 -1.854e+05  5.756e+05  7.659e+05  2.006e+06   1.59e+06 -5.488e+05   9.35e+04 -8.266e+05  9.582e+04   2.36e+05 -2.564e+06 -2.524e+06 -2.143e+05  6.567e+05  8.736e+05 -1.014e+06  3.123e+05  1.257e+06  1.376e+06  1.586e+06  1.371e+06   1.42e+06  1.924e+06  1.559e+06  1.441e+06  1.298e+06  1.351e+06 -7.389e+05  6.187e+05 -1.353e+05  7.819e+05  7.153e+05   1.38e+06  1.489e+06   1.53e+06  1.944e+06  2.201e+06  2.123e+06  1.362e+06  2.155e+06  2.099e+06  1.512e+06  1.866e+06  2.201e+06  2.003e+06  1.996e+06  2.467e+06  2.447e+06  1.946e+06  2.529e+06  2.442e+06   1.68e+06 -3.011e+06  2.934e+05 -2.639e+06 -9.176e+05  8.893e+05 -4.684e+05  6.885e+05 -1.462e+05 -2.039e+06  4.728e+05 -4.699e+05  5.683e+05  6.077e+05   1.36e+06  1.237e+06  8.315e+05  1.162e+06  1.372e+06  8.342e+05  7.737e+05   6.74e+05  1.087e+06  1.234e+06  1.713e+06  1.671e+06  1.147e+06  1.808e+06  1.172e+06  1.505e+06  2.558e+06  6.804e+05  1.161e+06  1.792e+05  1.786e+06  1.118e+06  1.195e+06  1.628e+06  2.467e+06  9.172e+05  1.504e+06  8.816e+05  1.696e+06  1.553e+06  2.154e+06   4.39e+05  1.327e+06  2.277e+06  1.789e+06   1.43e+06  7.149e+05
   1.15e+06  1.898e+06  1.802e+06  1.771e+06  2.278e+06  6.934e+05 -6.864e+07  1.371e+04  1.965e+04  6.288e+05 -2.465e+08 -2.942e+06 -8.112e+07  -4.43e+06 -1.558e+07 -3.594e+07 -7.308e+06 -2.502e+06 -5.227e+05 -5.137e+05 -9.184e+06 -7.236e+06 -1.605e+06  -6.07e+06 -2.733e+05 -4.936e+06  3.734e+05 -2.935e+06   1.55e+05 -1.443e+05  2.654e+06   1.95e+06 -1.402e+07 -5.844e+06  -1.72e+06 -4.446e+05 -1.022e+07  -2.03e+06 -5.444e+06 -2.654e+06  1.339e+05 -1.635e+05  2.785e+06  1.658e+05 -4.668e+06 -1.179e+06 -3.722e+06 -1.536e+06   2.34e+05  -8.21e+06 -1.148e+07 -3.259e+06 -1.487e+05 -1.292e+05 -8.874e+06 -2.532e+06  6.068e+05  1.392e+06   1.48e+06 -7.603e+05  7.277e+05  3.963e+06  3.609e+06 -2.494e+05  5.874e+05  7.441e+05 -7.304e+06 -1.835e+06 -5.734e+06 -3.013e+05 -3.358e+06  3.694e+05  -1.97e+06  1.045e+06 -1.845e+05  2.503e+05  6.522e+05  1.738e+06  1.641e+06 -3.164e+05  5.218e+05  8.997e+05  5.671e+05  8.647e+05  1.959e+06   1.41e+06  1.843e+06  1.778e+06  2.869e+06   3.05e+06  1.571e+06 -1.086e+07 -1.357e+06 -8.209e+06 -5.459e+06 -8.518e+05  -3.15e+06 -6.876e+05 -1.752e+06  -8.77e+06 -1.126e+06 -4.347e+06 -1.365e+06 -1.021e+06  1.655e+06  1.176e+06 -1.801e+06  1.327e+05  3.943e+05   -1.5e+06 -9.179e+05 -1.236e+06  1.253e+06  2.969e+05  -6.62e+05  2.092e+06  2.723e+06  2.834e+06  2.601e+06  1.671e+06  1.596e+06  4.304e+06  3.427e+06  3.946e+06  5.549e+05  1.858e+06  1.767e+06  2.321e+06  3.436e+06  -1.92e+06  1.911e+06 -2.783e+06  1.834e+06  6.681e+05  1.779e+06   2.54e+06  5.101e+05  2.658e+06  2.139e+06  1.638e+06  9.242e+05
  9.374e+05    1.3e+06  1.439e+06  1.114e+06  1.328e+06  7.859e+05  -9.61e+05  4.581e+05  4.918e+05  6.964e+05 -2.942e+06 -4.044e+07  -7.47e+05 -1.135e+05   5.01e+05 -1.065e+06 -6.938e+05 -6.207e+05       4244  2.088e+05 -4.997e+05 -4.476e+05  2.787e+05 -1.446e+05  3.542e+05   4.01e+05  8.105e+05  1.576e+05  1.315e+06  7.129e+05  1.542e+06  1.139e+06 -1.612e+06  -1.35e+05  5.326e+05  3.738e+05 -4.801e+05  4.724e+05 -1.755e+05  2.881e+05  7.285e+05  6.251e+05  1.765e+06  1.666e+06 -1.544e+05  6.227e+05 -2.242e+05  5.236e+05  8.724e+05 -5.954e+05 -1.438e+06 -2.944e+05  3.918e+05   3.62e+05 -7.613e+05  1.265e+05  7.971e+05  1.101e+06  1.254e+06  5.988e+05  1.024e+06   1.62e+06  1.636e+06  8.062e+05  7.149e+05  7.976e+05 -7.106e+05  4.411e+05 -3.872e+05  5.644e+05 -8.784e+04  6.628e+05  4.418e+05  9.144e+05  6.754e+05  8.808e+05  1.129e+06  1.081e+06  1.259e+06  4.578e+05  6.937e+05  9.229e+05  8.415e+05  7.314e+05  9.775e+05  6.282e+05  8.849e+05  1.186e+06  1.064e+06  9.707e+05  1.023e+06  -5.38e+05  3.471e+04 -1.749e+05  1.894e+05  7.589e+05  3.557e+05  1.095e+06  4.926e+05 -6.147e+05  3.151e+05   2.04e+05  8.476e+05  1.058e+06  1.374e+06  1.178e+06  2.962e+05  8.082e+05  1.295e+06  7.907e+05  7.908e+05  7.412e+05  1.605e+06  5.538e+05  1.629e+06  1.118e+06  1.813e+06  2.107e+06  1.288e+06  1.594e+06  1.901e+06  1.337e+06  1.245e+06  1.423e+06   1.53e+06  1.414e+06   1.24e+06  2.083e+06  1.866e+06  1.087e+06  1.645e+06  3.286e+05  1.383e+06  1.314e+06  1.475e+06  1.139e+06  2.029e+06  1.602e+06  1.289e+06  9.337e+05  5.312e+05
  1.295e+06  1.864e+06  1.963e+06  1.549e+06  1.906e+06   1.07e+06 -3.468e+07  2.236e+05 -4.146e+04   8.04e+05 -8.112e+07  -7.47e+05 -2.673e+08 -1.138e+07  -3.57e+07 -1.918e+07 -4.529e+06 -4.666e+05  2.721e+05  1.502e+05 -8.125e+06 -4.969e+06 -9.506e+05 -5.242e+06 -1.997e+05 -2.924e+06  2.716e+05 -1.379e+06 -3.636e+04 -3.654e+05  2.869e+06  2.251e+06 -1.074e+07 -3.493e+06 -7.577e+05  3.895e+05 -9.955e+06 -2.154e+06 -3.738e+06 -1.593e+06  5.893e+05 -1.172e+05  2.499e+06  -1.23e+06 -3.214e+06 -3.022e+05 -2.306e+06 -6.535e+05  9.358e+04 -5.429e+06 -7.356e+06 -1.368e+06  4.646e+05  4.359e+05 -5.606e+06 -1.089e+06  3.039e+05  1.404e+06  1.319e+06 -1.088e+05  1.013e+06  2.625e+06  3.075e+06  5.282e+05  3.318e+05  1.039e+06 -5.253e+06 -9.656e+05 -2.863e+06  5.459e+05 -1.088e+06   8.39e+05 -6.762e+05  1.287e+06  4.098e+05  3.574e+05  1.268e+06  1.782e+06  1.333e+06  1.796e+05  1.291e+06  9.793e+05  9.857e+05  1.204e+06  1.769e+06  1.959e+06  1.999e+06  2.344e+06  1.373e+06  9.102e+05  1.917e+06 -8.295e+06 -3.846e+05 -6.699e+06 -3.704e+06 -3.317e+05 -2.334e+06 -2.663e+05 -2.049e+05  -6.32e+06 -2.261e+05 -3.017e+06 -1.154e+06  1.108e+06  1.234e+06  7.599e+05 -4.071e+05  2.595e+05  4.884e+05 -1.902e+06 -1.721e+06 -1.307e+06  4.908e+05 -6.537e+05 -2.883e+05  9.393e+05 -1.358e+06  1.996e+06  1.279e+06  1.394e+06  1.983e+06  4.196e+06   2.28e+06    2.1e+06  3.155e+05  1.253e+06   8.03e+05  2.122e+06  3.189e+06 -2.305e+06  1.165e+06 -3.754e+06  1.475e+06      -2295  1.496e+06  -9.19e+05  1.015e+06  2.359e+06   2.59e+06  1.793e+06  8.977e+05
  1.211e+06  1.452e+06  1.593e+06  9.607e+05  1.685e+06  1.113e+06 -2.812e+06  6.257e+05   2.08e+05  8.187e+05  -4.43e+06 -1.135e+05 -1.138e+07 -8.164e+07 -1.126e+06 -1.981e+06 -7.108e+05  2.111e+05  4.312e+05  4.363e+05 -7.382e+05 -1.412e+06  1.863e+05  -1.86e+06 -5.882e+04  -6.57e+05  6.666e+04 -3.343e+05  5.043e+05  3.668e+05  1.907e+06  9.283e+05 -1.648e+06 -7.482e+05 -1.214e+05  8.254e+05 -2.465e+06  -7.76e+04  -8.28e+05 -1.347e+05 -4.769e+05 -2.321e+05  1.974e+06  9.274e+04 -6.407e+05  6.643e+05 -5.296e+05  1.402e+05    8.1e+05 -3.805e+05 -1.992e+06 -7.044e+04  7.092e+05  2.584e+05  -1.07e+06 -2.596e+04  5.761e+05    1.2e+06  9.672e+05  4.823e+05  7.284e+05   1.95e+06  1.975e+06  4.786e+05  6.508e+05  8.283e+05 -1.507e+06  2.875e+05 -6.034e+05  7.784e+05 -9.629e+04  6.647e+05  5.029e+05  7.757e+05  5.277e+05  9.632e+05  1.106e+06  1.093e+06  1.386e+06  5.465e+05  1.001e+06  9.913e+05  1.019e+06  9.588e+05  1.172e+06  1.397e+06  1.216e+06  1.643e+06  5.732e+05  7.774e+05  1.061e+06 -1.215e+06  2.155e+05 -1.003e+06 -8.511e+05  3.806e+05 -2.583e+05  4.018e+05  5.437e+05  -1.26e+06  3.726e+05 -6.036e+05  1.008e+05 -1.032e+06  9.767e+05   9.92e+05 -2.044e+05  4.624e+05  7.475e+05 -1.435e+05  2.422e+05  -4.71e+04  2.129e+05 -5.417e+05  1.156e+06  9.537e+05  1.294e+06  2.206e+06  1.373e+06  1.054e+06  2.725e+06  2.382e+06  2.178e+06 -1.464e+05  3.982e+05  1.024e+06  1.016e+06  8.738e+05  2.654e+06 -3.607e+05  1.614e+06  -9.05e+05  3.842e+05  9.783e+04    1.1e+06  7.901e+05  8.542e+05  2.216e+06  1.419e+06  1.079e+06  6.636e+05
  1.557e+06  1.729e+06  1.917e+06  1.506e+06  1.253e+06  1.454e+06 -8.182e+06  3.594e+05  2.452e+05  7.571e+05 -1.558e+07   5.01e+05  -3.57e+07 -1.126e+06 -1.324e+08 -4.729e+06 -2.714e+05  1.084e+06  9.281e+05  9.021e+05  -2.33e+06 -2.558e+05  4.802e+05 -4.094e+05  4.609e+05  3.391e+05    7.6e+05  5.695e+05  5.276e+05   3.87e+05  3.675e+05  5.977e+05 -3.905e+06  2.116e+05  9.369e+05   4.92e+05 -3.196e+06 -9.451e+05  -7.31e+04  3.221e+05  1.498e+06 -7.053e+04  1.312e+06   6.67e+05 -3.231e+05  8.039e+05 -3.812e+05  6.609e+05 -3.563e+05 -1.663e+06  -1.06e+06  1.113e+06  9.923e+05  1.332e+06 -6.583e+05  9.373e+05  1.425e+06  1.422e+06  1.521e+06  1.224e+06  1.496e+06  2.171e+06  1.148e+06  1.476e+06   1.03e+06  1.503e+06 -1.556e+06  5.441e+05  3.199e+05  1.286e+06  8.241e+05  1.422e+06  7.331e+05  1.529e+06  1.732e+06  2.287e+06  2.068e+06  1.594e+06  2.221e+06  1.518e+06  1.676e+06  1.885e+06  1.974e+06  1.667e+06  2.318e+06   2.75e+06  3.091e+06    1.8e+06  1.427e+06  2.868e+06  1.902e+06 -2.228e+06  6.191e+05 -1.787e+06 -6.497e+04   6.09e+05 -1.163e+05  4.568e+05  1.027e+06 -1.207e+06  7.244e+05 -1.047e+05  7.322e+05  -7.34e+05  6.122e+05  7.807e+05  6.855e+05  5.313e+05  5.778e+05 -3.863e+05  6.608e+05 -1.745e+05  1.421e+05 -3.405e+04 -5.585e+05       1763  8.521e+05  1.538e+06 -3.471e+05  4.682e+05   2.79e+05  5.071e+05 -7.446e+05  8.496e+05  1.222e+06  5.475e+05  1.518e+06   5.27e+05  1.105e+06 -1.823e+05  5.786e+05 -1.484e+06    1.1e+06  1.311e+06   1.77e+06  2.017e+05  2.249e+05  4.578e+05  1.386e+06  1.216e+06  8.172e+05
  -4.26e+05  1.799e+06  1.667e+06  1.268e+06  1.777e+06 -1.676e+06 -2.673e+08 -1.699e+07 -2.366e+06 -6.737e+06 -3.594e+07 -1.065e+06 -1.918e+07 -1.981e+06 -4.729e+06 -6.575e+08 -1.624e+07 -2.939e+06 -6.519e+05 -6.467e+05 -1.723e+07 -7.336e+06 -2.271e+06 -6.569e+06 -8.047e+05 -6.032e+06 -9.668e+05 -3.429e+06  2.725e+05 -7.224e+05  2.834e+06  1.077e+06 -2.473e+07 -7.095e+06 -1.771e+06 -5.636e+05 -1.949e+07 -3.449e+06 -8.395e+06  -3.88e+06  -2.01e+06 -6.533e+05  3.142e+06 -1.194e+06 -6.738e+06 -2.309e+06 -6.073e+06  -2.03e+06 -1.406e+06  -1.93e+07 -1.082e+07 -3.981e+06 -9.487e+05 -5.899e+05 -8.585e+06 -4.044e+06 -5.912e+05   1.56e+06   7.02e+05 -5.794e+05   6.35e+05  4.041e+06  4.013e+06 -1.179e+04  7.324e+05  5.095e+05 -1.238e+07 -2.717e+06 -7.557e+06  -5.99e+05 -4.426e+06  9.811e+04 -3.188e+06  3.893e+05 -6.079e+05 -1.867e+05  6.786e+04  1.346e+06  2.354e+05  4.408e+05   1.57e+05  8.301e+05   3.41e+05  1.955e+05  1.049e+06  1.249e+06  2.341e+06  2.122e+06  2.593e+06   1.76e+06   6.29e+05 -1.607e+07  -1.96e+06 -1.396e+07  -7.69e+06 -1.858e+06 -5.562e+06 -1.648e+06 -3.588e+06 -1.385e+07 -2.416e+06 -6.895e+06 -3.101e+06 -8.832e+04  7.985e+05  4.353e+05  5.318e+05 -1.293e+05  4.457e+04 -2.232e+06 -1.865e+05  1.411e+06 -1.223e+06 -1.248e+05 -1.213e+06  3.346e+06  2.641e+06  2.679e+06 -1.308e+06  9.716e+05  3.753e+06  3.899e+06  4.538e+06  1.223e+06  6.132e+05   6.72e+05  1.239e+06   5.46e+05  2.345e+06  -1.96e+06  1.384e+06 -5.268e+06  5.066e+05 -1.424e+06  1.749e+06 -3.501e+06 -2.355e+06  3.156e+06  1.594e+06  1.271e+06  8.362e+05
  9.511e+05  2.182e+06  2.483e+06  2.129e+06  2.745e+06  3.188e+05 -1.216e+07 -5.722e+06 -9.291e+05  -2.67e+06 -7.308e+06 -6.938e+05 -4.529e+06 -7.108e+05 -2.714e+05 -1.624e+07 -7.776e+08  5.652e+05  4.711e+05  3.587e+05 -3.362e+08 -1.157e+07 -2.796e+06 -1.323e+07 -1.252e+06 -9.044e+06 -1.761e+06  -4.69e+06 -3.724e+05  -1.57e+06   2.52e+06  1.176e+06  -8.83e+07 -1.141e+07 -3.447e+06 -1.872e+06  -4.22e+07 -7.143e+06 -1.754e+07 -7.492e+06  -1.88e+06 -3.265e+06  1.761e+06 -1.635e+06 -1.111e+07 -4.682e+06 -1.024e+07 -4.272e+06 -2.601e+06 -7.088e+07 -1.561e+07 -6.167e+06 -1.467e+06 -6.228e+05 -1.501e+07  -4.96e+06 -6.302e+05  1.108e+06  1.137e+06 -1.688e+06 -1.498e+05  2.487e+06  4.035e+06 -2.173e+06 -2.508e+05  2.798e+05   -1.8e+07 -4.638e+06 -9.124e+06 -8.001e+05 -5.773e+06 -1.221e+05 -4.555e+06  3.755e+05 -1.282e+06  3.773e+05   6.08e+05  1.375e+06  1.925e+06 -1.233e+06  6.356e+05  7.686e+05   1.15e+06  1.518e+05  1.515e+06   1.65e+06  2.593e+06  2.815e+06  1.764e+06  3.108e+06   7.81e+05 -3.055e+07 -3.025e+06 -2.393e+07 -1.304e+07 -2.973e+06 -8.745e+06 -1.892e+06 -4.736e+06 -2.051e+07 -2.906e+06 -1.058e+07 -2.892e+06  3.178e+05  6.559e+05      -3977  -1.21e+06  -1.16e+06 -1.863e+06 -5.876e+06 -1.851e+06  1.339e+05  2.952e+05 -5.249e+06  4.593e+05  2.527e+06  2.907e+06  1.541e+06  2.555e+06 -3.914e+05  1.928e+05  2.114e+06  2.949e+06  1.778e+06 -5.042e+05  1.812e+05  7.931e+05  8.045e+05  3.183e+06 -2.672e+06  1.566e+06 -5.793e+05  2.171e+06  1.865e+05  2.022e+06 -2.683e+06  2.355e+06  3.065e+06  4.183e+06  2.781e+06  1.094e+06
  9.481e+05  1.547e+06  1.638e+06  1.232e+06  1.572e+06  6.253e+05 -3.672e+06 -4.124e+05  4.636e+05  1.559e+05 -2.502e+06 -6.207e+05 -4.666e+05  2.111e+05  1.084e+06 -2.939e+06  5.652e+05 -1.116e+08 -1.336e+07 -2.091e+07 -1.195e+07 -4.042e+06 -1.103e+06 -3.474e+06  -5.18e+05 -2.733e+06   2.69e+04 -2.073e+06  4.503e+05 -7.221e+05  1.512e+06  1.141e+06 -7.264e+06 -3.943e+06 -1.073e+06 -6.563e+05  -6.38e+06 -1.141e+06 -3.323e+06 -1.871e+06 -8.508e+05  -7.13e+05   1.88e+06 -1.113e+05 -2.956e+06 -1.109e+06 -3.672e+06 -1.062e+06  9.445e+04 -2.926e+06 -7.405e+06  -2.33e+06 -1.809e+04 -2.883e+05  -4.21e+06 -1.427e+06  2.137e+05  1.227e+06  1.143e+06 -1.705e+05  6.254e+05  1.774e+06  2.171e+06 -7.038e+04  1.576e+05  6.328e+05 -4.071e+06 -7.489e+05 -3.513e+06 -3.812e+05 -2.229e+06  2.156e+05 -1.395e+06  4.524e+05  -1.98e+05  7.433e+05  2.208e+05   7.29e+05  1.119e+06 -5.266e+04  3.851e+05  4.529e+05  4.121e+05  2.931e+05  1.206e+06  6.464e+05  1.173e+06  1.707e+06  1.092e+06  1.986e+06   7.21e+05  -4.16e+06 -1.172e+06 -3.393e+06 -2.031e+06  8.886e+04 -1.141e+06  3.276e+05 -7.161e+05  -4.13e+06 -8.337e+05 -1.668e+06 -3.608e+05 -1.588e+06  1.463e+06  1.083e+06 -6.442e+05  9.003e+05  1.258e+06 -2.506e+05  6.146e+05  5.613e+05  9.595e+05  1.207e+06  2.142e+06  2.031e+06  2.547e+06  1.719e+06  1.899e+06  1.456e+06  1.282e+06  9.499e+05  2.817e+06   2.33e+06  1.428e+06  7.067e+05  1.494e+06  2.319e+06  2.115e+06  6.715e+05    1.4e+06 -6.694e+05  1.079e+06  1.264e+06  2.238e+06   1.54e+06  2.008e+06  2.992e+06  1.029e+06  1.815e+06  6.673e+05
  7.274e+05  1.014e+06   1.04e+06  9.543e+05      1e+06  5.611e+05 -6.235e+05  2.341e+05  5.282e+05  3.509e+05 -5.227e+05       4244  2.721e+05  4.312e+05  9.281e+05 -6.519e+05  4.711e+05 -1.336e+07  -2.97e+07  1.074e+06 -1.998e+06 -1.248e+06 -1.562e+05 -1.423e+06  1.423e+05 -7.208e+05  5.625e+05 -4.566e+05  7.168e+05  4.908e+05  1.097e+06  9.734e+05 -1.656e+06 -1.034e+06 -1.383e+04  1.894e+04 -1.582e+06  2.698e+04 -5.836e+05 -2.908e+05  3.222e+05  3.348e+05  1.201e+06  1.027e+06 -7.956e+05  2.397e+04 -9.035e+05 -1.069e+05  1.994e+05 -7.266e+05  -2.04e+06 -5.961e+05  1.248e+05  8.351e+04 -9.443e+05 -2.181e+05  6.161e+05   7.48e+05  8.355e+05  7.726e+04  5.583e+05  1.577e+06  1.478e+06  2.476e+05   5.23e+05  4.701e+05  -1.03e+06   1.88e+05 -7.685e+05  1.835e+05 -2.355e+05  4.202e+05 -2.167e+05  6.311e+05  2.505e+05  6.511e+05   5.69e+05  6.719e+05  8.276e+05  1.834e+05  3.957e+05  6.638e+05  6.495e+05  2.627e+05  8.054e+05  7.732e+05  8.063e+05  1.282e+06  8.607e+05  1.478e+06  7.775e+05 -1.074e+06 -1.005e+05 -6.543e+05 -1.946e+05  5.056e+05  1.342e+05  7.165e+05  9.268e+04 -9.649e+05  1.291e+05 -1.412e+05  5.386e+05  9.892e+05  1.254e+06  1.022e+06  2.225e+05  7.897e+05  1.092e+06  7.559e+05  9.099e+05  5.955e+05  1.372e+06  8.267e+05  1.275e+06  1.386e+06  1.338e+06  1.829e+06  1.184e+06  4.637e+05  1.192e+06  9.033e+05  2.081e+06  1.964e+06  9.565e+05  1.197e+06  1.283e+06  1.724e+06  1.915e+06  1.001e+06  1.083e+06   6.36e+05  1.075e+06  7.837e+05  1.105e+06  5.133e+05  1.402e+06  1.905e+06  1.544e+06  1.112e+06  4.083e+05
  7.872e+05  1.096e+06  1.187e+06  9.479e+05  1.056e+06  6.146e+05 -7.509e+05  1.669e+05  4.092e+05  5.515e+05 -5.137e+05  2.088e+05  1.502e+05  4.363e+05  9.021e+05 -6.467e+05  3.587e+05 -2.091e+07  1.074e+06 -3.818e+07 -3.624e+06 -1.089e+06  3.123e+04 -8.787e+05  1.859e+05 -1.108e+06  5.182e+05 -3.691e+05  6.621e+05  2.192e+05  1.291e+06  1.431e+06 -2.718e+06 -1.074e+06 -4.805e+04  3.118e+05 -1.939e+06 -2.462e+04 -1.015e+06 -3.099e+05 -9.483e+04  3.057e+05  1.509e+06  5.252e+05 -7.021e+05 -5.588e+04 -9.482e+05 -1.325e+05  6.003e+05 -9.087e+05 -2.598e+06 -5.004e+05  4.511e+05  2.695e+05  -1.36e+06  -2.11e+05  5.427e+05  9.046e+05   8.86e+05  3.039e+05  7.559e+05  1.324e+06  1.462e+06  5.491e+05  6.425e+05  7.137e+05 -1.189e+06      -9406 -1.066e+06  1.864e+05  -5.54e+05  5.142e+05 -2.069e+05  6.343e+05  3.454e+05  6.021e+05  7.356e+05   9.56e+05  9.806e+05  5.506e+05  7.999e+05  5.015e+05  7.346e+05  7.695e+05  1.002e+06  7.869e+05   1.01e+06  1.287e+06  8.711e+05  8.198e+05  9.089e+05 -1.715e+06 -5.017e+04 -1.084e+06 -4.908e+05  4.346e+05 -3.886e+04  7.492e+05  1.387e+05 -1.109e+06  1.269e+05 -4.351e+05  1.549e+05 -1.652e+04  1.156e+06  8.865e+05  5.251e+05  7.755e+05  9.467e+05  6.504e+04  5.887e+05  1.239e+06  8.455e+05  7.448e+05  1.582e+06  1.416e+06  1.592e+06  1.533e+06  1.739e+06  1.304e+06    1.6e+06  2.475e+06   1.99e+06  1.313e+06  1.293e+06  8.616e+05  1.077e+06  1.233e+06  1.841e+06  1.006e+06  1.177e+06 -4.941e+04   1.18e+06  9.465e+05  1.157e+06   8.99e+05  1.001e+06  2.004e+06  1.901e+06  1.152e+06  5.114e+05
  4.975e+05   2.08e+06  2.148e+06  2.007e+06  2.703e+06 -2.092e+05 -1.574e+07 -7.158e+06 -1.468e+06 -3.368e+06 -9.184e+06 -4.997e+05 -8.125e+06 -7.382e+05  -2.33e+06 -1.723e+07 -3.362e+08 -1.195e+07 -1.998e+06 -3.624e+06 -1.541e+09 -2.311e+07 -4.642e+06 -2.117e+07 -2.613e+06 -1.242e+07  -2.88e+06 -7.244e+06 -1.172e+05 -3.688e+06  1.394e+06  8.926e+05 -1.729e+08  -1.87e+07 -6.606e+06 -3.636e+06 -8.849e+07 -1.321e+07 -2.834e+07 -1.089e+07 -3.981e+06 -5.192e+06 -7.577e+05 -2.766e+06 -1.634e+07 -7.839e+06 -1.556e+07 -6.416e+06 -5.199e+06 -6.064e+07 -2.073e+07 -5.791e+06 -1.748e+06  1.086e+04 -1.685e+07 -5.032e+06 -1.786e+06  8.809e+05  3.256e+05 -2.542e+06 -9.583e+04  3.913e+06  4.101e+06 -2.895e+06 -3.282e+05   1.22e+06 -1.926e+07 -5.454e+06 -8.956e+06 -6.024e+05  -6.61e+06  2.386e+04 -5.602e+06  4.243e+05 -1.118e+06  1.075e+06  4.034e+05  1.878e+06  1.572e+06 -2.149e+06 -6.643e+05  4.437e+05  1.473e+06  1.484e+06   1.92e+06  2.313e+06  3.401e+06  3.722e+06  7.394e+05  1.089e+06  2.761e+05 -3.975e+07 -2.803e+06 -3.268e+07 -1.648e+07 -3.438e+06 -1.074e+07 -5.212e+06 -4.799e+06 -2.328e+07 -3.238e+06 -1.413e+07 -3.305e+06  3.691e+05  9.865e+05 -2.894e+05 -8.327e+04 -1.906e+06 -9.055e+05 -1.115e+07 -1.866e+06 -4.158e+06  3.905e+05 -5.923e+06 -1.179e+07  1.207e+06 -8.394e+05   2.99e+06  2.999e+06 -3.426e+06  4.448e+06  3.587e+06   9.23e+05  1.341e+06 -1.934e+06  1.997e+05  3.324e+04 -4.138e+06  2.548e+06 -4.392e+06  7.189e+05 -4.496e+06  1.178e+05  2.649e+05 -3.159e+05  2.481e+06 -2.305e+05  4.955e+06   7.41e+06  1.333e+06  1.202e+06
  1.737e+06  2.674e+06  2.543e+06  2.058e+06  2.629e+06  1.164e+06 -9.196e+06 -3.969e+06 -4.894e+05 -1.872e+06 -7.236e+06 -4.476e+05 -4.969e+06 -1.412e+06 -2.558e+05 -7.336e+06 -1.157e+07 -4.042e+06 -1.248e+06 -1.089e+06 -2.311e+07  -4.23e+08  -9.21e+06 -9.618e+07 -5.777e+06 -4.851e+07 -6.261e+06 -8.609e+06 -2.169e+06 -2.418e+06  5.516e+05 -9.112e+05 -7.156e+07 -1.203e+07 -4.525e+06 -2.325e+06 -2.931e+07 -8.957e+06 -1.717e+07 -9.148e+06 -5.204e+06 -4.822e+06  1.804e+06 -2.475e+06 -1.437e+07 -5.425e+06 -1.361e+07 -6.303e+06 -3.428e+06 -1.402e+07 -2.012e+07 -6.398e+06 -1.851e+06 -1.112e+06 -1.245e+07 -4.877e+06 -9.775e+05   1.15e+06  1.154e+06 -2.865e+06 -3.433e+05   4.33e+06  4.028e+06 -2.098e+06 -3.825e+05  9.332e+05 -1.335e+07 -3.718e+06 -8.276e+06  -8.35e+05 -5.068e+06  5.523e+05 -2.982e+06  4.968e+05 -9.283e+05  5.411e+05  5.832e+05  1.424e+06  1.947e+06  6.191e+04  1.036e+05  1.229e+06  6.321e+05 -2.015e+04  1.019e+06  9.978e+05    1.3e+06  7.475e+05  1.935e+06  2.406e+06  1.014e+06 -1.914e+07 -2.869e+06 -1.439e+07 -1.104e+07 -2.245e+06 -7.323e+06 -2.655e+06 -4.436e+06 -1.549e+07 -3.224e+06 -7.384e+06  -2.26e+06 -3.572e+04  9.172e+05  8.761e+05 -2.186e+06  3.243e+05 -1.388e+05  -4.33e+06 -2.075e+06 -1.066e+06 -5.873e+05 -1.563e+05  1.048e+06  2.296e+06   4.81e+05  2.136e+06  2.406e+06 -7.223e+05  1.701e+06 -6.586e+04  3.048e+06  1.468e+06 -2.389e+06 -2.266e+05  8.857e+05  2.535e+06  5.289e+06 -1.436e+06  2.051e+06  2.273e+06   1.04e+06 -7.598e+05  2.032e+06  1.643e+06  2.519e+06  4.977e+06  4.384e+06  3.081e+06  1.111e+06
