
 72

((monodelphis_domestica: 0.025253, (notamacropus_eugenii: 0.022051, sarcophilus_harrisii: 0.026602): 0.005352): 0.045182, (((choloepus_hoffmanni: 0.026265, dasypus_novemcinctus: 0.031912): 0.010511, (echinops_telfairi: 0.052150, (procavia_capensis: 0.030637, loxodonta_africana: 0.021156): 0.005812): 0.008961): 0.001117, (((sorex_araneus: 0.052949, erinaceus_europaeus: 0.047901): 0.008920, ((sus_scrofa: 0.019822, (vicugna_pacos: 0.023315, (tursiops_truncatus: 0.016930, (bos_taurus: 0.005753, (ovis_aries: 0.004487, capra_hircus: 0.002224): 0.004046): 0.016184): 0.003029): 0.000480): 0.007767, ((pteropus_vampyrus: 0.023219, myotis_lucifugus: 0.035915): 0.006218, (equus_caballus: 0.021191, ((felis_catus: 0.001428, (panthera_tigris_altaica: 0.001674, panthera_pardus: 0.000623): 0.001051): 0.011228, (canis_familiaris: 0.013975, (mustela_putorius_furo: 0.014047, ailuropoda_melanoleuca: 0.011527): 0.002458): 0.002919): 0.008050): 0.000605): 0.000417): 0.001205): 0.003802, ((tupaia_belangeri: 0.034056, ((oryctolagus_cuniculus: 0.022550, ochotona_princeps: 0.036179): 0.016436, (ictidomys_tridecemlineatus: 0.023639, (((fukomys_damarensis: 0.016205, heterocephalus_glaber_female: 0.013736): 0.006079, ((cavia_porcellus: 0.001006, cavia_aperea: 0.005106): 0.020209, (chinchilla_lanigera: 0.012520, octodon_degus: 0.020617): 0.002724): 0.004459): 0.018884, (dipodomys_ordii: 0.041581, (jaculus_jaculus: 0.035456, (nannospalax_galili: 0.023280, (((mesocricetus_auratus: 0.011127, cricetulus_griseus_chok1gshd: 0.007982): 0.005012, (peromyscus_maniculatus_bairdii: 0.012061, microtus_ochrogaster: 0.014566): 0.000899): 0.003854, ((mus_pahari: 0.005674, (mus_caroli: 0.002752, (mus_musculus: 0.001309, mus_spretus: 0.001485): 0.001527): 0.002589): 0.005640, rattus_norvegicus: 0.013016): 0.009263): 0.013326): 0.006327): 0.006500): 0.003458): 0.001179): 0.003960): 0.002062): 0.000638, ((otolemur_garnettii: 0.023588, (propithecus_coquereli: 0.007719, microcebus_murinus: 0.010394): 0.006277): 0.006062, (carlito_syrichta: 0.027107, (((aotus_nancymaae: 0.005295, callithrix_jacchus: 0.005908): 0.000225, (saimiri_boliviensis_boliviensis: 0.005168, cebus_capucinus: 0.004492): 0.000688): 0.006827, (((chlorocebus_sabaeus: 0.001979, ((papio_anubis: 0.001196, (cercocebus_atys: 0.001472, mandrillus_leucophaeus: 0.001187): 0.000221): 0.000258, (macaca_nemestrina: 0.000855, (macaca_mulatta: 0.000735, macaca_fascicularis: 0.000349): 0.000204): 0.000705): 0.000520): 0.000853, (colobus_angolensis_palliatus: 0.002476, (rhinopithecus_roxellana: 0.000512, rhinopithecus_bieti: 0.000973): 0.001832): 0.001082): 0.003288, (nomascus_leucogenys: 0.005023, (pongo_abelii: 0.004076, (gorilla_gorilla: 0.001924, ((pan_troglodytes: 0.000597, pan_paniscus: 0.000820): 0.000813, homo_sapiens: 0.001406): 0.000314): 0.001436): 0.000479): 0.001669): 0.003084): 0.009688): 0.001784): 0.003037): 0.003776): 0.003650): 0.058573, ornithorhynchus_anatinus: 0.145465);

  0.045182  0.025253  0.005352  0.022051  0.026602  0.058573  0.001117  0.010511  0.026265  0.031912  0.008961  0.052150  0.005812  0.030637  0.021156  0.003650  0.003802  0.008920  0.052949  0.047901  0.001205  0.007767  0.019822  0.000480  0.023315  0.003029  0.016930  0.016184  0.005753  0.004046  0.004487  0.002224  0.000417  0.006218  0.023219  0.035915  0.000605  0.021191  0.008050  0.011228  0.001428  0.001051  0.001674  0.000623  0.002919  0.013975  0.002458  0.014047  0.011527  0.003776  0.000638  0.034056  0.002062  0.016436  0.022550  0.036179  0.003960  0.023639  0.001179  0.018884  0.006079  0.016205  0.013736  0.004459  0.020209  0.001006  0.005106  0.002724  0.012520  0.020617  0.003458  0.041581  0.006500  0.035456  0.006327  0.023280  0.013326  0.003854  0.005012  0.011127  0.007982  0.000899  0.012061  0.014566  0.009263  0.005640  0.005674  0.002589  0.002752  0.001527  0.001309  0.001485  0.013016  0.003037  0.006062  0.023588  0.006277  0.007719  0.010394  0.001784  0.027107  0.009688  0.006827  0.000225  0.005295  0.005908  0.000688  0.005168  0.004492  0.003084  0.003288  0.000853  0.001979  0.000520  0.000258  0.001196  0.000221  0.001472  0.001187  0.000705  0.000855  0.000204  0.000735  0.000349  0.001082  0.002476  0.001832  0.000512  0.000973  0.001669  0.005023  0.000479  0.004076  0.001436  0.001924  0.000314  0.000813  0.000597  0.000820  0.001406  0.145465

 -16.021307 15.787702  2.056530  8.346860  6.622485  3.079267  0.074423 -8.589643 -1.996473 13.916883 34.226728 -8.019560  3.000049 17.078759 17.802787 34.407857  7.682146 -11.021679 -6.934401 -8.923052 21.636498 18.002343 18.191354 -23.309140 10.830227  6.091024  2.637556 19.887840 21.760887 21.389755 23.920794 21.967601 10.482324 -33.338924  8.592181  9.655620 -56.068928 19.607931 16.537539 26.100620 61.751642 17.546296 55.748754 42.237104 32.389990 26.948396 10.628202 21.399215  1.233751  5.214345 -27.028373  3.944849 26.060547  1.997453 19.436140 14.686471 19.295104 12.500865  3.051141 15.429351 10.756574  8.284899 18.429191 37.606772 18.001878 72.402706 35.544056 -6.260062 18.083392 13.943145  0.556868  4.417069 11.270249 -0.629602  2.794912 11.649718 21.120339  6.011803  7.172487 29.382259 50.022515 13.082630 43.673806 39.655499 37.870679 31.450338 42.988100 104.893354 41.385824 35.243295 40.924642 40.229259 47.585864 80.853986 23.864822 34.137991 31.004674 34.546184 32.408457 -5.317681 27.419920 35.235158 30.266235 -4.581077 38.983644 37.052609 22.187474 34.893290 38.662492 39.849476 43.034597 99.548012 118.007159 114.530320 95.361434 129.894532 162.256354 124.781177 121.077215 118.678613 133.437538 94.342360 113.128391 127.453520 96.138893 124.637655 115.700472 110.212185 120.935688 106.421569 36.455099 77.784043  6.678299 119.986934 122.884357 107.757409 100.631393 117.499960 121.010006  8.890940  2.796899


Hessian

 -3.319e+07 -1.523e+06 -5.744e+06 -1.438e+06 -8.265e+05 -1.595e+07  8.727e+05  1.193e+06  6.991e+05   1.46e+06  1.149e+06  9.371e+05  1.297e+06  1.209e+06  1.559e+06 -4.269e+05  9.574e+05  9.499e+05  7.279e+05   7.88e+05  4.946e+05  1.736e+06  1.556e+06  1.835e+06  9.576e+05  1.724e+06  1.918e+06  1.579e+06  1.933e+06  1.943e+06  2.194e+06  2.337e+06  6.317e+04  1.482e+06  1.604e+06  1.499e+06  8.776e+05  1.471e+06  1.193e+06  1.543e+06  1.479e+06  1.542e+06  2.083e+06  2.004e+06   1.16e+06    1.3e+06  1.488e+06  1.555e+06  1.671e+06  8.813e+05  6.307e+05  9.405e+05  9.426e+05  1.357e+06  1.544e+06  1.094e+06   8.19e+05  1.132e+06  6.088e+05  1.461e+06  1.717e+06  1.744e+06  1.709e+06  1.496e+06   1.46e+06  1.962e+06  2.008e+06  1.626e+06  1.733e+06  1.576e+06  1.024e+06  1.199e+06  1.206e+06  1.245e+06  1.053e+06  1.227e+06  1.241e+06  1.368e+06  1.417e+06  1.653e+06  1.311e+06  1.782e+06  1.431e+06  1.285e+06  1.398e+06  1.487e+06  1.434e+06  1.847e+06  1.755e+06  1.635e+06   2.08e+06  1.797e+06  1.764e+06  9.475e+05  1.173e+06  1.347e+06  1.592e+06  1.726e+06  1.558e+06   8.67e+05  1.271e+06  1.056e+06   1.48e+06  2.038e+06  2.191e+06  1.668e+06  1.905e+06  1.768e+06  1.777e+06  1.197e+06  1.458e+06  1.713e+06  1.925e+06  2.387e+06  3.056e+06   2.34e+06  3.091e+06  2.814e+06  2.178e+06  1.434e+06  2.623e+06  2.463e+06  2.889e+06  2.473e+06  1.903e+06  1.848e+06  1.507e+06  1.981e+06  2.539e+06  1.333e+06  1.991e+06  1.291e+06  1.873e+06  1.539e+06  2.195e+06  1.424e+06  2.257e+06   2.65e+06  2.394e+06  2.476e+06 -1.596e+05
 -1.523e+06 -9.552e+07 -3.029e+07  -5.05e+06 -5.434e+06 -3.477e+05  2.221e+06  1.795e+06  8.399e+05  1.715e+06    1.9e+06  1.301e+06  1.863e+06  1.455e+06  1.725e+06  1.798e+06  2.195e+06  1.544e+06  1.014e+06  1.097e+06  2.075e+06  2.672e+06   1.74e+06  2.551e+06   1.13e+06  2.205e+06  1.917e+06  2.006e+06  1.337e+06  1.679e+06  1.877e+06  1.188e+06  1.541e+06  2.518e+06  1.951e+06  1.824e+06  2.645e+06  1.832e+06  1.877e+06  1.896e+06  1.413e+06  1.753e+06  1.638e+06  2.902e+06  1.658e+06  1.555e+06  1.634e+06  1.837e+06  1.843e+06  1.879e+06  1.987e+06  1.135e+06  2.324e+06  2.034e+06  1.622e+06  1.583e+06  2.236e+06  1.502e+06  2.236e+06  2.138e+06  1.876e+06  1.599e+06  1.947e+06  2.152e+06  1.741e+06  2.202e+06  1.367e+06  1.839e+06   1.94e+06  1.626e+06  2.142e+06  1.517e+06  2.013e+06  1.512e+06  1.741e+06  1.424e+06  1.992e+06  1.409e+06  1.323e+06  1.386e+06   1.15e+06  1.879e+06  1.435e+06  1.638e+06   1.72e+06  1.428e+06   1.52e+06  1.477e+06  1.245e+06  1.459e+06  1.685e+06  2.187e+06  1.722e+06  1.584e+06  1.974e+06  1.591e+06  2.113e+06  1.853e+06  1.913e+06  2.429e+06  1.741e+06  2.177e+06  2.053e+06  1.974e+06  2.064e+06  2.001e+06   2.73e+06  1.669e+06  1.966e+06  1.987e+06  1.735e+06  1.678e+06  1.155e+06  1.279e+06 -7.876e+05  1.729e+06  2.814e+05  2.371e+06  1.325e+06  1.736e+06   1.36e+06  5.972e+05  1.577e+06  1.808e+06  1.091e+06  2.005e+06  1.341e+06  7.734e+05  2.315e+06  2.089e+06  2.247e+06  1.273e+06  1.555e+06  1.909e+06  1.683e+06  1.876e+06  2.077e+06  1.937e+06  8.305e+05  2.006e+06  2.974e+05
 -5.744e+06 -3.029e+07 -2.192e+08 -1.701e+07 -2.091e+07  -3.04e+06  2.319e+06   1.96e+06  8.555e+05  1.863e+06  1.802e+06   1.44e+06  1.959e+06  1.596e+06  1.914e+06  1.659e+06  2.516e+06  1.639e+06   1.04e+06  1.186e+06  2.174e+06  2.551e+06  2.155e+06  3.251e+06  1.182e+06  3.045e+06  2.113e+06  2.216e+06  1.848e+06  1.944e+06  1.713e+06  2.041e+06  2.385e+06  2.723e+06  2.093e+06  1.933e+06  2.279e+06   2.13e+06  1.896e+06  1.736e+06  2.019e+06  1.762e+06  2.042e+06  2.755e+06  1.569e+06  1.678e+06  1.364e+06  2.139e+06  2.035e+06  2.075e+06  2.988e+06  1.474e+06  2.433e+06  2.348e+06   2.18e+06  1.561e+06  2.291e+06  1.659e+06  1.498e+06  2.227e+06  2.293e+06   2.06e+06  2.014e+06  2.287e+06  2.044e+06  2.192e+06  1.795e+06  1.699e+06  2.368e+06  2.099e+06  2.236e+06  1.643e+06  2.245e+06  1.703e+06  2.137e+06   1.51e+06  2.255e+06  1.636e+06  1.741e+06  1.768e+06  1.166e+06  2.041e+06  1.541e+06  2.025e+06  1.893e+06  1.881e+06  1.871e+06  2.062e+06  1.849e+06  2.075e+06  1.625e+06  1.843e+06  2.078e+06  1.752e+06  2.389e+06  1.732e+06  2.218e+06  2.109e+06  2.031e+06  1.831e+06  1.707e+06  2.175e+06  2.247e+06  2.671e+06  2.023e+06  2.097e+06   2.55e+06  2.057e+06   1.95e+06  1.657e+06  1.692e+06  2.141e+06  2.235e+06  2.091e+06  2.719e+05  2.834e+06  2.338e+06  2.248e+06  2.808e+06  3.004e+06  2.477e+06  1.273e+06  2.368e+06  2.701e+06  1.413e+06  2.043e+06  1.692e+06  2.051e+06  2.585e+06  1.874e+06  2.615e+06 -1.898e+05  2.304e+06  1.434e+06  1.926e+06  1.359e+06  2.267e+06  2.009e+06  2.388e+06  2.083e+06  3.036e+05
 -1.438e+06  -5.05e+06 -1.701e+07 -9.567e+07 -5.816e+06 -7.693e+05  2.232e+06  1.646e+06  5.925e+05  1.544e+06  1.771e+06  1.114e+06  1.549e+06  9.608e+05  1.506e+06  1.276e+06  2.134e+06  1.231e+06  9.538e+05  9.482e+05  2.034e+06  2.062e+06  1.589e+06  1.061e+06  7.575e+05  2.147e+06  1.355e+06  1.593e+06  1.639e+06  1.951e+06  1.688e+06  1.846e+06   1.87e+06  1.742e+06  1.267e+06   1.61e+06  2.277e+06  1.526e+06  1.848e+06  1.745e+06   1.38e+06  1.693e+06  1.526e+06  1.445e+06   1.89e+06  1.216e+06  1.331e+06  1.759e+06  1.596e+06  1.887e+06  1.318e+06  1.022e+06  2.028e+06  1.873e+06  1.597e+06  1.082e+06  1.757e+06  1.437e+06    1.9e+06  2.011e+06  1.806e+06  1.368e+06  1.524e+06  1.655e+06  1.549e+06  1.917e+06  1.158e+06  1.803e+06  1.549e+06  1.461e+06  1.987e+06   1.37e+06  1.732e+06   1.18e+06  1.723e+06  1.189e+06  1.918e+06  1.665e+06  1.385e+06  1.433e+06  1.089e+06  1.232e+06  1.652e+06  1.545e+06  1.839e+06  1.847e+06  1.841e+06  1.502e+06   1.44e+06  1.598e+06   2.65e+06  1.799e+06  1.625e+06  1.631e+06  2.057e+06  1.336e+06  1.643e+06  1.567e+06  1.501e+06  1.889e+06  1.345e+06  1.592e+06   1.39e+06  2.812e+06  1.594e+06  1.385e+06  1.969e+06  1.548e+06  1.597e+06  1.031e+06  1.227e+06  1.863e+06  9.314e+05  2.194e+06  1.683e+06    9.3e+05  1.762e+06  1.892e+06  1.827e+06  1.694e+06  1.484e+06  1.089e+06  1.993e+06  3.926e+05   1.86e+06  1.633e+06  1.241e+06  1.491e+06  1.908e+06   9.91e+05  1.494e+06  1.387e+05  1.062e+06  5.209e+05  1.841e+06  2.589e+06  1.085e+06  1.458e+06  1.352e+06  1.327e+06  3.471e+05
 -8.265e+05 -5.434e+06 -2.091e+07 -5.816e+06 -8.759e+07       3773   2.47e+06  2.022e+06  9.083e+05  1.743e+06  2.275e+06  1.329e+06  1.901e+06  1.685e+06  1.253e+06  1.776e+06  2.749e+06  1.571e+06  1.001e+06  1.056e+06  2.711e+06  2.634e+06  1.917e+06  3.064e+06  1.114e+06  2.646e+06   1.98e+06  2.419e+06  1.663e+06  1.674e+06   1.22e+06  1.629e+06   2.25e+06   2.62e+06  1.959e+06  1.574e+06  2.818e+06  1.852e+06  2.219e+06  2.147e+06  2.116e+06    1.7e+06  1.295e+06  2.052e+06  1.427e+06  1.534e+06  1.346e+06  1.583e+06  1.679e+06    2.6e+06   2.35e+06  1.349e+06  2.882e+06  2.107e+06  1.681e+06   1.46e+06  2.308e+06  1.656e+06   2.69e+06  2.575e+06  1.991e+06  1.771e+06  1.947e+06  2.024e+06  1.838e+06  1.043e+06  8.129e+05   2.35e+06  1.953e+06  1.728e+06  2.374e+06  1.517e+06  2.291e+06  1.516e+06  2.048e+06  1.603e+06  2.151e+06  1.918e+06  1.782e+06  1.648e+06  1.627e+06  2.076e+06  1.507e+06  1.618e+06  2.207e+06  1.848e+06  1.906e+06  2.019e+06  1.942e+06  1.075e+06  1.923e+06   1.59e+06  1.705e+06  2.406e+06  2.487e+06  1.531e+06  2.261e+06  2.074e+06  1.813e+06   2.38e+06  1.641e+06  2.334e+06  1.976e+06  2.118e+06  1.835e+06  1.758e+06  1.607e+06  1.789e+06   1.92e+06  1.962e+06  1.693e+06  1.835e+06  9.798e+05  1.925e+06  1.334e+06  2.147e+06   1.57e+06  1.249e+06  1.715e+06  2.069e+06  2.707e+06  2.063e+06  1.667e+06  1.122e+06  1.438e+06  2.046e+06  1.435e+06  1.014e+06  2.295e+06  1.933e+06  1.967e+06  1.114e+06  1.875e+06  2.007e+06  2.193e+06  2.023e+06  1.928e+06  1.929e+06  1.769e+06   2.49e+06  3.478e+05
 -1.595e+07 -3.477e+05  -3.04e+06 -7.693e+05       3773 -3.002e+07  1.652e+05  8.827e+05  6.632e+05  1.266e+06  6.939e+05  7.851e+05   1.07e+06  1.111e+06  1.455e+06 -1.679e+06  3.104e+05  6.225e+05  5.612e+05  6.137e+05 -1.932e+05  1.161e+06  1.347e+06  1.469e+06  8.379e+05  1.478e+06  1.762e+06  1.258e+06  1.958e+06  1.857e+06  2.073e+06  2.422e+06 -7.554e+05  1.101e+06  1.547e+06  1.246e+06  5.371e+04  1.177e+06  8.699e+05  1.399e+06  1.314e+06  1.336e+06  2.186e+06  1.942e+06  7.287e+05  1.275e+06  1.081e+06  1.375e+06  1.503e+06  2.888e+05 -1.183e+04  8.072e+05  1.433e+05  1.021e+06  1.309e+06  9.619e+05  2.297e+05  9.999e+05 -8.339e+04  1.128e+06  1.545e+06  1.622e+06  1.701e+06   1.27e+06  1.371e+06  2.264e+06  2.187e+06  1.393e+06  1.534e+06  1.492e+06  4.699e+05  1.083e+06  7.846e+05  1.111e+06  9.552e+05  1.196e+06  1.117e+06  1.226e+06  1.228e+06  1.636e+06  1.311e+06  1.407e+06  1.213e+06   1.25e+06  1.366e+06  1.261e+06  1.432e+06  1.638e+06  1.789e+06   1.82e+06  2.021e+06  1.881e+06  1.623e+06  5.201e+05  8.803e+05   1.27e+06  1.337e+06  1.684e+06  1.308e+06  3.834e+05  1.111e+06  7.875e+05  1.357e+06  1.623e+06  2.148e+06  1.487e+06  1.401e+06  1.731e+06  1.841e+06  1.075e+06  1.188e+06  1.452e+06  2.153e+06  2.243e+06  2.567e+06  2.285e+06  2.733e+06   2.58e+06  2.451e+06  1.397e+06  2.616e+06  2.223e+06  2.752e+06  2.225e+06  1.794e+06  1.855e+06  1.688e+06  1.746e+06  2.354e+06  1.166e+06  1.804e+06  9.884e+05  1.907e+06  1.343e+06  2.046e+06  9.166e+05  2.055e+06  2.294e+06  2.794e+06  2.396e+06 -2.976e+04
  8.727e+05  2.221e+06  2.319e+06  2.232e+06   2.47e+06  1.652e+05 -1.068e+09 -3.236e+07 -3.816e+06 -1.305e+07 -6.867e+07  -9.59e+05 -3.471e+07 -2.807e+06 -8.188e+06 -2.674e+08 -1.198e+07 -3.704e+06  -6.32e+05 -7.569e+05 -1.585e+07 -9.229e+06 -3.244e+06 -8.767e+06 -9.901e+05 -7.628e+06 -1.568e+06 -4.893e+06  5.429e+05 -4.074e+05   2.32e+06 -9.261e+05 -2.872e+07 -9.118e+06 -2.702e+06  -1.03e+06 -1.901e+07  -3.85e+06  -9.09e+06 -5.217e+06 -6.052e+05 -3.793e+06  1.002e+06 -5.257e+06 -8.382e+06  -2.72e+06  -6.17e+06 -2.398e+06 -1.606e+06 -1.465e+07 -1.447e+07 -2.221e+06 -1.549e+07  -4.62e+06 -6.183e+05 -1.006e+06 -9.899e+06  -2.38e+06 -1.439e+07 -4.726e+06 -1.557e+05   1.69e+06  1.288e+06  8.103e+04  3.421e+05  4.116e+06  3.309e+06  -6.85e+05  9.164e+05  1.004e+06 -7.435e+06 -6.512e+05 -4.098e+06  6.598e+05 -1.558e+06    8.9e+05  6.443e+05  6.431e+05  7.901e+05  1.734e+06  1.255e+06  1.703e+06  2.254e+05  1.293e+06  1.972e+06  1.474e+06  2.195e+06  2.319e+06  2.506e+06  2.911e+06  4.633e+06  1.791e+06   1.16e+06 -1.266e+07 -7.946e+06 -1.387e+06 -5.587e+06 -1.357e+06 -3.931e+06 -1.448e+07 -2.182e+06 -7.355e+06 -2.636e+06 -2.216e+06       5421  3.484e+05 -8.454e+05 -1.043e+06 -1.943e+05 -2.167e+06 -2.363e+06  6.959e+05  3.774e+05  1.666e+06  2.263e+06   3.45e+06  2.515e+06  4.001e+06  2.704e+06  8.099e+05  8.941e+04  4.408e+06  2.472e+06  1.372e+06 -1.309e+05   1.37e+06  4.774e+05  2.612e+06  3.609e+06 -3.258e+06  1.189e+06   3.58e+05  7.706e+05  1.406e+06 -9.164e+05  1.686e+06 -3.716e+06  3.277e+04  2.674e+06  1.081e+06  1.082e+06
  1.193e+06  1.795e+06   1.96e+06  1.646e+06  2.022e+06  8.827e+05 -3.236e+07 -1.509e+08 -1.094e+07 -3.992e+07  1.553e+04  4.575e+05  2.273e+05  6.258e+05  3.665e+05 -1.701e+07 -5.731e+06 -4.147e+05  2.327e+05  1.679e+05 -7.108e+06 -3.956e+06 -6.603e+05 -3.561e+06      -7209 -2.929e+06  2.652e+05 -6.254e+05  7.651e+05  3.929e+05  2.008e+06  1.718e+06 -1.036e+07 -2.374e+06 -4.658e+05  3.523e+05 -8.469e+06 -1.234e+06 -2.733e+06 -1.075e+06 -4.864e+05  6.666e+05  2.945e+06  1.112e+06 -2.392e+06 -5.974e+05 -2.703e+06 -2.196e+05  1.629e+05 -6.004e+06 -6.613e+06 -3.277e+05 -5.765e+06 -1.026e+06   3.38e+05  6.489e+05 -3.238e+06 -2.911e+05 -4.169e+06 -4.289e+05  6.023e+05  1.068e+06  1.298e+06  1.204e+06  1.147e+06  2.479e+06  2.401e+06  7.419e+05  1.206e+06  1.176e+06 -1.526e+06  5.606e+05 -4.451e+05  1.155e+06  5.095e+05  1.222e+06  1.275e+06  1.929e+06  1.823e+06   1.52e+06  1.865e+06  1.395e+06  1.428e+06  1.581e+06  2.009e+06  1.747e+06  1.889e+06  2.603e+06  1.498e+06  2.099e+06  2.802e+06  2.012e+06  1.811e+06 -6.013e+06 -2.857e+06  1.782e+05 -1.706e+06 -2.079e+05   -6.2e+05 -4.797e+06 -6.021e+04 -2.184e+06 -3.145e+05 -8.287e+05  1.422e+06   1.31e+06 -1.343e+05  7.694e+05  9.364e+05  -6.78e+05  2.299e+05 -7.407e+05   6.51e+05  9.922e+05  1.012e+06  7.017e+05  1.992e+06  1.516e+06  1.078e+06   6.32e+05  1.913e+06  1.404e+06  2.673e+06  1.215e+06  1.323e+06  4.157e+05  1.107e+06  2.868e+06  2.913e+06 -7.639e+05  1.625e+06  2.379e+05  1.086e+06  7.712e+05  1.999e+06  1.036e+06   2.44e+05  2.726e+06  2.586e+06  1.332e+06  8.288e+05
  6.991e+05  8.399e+05  8.555e+05  5.925e+05  9.083e+05  6.632e+05 -3.816e+06 -1.094e+07 -6.027e+07 -4.441e+04  2.021e+04  4.926e+05 -3.747e+04  2.098e+05  2.437e+05 -2.363e+06  -9.48e+05  4.609e+05  5.285e+05  4.105e+05 -1.447e+06 -4.909e+05  2.704e+05 -3.142e+05  1.642e+05 -3.944e+04  1.949e+04  4.798e+05  5.752e+05  8.156e+05  8.105e+05  6.043e+05 -3.143e+06 -1.202e+05 -7.776e+04  6.898e+05 -1.247e+06   7.93e+04 -3.567e+05  3.121e+05  1.317e+05  7.417e+05  8.424e+05 -1.427e+05   2.79e+05  4.077e+05  2.268e+05  4.401e+05  2.993e+05 -9.843e+05 -6.646e+05  2.715e+05 -5.541e+05  4.667e+05  7.063e+05  5.949e+05  -4.28e+05  3.033e+05  1.469e+05  5.712e+05  5.795e+05  7.414e+05  8.863e+05  5.394e+05  7.754e+05  1.078e+06  1.186e+06  1.057e+06  8.168e+05  8.917e+05  4.172e+05  7.443e+05   5.45e+05  8.705e+05  7.663e+05  8.089e+05  1.033e+06  1.184e+06   1.18e+06  1.097e+06  1.185e+06  1.209e+06  1.036e+06   1.01e+06  1.496e+06  1.362e+06  1.116e+06  1.129e+06  1.149e+06  1.435e+06  1.092e+06  1.461e+06  1.227e+06 -1.374e+06 -2.986e+05  4.848e+05  4.596e+04  4.178e+05  2.445e+05 -3.531e+05  5.398e+05 -2.561e+05  1.384e+05 -6.351e+05  4.327e+05  4.651e+05  -7.83e+04  3.288e+05  8.231e+05   3.72e+04  2.534e+05  2.667e+05       9313  6.748e+05  8.541e+05  5.253e+05  2.055e+05  1.319e+06  1.093e+06  1.897e+05  6.995e+05  9.344e+04  6.118e+05  7.172e+05 -3.114e+05  5.761e+05  1.763e+05  9.927e+05  7.825e+05 -3.763e+05  6.462e+05 -2.756e+05  1.288e+05 -5.269e+04  1.069e+06  -7.68e+05  8.519e+05  6.263e+04  7.715e+05  4.213e+05  4.824e+05
   1.46e+06  1.715e+06  1.863e+06  1.544e+06  1.743e+06  1.266e+06 -1.305e+07 -3.992e+07 -4.441e+04 -7.813e+07  6.286e+05  6.951e+05  8.075e+05  8.152e+05  7.596e+05 -6.747e+06 -2.689e+06  1.514e+05  3.491e+05  5.493e+05 -3.355e+06  -1.88e+06  2.504e+05 -1.015e+06  4.448e+05 -6.086e+05  9.539e+05 -9.734e+04  9.507e+05  7.258e+05  1.477e+06  1.286e+06 -5.943e+06 -9.624e+05   3.96e+05  5.079e+05 -4.498e+06  1.488e+05 -7.787e+05 -1.838e+05  5.881e+05   7.68e+05  2.001e+06   1.59e+06 -5.374e+05  9.175e+04 -8.297e+05  9.432e+04  2.372e+05 -2.554e+06 -2.833e+06  3.005e+05 -2.678e+06 -2.259e+05  6.483e+05  8.752e+05 -1.024e+06  6.574e+05 -1.733e+06  3.255e+05  1.252e+06  1.375e+06   1.58e+06  1.377e+06  1.419e+06  1.918e+06  1.563e+06  1.445e+06  1.297e+06  1.351e+06 -6.891e+04   7.84e+05  7.471e+05  1.377e+06  1.519e+06  1.528e+06  1.958e+06  2.199e+06  2.121e+06  1.364e+06  2.159e+06  2.089e+06  1.515e+06  1.864e+06  2.204e+06  2.006e+06      2e+06  2.467e+06   2.45e+06  1.955e+06  2.537e+06  2.443e+06  1.679e+06 -2.563e+06     -9e+05  8.949e+05 -4.742e+05  6.848e+05 -1.406e+05 -2.007e+06  4.736e+05 -4.597e+05  5.711e+05  6.114e+05  1.361e+06  1.236e+06  8.057e+05  1.161e+06  1.367e+06  8.371e+05  7.811e+05  6.782e+05    1.1e+06  1.182e+06  1.704e+06  1.674e+06  1.153e+06  1.804e+06   1.17e+06   1.51e+06  2.558e+06  6.951e+05  1.156e+06  1.939e+05  1.782e+06  1.114e+06  1.191e+06  1.639e+06  2.474e+06  9.063e+05  1.505e+06   8.66e+05  1.696e+06   1.56e+06  2.153e+06  4.348e+05   1.32e+06   2.29e+06  1.785e+06  1.428e+06  7.148e+05
  1.149e+06    1.9e+06  1.802e+06  1.771e+06  2.275e+06  6.939e+05 -6.867e+07  1.553e+04  2.021e+04  6.286e+05 -2.465e+08  -2.94e+06 -8.115e+07 -4.431e+06 -1.559e+07 -3.596e+07 -7.332e+06 -2.521e+06 -5.299e+05 -5.155e+05 -9.187e+06  -7.29e+06 -1.606e+06  -6.15e+06 -2.831e+05 -4.957e+06  3.633e+05 -2.949e+06  1.574e+05 -1.579e+05  2.646e+06  1.952e+06 -1.395e+07 -5.884e+06 -1.726e+06 -4.527e+05 -1.017e+07 -2.044e+06  -5.45e+06 -2.664e+06  1.236e+05 -1.937e+05  2.829e+06  2.044e+05 -4.702e+06 -1.183e+06 -3.769e+06 -1.543e+06  2.207e+05 -8.233e+06 -1.285e+07 -1.354e+06  -1.22e+07 -3.287e+06 -1.513e+05 -1.386e+05 -8.907e+06 -1.753e+06 -9.866e+06 -2.468e+06  6.047e+05  1.397e+06  1.484e+06 -7.572e+05  7.329e+05  3.938e+06  3.614e+06 -2.402e+05  5.809e+05  7.488e+05 -5.513e+06  -2.93e+05 -3.303e+06  3.706e+05 -1.933e+06  1.038e+06 -1.854e+05  2.471e+05  6.482e+05  1.739e+06  1.646e+06 -3.153e+05  5.141e+05  9.026e+05  5.495e+05  8.534e+05   1.96e+06  1.406e+06  1.839e+06  1.788e+06  2.848e+06  3.058e+06  1.578e+06 -7.879e+06 -5.432e+06 -8.559e+05 -3.165e+06 -7.115e+05 -1.744e+06 -8.795e+06 -1.141e+06 -4.341e+06 -1.371e+06 -1.034e+06  1.657e+06  1.172e+06 -1.797e+06  1.263e+05  4.026e+05 -1.492e+06 -9.263e+05 -1.241e+06  1.233e+06  3.132e+05  -6.25e+05  2.096e+06  2.711e+06  2.834e+06  2.587e+06  1.691e+06  1.596e+06  4.234e+06  3.426e+06  3.835e+06  5.366e+05  1.865e+06  1.785e+06  2.333e+06   3.46e+06  -1.91e+06  1.903e+06 -2.849e+06  1.834e+06   6.37e+05  1.789e+06  2.616e+06  4.878e+05  2.674e+06   2.15e+06  1.634e+06  9.243e+05
  9.371e+05  1.301e+06   1.44e+06  1.114e+06  1.329e+06  7.851e+05  -9.59e+05  4.575e+05  4.926e+05  6.951e+05  -2.94e+06 -4.045e+07 -7.481e+05 -1.156e+05  5.004e+05 -1.064e+06 -7.046e+05 -6.218e+05       3777  2.086e+05 -5.186e+05 -4.521e+05  2.759e+05 -1.556e+05  3.535e+05  4.008e+05  8.097e+05   1.54e+05  1.315e+06  7.137e+05  1.542e+06  1.141e+06 -1.604e+06 -1.413e+05  5.311e+05  3.727e+05 -4.894e+05  4.677e+05 -1.767e+05  2.865e+05  7.274e+05  6.247e+05  1.768e+06  1.669e+06 -1.578e+05  6.206e+05 -2.246e+05  5.231e+05   8.71e+05 -5.793e+05 -2.715e+06  6.845e+04 -1.274e+06 -2.954e+05  3.945e+05  3.609e+05 -7.536e+05  4.497e+05 -1.148e+06  1.286e+05  7.896e+05  1.101e+06  1.253e+06  6.054e+05  1.025e+06   1.62e+06  1.637e+06   8.13e+05   7.14e+05  7.964e+05 -3.627e+05  5.659e+05 -7.127e+04  6.646e+05  4.444e+05  9.093e+05  6.811e+05  8.779e+05   1.13e+06   1.08e+06  1.261e+06  4.572e+05  6.934e+05  9.228e+05  8.428e+05  7.307e+05  9.779e+05   6.24e+05  8.866e+05  1.186e+06  1.064e+06  9.654e+05  1.024e+06 -4.787e+04  1.911e+05  7.579e+05  3.515e+05  1.096e+06  4.879e+05 -6.395e+05  3.115e+05  2.025e+05  8.445e+05  1.048e+06  1.374e+06  1.178e+06  2.943e+05  8.059e+05  1.293e+06  7.983e+05  7.919e+05  7.316e+05  1.603e+06   5.49e+05  1.634e+06  1.122e+06  1.819e+06  2.108e+06   1.29e+06  1.593e+06  1.902e+06  1.337e+06  1.242e+06  1.422e+06  1.526e+06  1.415e+06  1.244e+06  2.088e+06  1.867e+06   1.09e+06  1.646e+06  3.147e+05  1.384e+06  1.316e+06  1.479e+06  1.138e+06  2.032e+06  1.602e+06   1.29e+06  9.334e+05  5.313e+05
  1.297e+06  1.863e+06  1.959e+06  1.549e+06  1.901e+06   1.07e+06 -3.471e+07  2.273e+05 -3.747e+04  8.075e+05 -8.115e+07 -7.481e+05 -2.676e+08 -1.138e+07 -3.572e+07 -1.919e+07 -4.524e+06 -4.674e+05  2.675e+05    1.5e+05 -8.161e+06 -4.981e+06 -9.485e+05 -5.275e+06 -2.071e+05  -2.93e+06  2.725e+05  -1.38e+06   -3.4e+04 -3.747e+05  2.866e+06   2.25e+06 -1.063e+07 -3.497e+06 -7.576e+05  3.875e+05 -9.848e+06 -2.156e+06 -3.727e+06 -1.604e+06  5.784e+05 -1.216e+05    2.5e+06  -1.21e+06 -3.197e+06 -3.038e+05 -2.319e+06 -6.578e+05  8.851e+04 -5.452e+06 -8.357e+06 -3.878e+05 -7.805e+06 -1.379e+06  4.623e+05  4.349e+05 -5.417e+06 -8.675e+05 -6.892e+06 -1.058e+06  3.343e+05  1.405e+06  1.328e+06  -1.28e+05  1.017e+06  2.626e+06  3.082e+06   5.04e+05  3.257e+05  1.039e+06 -2.556e+06  5.535e+05 -1.083e+06  8.458e+05 -6.587e+05  1.286e+06  4.056e+05  3.588e+05  1.268e+06  1.782e+06  1.337e+06  1.707e+05  1.288e+06  9.758e+05  9.883e+05  1.196e+06  1.783e+06  1.963e+06  1.993e+06  2.335e+06  1.354e+06  9.314e+05  1.917e+06 -6.389e+06 -3.695e+06 -3.277e+05 -2.332e+06 -2.876e+05 -1.863e+05 -6.285e+06 -2.401e+05 -3.015e+06 -1.164e+06  1.111e+06  1.227e+06  7.576e+05 -3.513e+05  2.661e+05  4.967e+05  -1.91e+06 -1.734e+06 -1.311e+06   4.67e+05 -6.416e+05 -2.795e+05  9.195e+05 -1.367e+06  1.997e+06  1.262e+06  1.398e+06  1.999e+06  4.193e+06  2.292e+06  2.089e+06  3.353e+05  1.255e+06  8.079e+05  2.093e+06  3.203e+06 -2.314e+06  1.152e+06 -3.749e+06  1.474e+06 -4.226e+04  1.477e+06 -8.702e+05  1.003e+06  2.378e+06  2.596e+06   1.79e+06   8.97e+05
  1.209e+06  1.455e+06  1.596e+06  9.608e+05  1.685e+06  1.111e+06 -2.807e+06  6.258e+05  2.098e+05  8.152e+05 -4.431e+06 -1.156e+05 -1.138e+07 -8.167e+07 -1.126e+06 -1.989e+06 -7.137e+05  2.135e+05  4.296e+05  4.361e+05 -7.374e+05 -1.422e+06  1.845e+05 -1.847e+06 -6.061e+04 -6.632e+05  6.642e+04  -3.36e+05  5.034e+05  3.659e+05  1.904e+06  9.283e+05 -1.681e+06 -7.481e+05 -1.225e+05  8.239e+05 -2.491e+06 -8.108e+04 -8.339e+05 -1.357e+05 -4.826e+05 -2.318e+05  1.971e+06  9.728e+04 -6.319e+05  6.646e+05 -5.362e+05    1.4e+05    8.1e+05 -3.595e+05 -2.688e+06  2.314e+05 -1.956e+06 -7.272e+04  7.091e+05  2.579e+05 -1.002e+06  3.099e+05 -2.459e+06       5837  5.732e+05  1.202e+06  9.645e+05  4.896e+05  7.305e+05  1.961e+06  1.977e+06  4.859e+05  6.455e+05  8.291e+05 -5.303e+05  7.846e+05 -7.423e+04  6.639e+05  5.112e+05  7.744e+05  5.246e+05  9.605e+05  1.102e+06  1.096e+06  1.388e+06   5.43e+05  9.983e+05  9.905e+05  1.018e+06  9.578e+05  1.172e+06  1.401e+06  1.207e+06  1.633e+06  5.743e+05  7.763e+05  1.062e+06 -8.875e+05  -8.41e+05  3.819e+05 -2.634e+05  3.967e+05  5.448e+05 -1.258e+06  3.692e+05 -5.984e+05  9.525e+04 -1.036e+06  9.725e+05  9.929e+05 -2.179e+05  4.608e+05  7.483e+05  -1.42e+05  2.395e+05 -5.732e+04  2.092e+05 -5.499e+05  1.157e+06  9.526e+05  1.291e+06  2.208e+06  1.363e+06  1.054e+06  2.725e+06  2.383e+06  2.178e+06 -1.476e+05  3.865e+05  1.028e+06  1.023e+06  8.754e+05  2.653e+06 -3.518e+05  1.619e+06 -9.179e+05  3.804e+05  9.298e+04    1.1e+06  7.964e+05  8.588e+05  2.219e+06  1.421e+06  1.076e+06  6.638e+05
  1.559e+06  1.725e+06  1.914e+06  1.506e+06  1.253e+06  1.455e+06 -8.188e+06  3.665e+05  2.437e+05  7.596e+05 -1.559e+07  5.004e+05 -3.572e+07 -1.126e+06 -1.325e+08 -4.747e+06 -2.391e+05  1.076e+06  9.285e+05  9.011e+05 -2.285e+06 -2.461e+05  4.843e+05 -3.983e+05  4.615e+05  3.454e+05  7.641e+05  5.662e+05  5.288e+05  3.831e+05  3.689e+05  5.957e+05 -3.898e+06  2.097e+05  9.374e+05   4.92e+05 -3.159e+06 -9.477e+05 -5.741e+04  3.205e+05  1.501e+06  -8.33e+04  1.318e+06  6.594e+05  -3.33e+05  8.015e+05 -3.821e+05  6.596e+05 -3.608e+05 -1.674e+06 -2.694e+06  6.354e+05 -1.063e+06  1.114e+06  9.895e+05  1.332e+06 -6.401e+05  5.573e+05 -1.375e+06  9.494e+05  1.429e+06  1.424e+06   1.52e+06  1.216e+06  1.488e+06  2.154e+06  1.149e+06  1.484e+06  1.031e+06  1.503e+06  3.531e+05  1.285e+06  8.379e+05  1.426e+06  7.423e+05  1.532e+06  1.727e+06  2.292e+06  2.068e+06   1.59e+06  2.215e+06  1.537e+06  1.676e+06  1.887e+06  1.974e+06  1.665e+06  2.317e+06  2.747e+06  3.103e+06  1.802e+06   1.42e+06  2.869e+06  1.902e+06 -1.553e+06 -4.417e+04  6.143e+05 -1.175e+05  4.461e+05  1.037e+06 -1.168e+06  7.261e+05 -9.655e+04  7.316e+05  -7.35e+05  6.168e+05  7.799e+05  6.908e+05   5.33e+05   5.76e+05 -3.843e+05  6.606e+05 -1.502e+05  1.439e+05 -2.708e+04 -5.612e+05 -1.312e+04  8.523e+05  1.533e+06 -3.362e+05  4.793e+05  2.757e+05  5.038e+05 -7.418e+05  8.381e+05  1.243e+06  5.496e+05   1.51e+06  5.152e+05  1.109e+06 -1.887e+05  5.754e+05 -1.487e+06    1.1e+06  1.317e+06  1.777e+06  2.039e+05  2.117e+05  4.566e+05  1.382e+06  1.225e+06  8.173e+05
 -4.269e+05  1.798e+06  1.659e+06  1.276e+06  1.776e+06 -1.679e+06 -2.674e+08 -1.701e+07 -2.363e+06 -6.747e+06 -3.596e+07 -1.064e+06 -1.919e+07 -1.989e+06 -4.747e+06 -6.578e+08 -1.614e+07 -2.949e+06 -6.648e+05 -6.531e+05 -1.717e+07 -7.315e+06 -2.306e+06 -6.653e+06  -8.16e+05 -6.018e+06 -9.432e+05  -3.48e+06  2.375e+05 -7.183e+05  2.867e+06  1.063e+06 -2.453e+07 -7.076e+06 -1.778e+06 -5.759e+05  -1.95e+07 -3.463e+06  -8.43e+06 -3.917e+06 -1.954e+06 -6.588e+05   3.14e+06 -1.086e+06 -6.706e+06 -2.356e+06 -6.085e+06 -2.041e+06 -1.417e+06 -1.935e+07 -1.155e+07 -2.008e+06 -1.332e+07 -4.067e+06 -9.621e+05 -6.026e+05 -9.227e+06 -2.642e+06 -1.105e+07 -4.144e+06 -6.035e+05   1.57e+06  6.861e+05 -5.993e+05  6.147e+05  4.053e+06  4.032e+06 -2.444e+04  7.167e+05  5.104e+05 -7.753e+06 -6.192e+05 -4.402e+06  9.643e+04 -3.178e+06  3.836e+05 -6.118e+05 -1.864e+05  4.237e+04  1.332e+06  2.294e+05   4.94e+05   1.51e+05  8.254e+05  3.323e+05   1.75e+05  1.072e+06  1.222e+06  2.333e+06   2.12e+06   2.48e+06  1.767e+06  6.403e+05  -1.24e+07 -7.495e+06 -1.843e+06 -5.539e+06 -1.706e+06 -3.567e+06  -1.36e+07 -2.401e+06 -6.877e+06  -3.09e+06 -3.837e+05  8.015e+05  3.993e+05  4.641e+05  -1.14e+05  1.642e+04 -2.149e+06 -2.286e+05  1.478e+06 -1.245e+06 -2.716e+05 -1.364e+06   3.43e+06  2.644e+06  2.663e+06 -1.268e+06  1.103e+06  3.776e+06   3.91e+06  4.495e+06  1.139e+06  6.118e+05  6.697e+05  1.223e+06   5.77e+05  2.404e+06 -1.998e+06  1.365e+06 -5.088e+06  5.128e+05 -1.469e+06  1.772e+06 -3.537e+06 -2.376e+06  3.169e+06  1.637e+06  1.249e+06   8.37e+05
  9.574e+05  2.195e+06  2.516e+06  2.134e+06  2.749e+06  3.104e+05 -1.198e+07 -5.731e+06  -9.48e+05 -2.689e+06 -7.332e+06 -7.046e+05 -4.524e+06 -7.137e+05 -2.391e+05 -1.614e+07 -7.772e+08  5.621e+05  4.759e+05  3.608e+05 -3.367e+08  -1.16e+07 -2.757e+06  -1.33e+07 -1.235e+06 -9.129e+06 -1.775e+06 -4.624e+06 -3.714e+05 -1.488e+06  2.506e+06  1.239e+06 -8.863e+07 -1.143e+07 -3.448e+06 -1.863e+06 -4.233e+07  -7.15e+06 -1.761e+07 -7.488e+06 -2.022e+06 -3.243e+06  1.655e+06 -1.762e+06 -1.113e+07 -4.668e+06 -1.017e+07 -4.283e+06 -2.567e+06 -7.103e+07 -2.149e+07 -3.028e+06 -1.778e+07  -6.31e+06 -1.516e+06 -6.475e+05 -1.644e+07 -4.555e+06 -1.555e+07 -5.234e+06 -6.382e+05  1.111e+06  1.123e+06 -1.728e+06  -1.42e+05  2.393e+06  4.001e+06 -2.219e+06 -2.541e+05  2.797e+05 -9.408e+06 -8.098e+05 -5.803e+06 -1.314e+05 -4.548e+06  3.369e+05 -1.292e+06  3.485e+05  5.967e+05  1.333e+06  1.926e+06 -1.239e+06  6.182e+05  7.574e+05  1.126e+06  1.772e+05  1.477e+06  1.648e+06  2.596e+06  2.767e+06  1.717e+06  3.095e+06  7.596e+05 -2.241e+07 -1.268e+07  -2.95e+06 -8.663e+06  -1.81e+06 -4.714e+06  -1.99e+07 -2.865e+06 -1.036e+07 -2.938e+06  4.205e+05  6.841e+05       6433 -1.099e+06 -1.164e+06 -1.866e+06 -5.837e+06 -1.878e+06  9.135e+04  3.442e+05 -5.148e+06  4.801e+05  2.685e+06   2.85e+06  1.582e+06  2.652e+06  -4.82e+05  2.448e+05  1.939e+06  2.947e+06   1.86e+06 -4.279e+05  1.708e+05  6.871e+05  8.576e+05  3.191e+06 -2.704e+06  1.579e+06  -8.09e+05  2.153e+06   2.69e+05  2.069e+06 -2.366e+06  2.354e+06  3.122e+06   4.19e+06  2.818e+06   1.09e+06
  9.499e+05  1.544e+06  1.639e+06  1.231e+06  1.571e+06  6.225e+05 -3.704e+06 -4.147e+05  4.609e+05  1.514e+05 -2.521e+06 -6.218e+05 -4.674e+05  2.135e+05  1.076e+06 -2.949e+06  5.621e+05 -1.116e+08 -1.336e+07 -2.092e+07 -1.203e+07 -4.082e+06 -1.108e+06 -3.481e+06 -5.225e+05 -2.747e+06  2.333e+04  -2.08e+06  4.496e+05  -7.19e+05  1.514e+06   1.14e+06  -7.17e+06 -3.965e+06 -1.079e+06 -6.618e+05 -6.391e+06  -1.15e+06 -3.342e+06 -1.881e+06 -8.516e+05 -7.144e+05  1.882e+06 -1.113e+05 -2.977e+06 -1.126e+06 -3.699e+06 -1.067e+06  8.339e+04 -2.905e+06 -9.677e+06 -1.115e+06  -7.39e+06 -2.338e+06 -2.579e+04 -2.914e+05 -4.167e+06 -7.088e+05 -5.791e+06 -1.368e+06  2.063e+05  1.231e+06  1.137e+06 -1.812e+05  6.306e+05  1.783e+06  2.174e+06 -5.549e+04  1.619e+05  6.325e+05 -3.428e+06 -3.775e+05 -2.166e+06  2.129e+05 -1.345e+06  4.504e+05 -1.934e+05  7.316e+05  2.007e+05  7.292e+05   1.12e+06 -5.736e+04  3.791e+05  4.487e+05  4.131e+05  2.913e+05  1.201e+06   6.56e+05  1.184e+06  1.709e+06  1.078e+06  2.002e+06  7.154e+05 -3.116e+06 -1.988e+06  8.239e+04  -1.16e+06  3.113e+05 -7.224e+05 -4.144e+06 -8.414e+05 -1.665e+06 -3.614e+05 -1.583e+06  1.459e+06  1.076e+06 -6.595e+05  9.035e+05  1.266e+06 -2.442e+05  5.991e+05  5.357e+05   9.56e+05  1.209e+06  2.062e+06  2.031e+06  2.546e+06  1.732e+06  1.907e+06  1.447e+06  1.291e+06  9.552e+05  2.828e+06  2.343e+06  1.415e+06  7.014e+05  1.489e+06  2.321e+06  2.121e+06    6.7e+05  1.395e+06 -6.458e+05   1.08e+06  1.257e+06  2.231e+06  1.543e+06  1.996e+06  2.967e+06  1.029e+06  1.802e+06  6.676e+05
  7.279e+05  1.014e+06   1.04e+06  9.538e+05  1.001e+06  5.612e+05  -6.32e+05  2.327e+05  5.285e+05  3.491e+05 -5.299e+05       3777  2.675e+05  4.296e+05  9.285e+05 -6.648e+05  4.759e+05 -1.336e+07 -2.971e+07  1.076e+06 -2.021e+06 -1.254e+06 -1.568e+05 -1.427e+06  1.404e+05 -7.243e+05  5.616e+05 -4.592e+05  7.153e+05  4.929e+05  1.096e+06  9.709e+05 -1.674e+06 -1.039e+06 -1.531e+04  1.883e+04 -1.611e+06  2.218e+04 -5.867e+05 -2.952e+05  3.231e+05   3.36e+05  1.202e+06  1.031e+06 -8.005e+05  2.054e+04 -9.113e+05 -1.086e+05  1.987e+05 -7.037e+05 -2.999e+06 -7.671e+04 -2.006e+06 -5.938e+05  1.245e+05  8.122e+04  -9.31e+05  2.017e+05 -1.596e+06 -1.941e+05  6.146e+05  7.478e+05  8.342e+05  7.688e+04  5.578e+05  1.577e+06  1.479e+06  2.552e+05   5.22e+05  4.704e+05 -7.432e+05  1.835e+05 -2.109e+05  4.176e+05 -2.045e+05  6.328e+05  2.534e+05  6.503e+05  5.649e+05   6.71e+05  8.308e+05   1.81e+05  3.949e+05   6.62e+05  6.489e+05  2.633e+05   8.03e+05  7.753e+05  8.065e+05  1.282e+06  8.629e+05  1.478e+06  7.766e+05 -5.707e+05 -1.887e+05   5.02e+05  1.374e+05  7.181e+05  8.647e+04 -9.638e+05  1.261e+05 -1.365e+05  5.397e+05   9.88e+05  1.252e+06  1.021e+06  2.224e+05  7.896e+05  1.095e+06  7.576e+05  9.088e+05   5.93e+05  1.369e+06  8.236e+05  1.277e+06  1.387e+06  1.339e+06  1.831e+06  1.185e+06  4.634e+05   1.19e+06  9.087e+05  2.077e+06  1.969e+06  9.632e+05  1.195e+06  1.283e+06  1.724e+06  1.925e+06  9.981e+05  1.078e+06  6.329e+05  1.077e+06  7.803e+05  1.108e+06  5.141e+05  1.399e+06  1.903e+06  1.546e+06  1.107e+06  4.083e+05
   7.88e+05  1.097e+06  1.186e+06  9.482e+05  1.056e+06  6.137e+05 -7.569e+05  1.679e+05  4.105e+05  5.493e+05 -5.155e+05  2.086e+05    1.5e+05  4.361e+05  9.011e+05 -6.531e+05  3.608e+05 -2.092e+07  1.076e+06 -3.819e+07 -3.643e+06   -1.1e+06  2.995e+04  -8.84e+05   1.86e+05  -1.11e+06  5.194e+05 -3.718e+05  6.632e+05  2.182e+05  1.294e+06  1.434e+06 -2.699e+06 -1.074e+06 -4.992e+04  3.103e+05 -1.922e+06 -2.689e+04 -1.019e+06  -3.11e+05 -9.661e+04  3.054e+05  1.511e+06  5.275e+05 -7.045e+05 -5.742e+04  -9.61e+05 -1.357e+05   5.98e+05 -8.913e+05 -3.106e+06 -3.811e+04 -2.638e+06 -5.056e+05  4.484e+05  2.689e+05 -1.342e+06       6926 -2.069e+06  -1.85e+05  5.509e+05  9.072e+05  8.853e+05  3.002e+05  7.575e+05  1.335e+06  1.462e+06  5.523e+05  6.413e+05  7.141e+05 -9.897e+05  1.905e+05  -5.41e+05  5.103e+05 -1.834e+05   6.31e+05  3.539e+05  5.973e+05  7.371e+05  9.553e+05  9.816e+05  5.507e+05  7.987e+05  5.015e+05  7.333e+05  7.696e+05  1.002e+06  7.861e+05  1.015e+06  1.287e+06  8.673e+05  8.271e+05  9.081e+05 -1.021e+06 -4.811e+05  4.338e+05  -4.15e+04  7.427e+05  1.415e+05 -1.126e+06  1.227e+05 -4.288e+05  1.542e+05 -1.615e+04  1.157e+06  8.857e+05  5.103e+05  7.727e+05  9.483e+05  6.436e+04  5.867e+05  1.231e+06  8.472e+05   7.48e+05  1.578e+06  1.412e+06  1.591e+06  1.535e+06  1.741e+06  1.299e+06  1.603e+06  2.476e+06  1.996e+06  1.312e+06   1.28e+06  8.658e+05  1.073e+06  1.237e+06  1.844e+06  1.007e+06  1.182e+06 -3.004e+04  1.181e+06  9.462e+05  1.151e+06  9.028e+05  1.002e+06      2e+06  1.899e+06  1.156e+06  5.116e+05
  4.946e+05  2.075e+06  2.174e+06  2.034e+06  2.711e+06 -1.932e+05 -1.585e+07 -7.108e+06 -1.447e+06 -3.355e+06 -9.187e+06 -5.186e+05 -8.161e+06 -7.374e+05 -2.285e+06 -1.717e+07 -3.367e+08 -1.203e+07 -2.021e+06 -3.643e+06 -1.548e+09 -2.307e+07 -4.641e+06 -2.123e+07   -2.6e+06 -1.241e+07 -2.897e+06 -7.156e+06 -6.257e+04 -3.549e+06  1.407e+06  8.855e+05 -1.741e+08 -1.863e+07 -6.566e+06 -3.604e+06 -8.865e+07 -1.319e+07 -2.834e+07  -1.08e+07 -3.788e+06 -5.173e+06 -8.548e+05 -2.903e+06 -1.632e+07 -7.747e+06 -1.532e+07  -6.38e+06 -5.158e+06 -6.074e+07  -3.01e+07 -2.826e+06 -2.181e+07  -5.88e+06 -1.789e+06       5600 -1.767e+07 -5.212e+06 -1.884e+07 -5.159e+06 -1.738e+06  8.825e+05  3.436e+05 -2.666e+06  -1.25e+05  3.856e+06  4.069e+06 -2.925e+06 -3.425e+05  1.194e+06 -8.539e+06 -5.768e+05 -6.661e+06     -477.6 -5.549e+06   4.26e+05  -1.11e+06  1.158e+06  5.082e+05  1.871e+06  1.483e+06 -2.081e+06 -6.557e+05  4.247e+05  1.471e+06  1.447e+06  1.927e+06  2.279e+06  3.369e+06  3.701e+06  7.662e+05  8.599e+05   2.85e+05 -3.037e+07 -1.612e+07 -3.363e+06 -1.067e+07 -5.005e+06 -4.696e+06 -2.227e+07  -3.19e+06 -1.371e+07 -3.247e+06  4.683e+05   9.69e+05 -2.336e+05  1.881e+05 -1.837e+06 -9.311e+05 -1.103e+07 -1.772e+06 -4.114e+06  4.973e+05 -5.867e+06 -1.118e+07  1.169e+06 -8.704e+05  2.887e+06  2.847e+06  -3.61e+06  4.366e+06   3.51e+06  8.628e+05   1.25e+06 -1.761e+06  1.724e+05 -1.268e+04 -4.167e+06  2.541e+06 -4.463e+06  7.774e+05 -4.717e+06  6.764e+04  4.316e+05 -1.641e+05  2.501e+06 -3.912e+05  4.994e+06  7.331e+06  1.418e+06  1.195e+06
  1.736e+06  2.672e+06  2.551e+06  2.062e+06  2.634e+06  1.161e+06 -9.229e+06 -3.956e+06 -4.909e+05  -1.88e+06  -7.29e+06 -4.521e+05 -4.981e+06 -1.422e+06 -2.461e+05 -7.315e+06  -1.16e+07 -4.082e+06 -1.254e+06   -1.1e+06 -2.307e+07 -4.232e+08 -9.219e+06 -9.623e+07 -5.777e+06 -4.853e+07 -6.264e+06 -8.611e+06 -2.171e+06  -2.42e+06  5.414e+05 -8.964e+05 -7.154e+07 -1.205e+07  -4.52e+06 -2.331e+06  -2.92e+07 -8.966e+06 -1.711e+07 -9.158e+06 -5.237e+06 -4.865e+06  1.818e+06 -2.457e+06 -1.439e+07 -5.446e+06 -1.363e+07 -6.305e+06 -3.447e+06 -1.395e+07 -2.497e+07 -2.804e+06 -2.006e+07  -6.45e+06 -1.867e+06 -1.109e+06 -1.241e+07 -3.595e+06 -1.549e+07  -4.81e+06 -9.735e+05  1.155e+06  1.148e+06 -2.843e+06 -3.531e+05  4.304e+06  4.034e+06 -2.059e+06 -3.819e+05  9.219e+05 -8.177e+06 -8.548e+05 -4.963e+06  5.395e+05 -2.972e+06  5.055e+05 -9.115e+05  5.336e+05  5.961e+05  1.427e+06  1.944e+06  9.025e+04  1.147e+05  1.225e+06   6.24e+05 -4.353e+04  1.009e+06   1.01e+06  1.312e+06  7.551e+05  1.946e+06  2.393e+06  1.004e+06 -1.411e+07 -1.105e+07 -2.258e+06 -7.315e+06 -2.658e+06 -4.431e+06 -1.537e+07 -3.226e+06 -7.361e+06 -2.283e+06 -2.679e+04  9.193e+05  8.745e+05 -2.227e+06  3.198e+05 -1.541e+05 -4.333e+06 -2.079e+06 -1.094e+06 -6.121e+05 -1.002e+05  1.054e+06  2.233e+06  4.645e+05  2.156e+06   2.41e+06 -7.642e+05  1.665e+06  -6.11e+04  3.037e+06  1.469e+06 -2.377e+06 -2.586e+05  8.893e+05   2.51e+06  5.276e+06 -1.462e+06  2.061e+06  2.243e+06  1.036e+06 -7.974e+05  2.013e+06  1.576e+06  2.512e+06  4.973e+06  4.355e+06  3.057e+06  1.109e+06
