
 72

((monodelphis_domestica: 0.073516, (notamacropus_eugenii: 0.058723, sarcophilus_harrisii: 0.067082): 0.016216): 0.127418, (((choloepus_hoffmanni: 0.055014, dasypus_novemcinctus: 0.072339): 0.030795, (echinops_telfairi: 0.132380, (procavia_capensis: 0.083531, loxodonta_africana: 0.046562): 0.016486): 0.030167): 0.003145, (((sorex_araneus: 0.155125, erinaceus_europaeus: 0.133504): 0.026225, ((sus_scrofa: 0.062435, (vicugna_pacos: 0.057640, (tursiops_truncatus: 0.040217, (bos_taurus: 0.014938, (ovis_aries: 0.006560, capra_hircus: 0.005135): 0.011577): 0.049923): 0.009447): 0.001001): 0.024515, ((pteropus_vampyrus: 0.062711, myotis_lucifugus: 0.085378): 0.018104, (equus_caballus: 0.059213, ((felis_catus: 0.005049, (panthera_tigris_altaica: 0.002509, panthera_pardus: 0.001814): 0.003460): 0.039173, (canis_familiaris: 0.044837, (mustela_putorius_furo: 0.042644, ailuropoda_melanoleuca: 0.030065): 0.009226): 0.010414): 0.026666): 0.001531): 0.001192): 0.003810): 0.011985, ((tupaia_belangeri: 0.099293, ((oryctolagus_cuniculus: 0.057576, ochotona_princeps: 0.099928): 0.055162, (ictidomys_tridecemlineatus: 0.081948, (((fukomys_damarensis: 0.041887, heterocephalus_glaber_female: 0.033422): 0.018801, ((cavia_porcellus: 0.002472, cavia_aperea: 0.005025): 0.060758, (chinchilla_lanigera: 0.038264, octodon_degus: 0.059567): 0.007377): 0.013287): 0.060381, (dipodomys_ordii: 0.122940, (jaculus_jaculus: 0.098944, (nannospalax_galili: 0.070013, (((mesocricetus_auratus: 0.029649, cricetulus_griseus_chok1gshd: 0.027177): 0.017774, (peromyscus_maniculatus_bairdii: 0.039777, microtus_ochrogaster: 0.049676): 0.002998): 0.013174, ((mus_pahari: 0.017484, (mus_caroli: 0.008542, (mus_musculus: 0.003869, mus_spretus: 0.004048): 0.004988): 0.009495): 0.020557, rattus_norvegicus: 0.039097): 0.033559): 0.043351): 0.023022): 0.023064): 0.011826): 0.004008): 0.014310): 0.006986): 0.001680, ((otolemur_garnettii: 0.071433, (propithecus_coquereli: 0.021967, microcebus_murinus: 0.032702): 0.020823): 0.019323, (carlito_syrichta: 0.074297, (((aotus_nancymaae: 0.013143, callithrix_jacchus: 0.016554): 0.000672, (saimiri_boliviensis_boliviensis: 0.014423, cebus_capucinus: 0.012143): 0.002171): 0.022209, (((chlorocebus_sabaeus: 0.005840, ((papio_anubis: 0.003068, (cercocebus_atys: 0.003026, mandrillus_leucophaeus: 0.002832): 0.000740): 0.000793, (macaca_nemestrina: 0.001838, (macaca_mulatta: 0.001440, macaca_fascicularis: 0.000827): 0.000564): 0.002066): 0.001677): 0.003072, (colobus_angolensis_palliatus: 0.006298, (rhinopithecus_roxellana: 0.001162, rhinopithecus_bieti: 0.001448): 0.004806): 0.003122): 0.010302, (nomascus_leucogenys: 0.011556, (pongo_abelii: 0.009200, (gorilla_gorilla: 0.004483, ((pan_troglodytes: 0.001134, pan_paniscus: 0.001233): 0.002402, homo_sapiens: 0.003617): 0.000967): 0.004469): 0.001598): 0.005275): 0.010583): 0.035424): 0.006135): 0.009715): 0.012277): 0.012173): 0.155592, ornithorhynchus_anatinus: 0.313604);

  0.127418  0.073516  0.016216  0.058723  0.067082  0.155592  0.003145  0.030795  0.055014  0.072339  0.030167  0.132380  0.016486  0.083531  0.046562  0.012173  0.011985  0.026225  0.155125  0.133504  0.003810  0.024515  0.062435  0.001001  0.057640  0.009447  0.040217  0.049923  0.014938  0.011577  0.006560  0.005135  0.001192  0.018104  0.062711  0.085378  0.001531  0.059213  0.026666  0.039173  0.005049  0.003460  0.002509  0.001814  0.010414  0.044837  0.009226  0.042644  0.030065  0.012277  0.001680  0.099293  0.006986  0.055162  0.057576  0.099928  0.014310  0.081948  0.004008  0.060381  0.018801  0.041887  0.033422  0.013287  0.060758  0.002472  0.005025  0.007377  0.038264  0.059567  0.011826  0.122940  0.023064  0.098944  0.023022  0.070013  0.043351  0.013174  0.017774  0.029649  0.027177  0.002998  0.039777  0.049676  0.033559  0.020557  0.017484  0.009495  0.008542  0.004988  0.003869  0.004048  0.039097  0.009715  0.019323  0.071433  0.020823  0.021967  0.032702  0.006135  0.074297  0.035424  0.022209  0.000672  0.013143  0.016554  0.002171  0.014423  0.012143  0.010583  0.010302  0.003072  0.005840  0.001677  0.000793  0.003068  0.000740  0.003026  0.002832  0.002066  0.001838  0.000564  0.001440  0.000827  0.003122  0.006298  0.004806  0.001162  0.001448  0.005275  0.011556  0.001598  0.009200  0.004469  0.004483  0.000967  0.002402  0.001134  0.001233  0.003617  0.313604

 -1.652134 11.573037 -5.077196 -6.351188  9.897268  4.384243 -27.369317 -11.763563  1.853794 14.243346 -4.411764 -11.909038 -18.434294  2.561387 11.034610 15.991725  0.828264 -25.828086 -4.869766 -2.300568 24.864707 11.381151  1.981098 -38.462369  5.371459 -22.825293 -3.473824  7.185012 32.575329 22.740412 28.275739 40.009061 39.701522 -1.390438 13.215586 15.170558  0.092990 -4.466635 27.286566 11.812120 40.068098 38.386667 30.935437 42.707469  7.484398  8.592684 19.858853 31.548942 20.162309 27.306409 -17.219158  9.234496 -3.958406 -0.759066 24.868712  5.131075  0.624365 -0.447607 -1.187334 20.833053 -3.766241  8.742149  6.056080  4.007321 32.467644 -6.577504  7.709862 -15.180328 -4.233838  2.074357  0.865211  7.696467 12.362237  9.915407 22.358548 -9.086814  6.284091 14.468409 32.997002  5.318488  9.266287 -18.013653 -0.644900 16.325355  6.001211  0.219015 15.706873 13.819987 19.373654 25.410121 69.932524 70.476583  2.079372 29.902977 10.306177 12.968929  2.390293  5.741213 14.339117 -0.277693 21.343403  8.526884 16.016924 -13.029763 22.742026 47.933296 -0.929305 51.743033 60.435404 57.413790 52.212245 13.184280 53.017901 13.816283 70.054408 10.826003 -12.619395  0.259984 -3.380440 45.782359  1.580344 -0.595710  7.030678 42.712369 40.275052 60.157090 67.531614 54.233110 57.807317 65.851021  9.188413 41.712472  9.708199 68.666885 68.239446 146.932421 44.113252 54.978806 60.089369 65.440173  7.288341


Hessian

 -6.565e+06 -6.149e+05 -1.495e+06  -3.93e+05 -4.583e+05 -3.535e+06   2.13e+05   2.95e+05  1.649e+05   3.19e+05  2.691e+05  1.998e+05  2.932e+05   2.56e+05  2.977e+05  -1.78e+05  4.885e+05   2.63e+05  1.382e+05  1.691e+05  5.687e+05  6.075e+05  4.857e+05  6.718e+05  2.812e+05  6.083e+05  4.711e+05   4.64e+05  4.902e+05  5.074e+05  5.573e+05  5.373e+05  5.174e+05   5.05e+05  4.047e+05   3.66e+05  5.808e+05  4.077e+05   5.18e+05  4.711e+05  5.304e+05   5.15e+05  5.092e+05  4.934e+05  5.389e+05  4.483e+05  5.029e+05  4.444e+05  4.781e+05   4.14e+05  5.768e+05  2.555e+05  5.384e+05  4.334e+05  4.085e+05   2.71e+05  4.846e+05  3.246e+05  5.444e+05  4.569e+05   4.72e+05  3.469e+05  4.219e+05  4.793e+05  3.736e+05  4.391e+05  3.654e+05   5.35e+05  4.404e+05  3.237e+05  4.389e+05  2.373e+05  4.124e+05  2.679e+05  3.882e+05  3.272e+05  4.054e+05  4.639e+05  4.776e+05  4.147e+05  3.781e+05  5.645e+05  4.586e+05  4.023e+05  4.067e+05  4.639e+05  4.769e+05  5.359e+05  5.419e+05  5.938e+05  5.843e+05  4.618e+05  4.126e+05   5.21e+05  5.179e+05  3.558e+05  5.228e+05  4.899e+05  4.169e+05  5.387e+05  3.314e+05  4.727e+05  4.847e+05   5.21e+05  4.883e+05   5.25e+05  5.053e+05  5.129e+05  5.153e+05  4.695e+05  5.393e+05   5.54e+05  5.492e+05  5.977e+05  6.667e+05  6.057e+05  6.935e+05  6.338e+05  6.445e+05  6.198e+05  6.017e+05  5.786e+05  4.742e+05  5.178e+05  6.079e+05  5.721e+05  5.526e+05  5.621e+05  6.654e+05  5.397e+05  5.876e+05  6.506e+05  5.128e+05  5.712e+05  5.754e+05  7.489e+05  5.372e+05  6.915e+05  7.023e+05   5.79e+05 -1.435e+05
 -6.149e+05 -1.995e+07 -8.635e+06 -1.428e+06 -2.863e+06 -2.875e+05  7.416e+05  5.018e+05  2.588e+05  4.498e+05  5.982e+05    2.9e+05  5.071e+05  3.661e+05   3.84e+05  6.465e+05  8.812e+05  4.125e+05   1.99e+05   2.68e+05  9.707e+05  9.208e+05  6.501e+05  9.418e+05  3.676e+05  8.397e+05  5.257e+05  6.721e+05  5.029e+05  5.871e+05  6.384e+05  5.524e+05   1.09e+06  7.303e+05  5.336e+05  4.652e+05  1.029e+06  5.536e+05  8.383e+05   6.72e+05   6.07e+05  7.529e+05  5.389e+05   8.37e+05  7.935e+05  5.588e+05  7.649e+05  6.155e+05  5.755e+05  8.859e+05  1.142e+06  3.658e+05  9.827e+05   6.34e+05  5.055e+05  3.688e+05  8.654e+05  4.814e+05  9.185e+05  6.908e+05  5.461e+05  4.436e+05  4.783e+05  6.224e+05  4.943e+05  4.103e+05  2.537e+05  6.352e+05   4.78e+05  3.894e+05  7.559e+05  3.279e+05  6.866e+05  3.344e+05   6.28e+05  3.828e+05  5.678e+05  5.131e+05  5.209e+05  4.178e+05  3.692e+05  5.513e+05  4.585e+05  4.329e+05  4.848e+05  4.429e+05  4.748e+05  5.338e+05    5.7e+05  5.335e+05  6.566e+05  4.057e+05  3.953e+05  9.168e+05  7.695e+05  4.554e+05  6.575e+05  6.214e+05  5.281e+05   1.02e+06  4.922e+05  7.573e+05    6.8e+05  8.139e+05  6.321e+05  6.564e+05  6.365e+05  5.871e+05  6.243e+05  6.478e+05   6.52e+05  6.354e+05  6.032e+05  9.019e+05  8.565e+05  7.728e+05  8.496e+05  7.348e+05  5.912e+05  7.313e+05  7.925e+05  5.026e+05  5.888e+05  6.623e+05  6.746e+05  5.834e+05  6.708e+05  4.714e+05   4.62e+05  7.448e+05  6.703e+05  6.186e+05   5.58e+05  6.608e+05  8.679e+05  7.881e+05  7.716e+05  6.031e+05  6.793e+05  7.341e+05      -1061
 -1.495e+06 -8.635e+06 -3.639e+07 -3.426e+06 -7.185e+06 -8.656e+05  7.002e+05  5.714e+05  2.883e+05  5.231e+05  6.445e+05  3.332e+05  5.254e+05  4.022e+05  4.603e+05   6.03e+05  9.186e+05  4.512e+05  2.205e+05  3.022e+05  9.351e+05  1.047e+06  6.992e+05  9.634e+05  4.021e+05  8.985e+05  5.992e+05  7.433e+05  5.439e+05  6.957e+05  6.647e+05  6.666e+05  1.116e+06  7.384e+05  5.647e+05  5.115e+05  1.102e+06  6.214e+05  8.812e+05   7.83e+05  6.201e+05  8.953e+05  5.631e+05  7.506e+05   8.26e+05  6.096e+05  8.153e+05  6.958e+05  6.274e+05   8.96e+05  1.265e+06  3.909e+05  1.088e+06  7.203e+05  5.572e+05  4.204e+05  1.017e+06  5.177e+05  1.015e+06  7.582e+05  6.225e+05  5.375e+05  5.589e+05  6.894e+05  5.307e+05  5.311e+05  3.288e+05   7.75e+05  5.763e+05  4.431e+05  8.122e+05  3.676e+05  7.687e+05  4.154e+05  7.302e+05  4.638e+05  6.289e+05  5.864e+05  6.138e+05  5.022e+05  4.863e+05  6.011e+05   5.41e+05  5.153e+05  5.955e+05  6.003e+05  6.058e+05   5.84e+05  6.365e+05  4.696e+05  7.468e+05  5.308e+05  4.627e+05  9.658e+05  8.339e+05  5.191e+05  7.524e+05  6.678e+05  5.638e+05  9.635e+05   5.41e+05  7.543e+05  8.045e+05  7.573e+05  6.988e+05  7.351e+05  5.872e+05  7.042e+05  6.693e+05  7.416e+05  7.124e+05  7.384e+05  6.588e+05   8.54e+05  1.064e+06  8.487e+05  7.607e+05  9.002e+05  7.651e+05  9.535e+05  1.071e+06   4.59e+05  6.263e+05  7.354e+05  6.166e+05  6.987e+05  8.056e+05  8.268e+05  9.591e+05  8.215e+05  6.748e+05  7.974e+05  6.712e+05  7.709e+05  7.774e+05  8.443e+05  8.781e+05  7.711e+05  8.398e+05  7.784e+05      -3135
  -3.93e+05 -1.428e+06 -3.426e+06 -1.953e+07 -2.246e+06 -2.182e+05  6.862e+05  4.066e+05  1.897e+05  3.685e+05  4.833e+05  2.363e+05  3.948e+05  2.863e+05  2.984e+05  5.258e+05  6.513e+05  3.545e+05  1.915e+05  2.245e+05  6.664e+05   6.57e+05  4.769e+05  7.464e+05  2.402e+05  6.046e+05  3.308e+05  5.252e+05  3.463e+05   4.25e+05  4.619e+05  4.106e+05  8.811e+05  5.811e+05  3.404e+05  3.883e+05  7.571e+05  4.016e+05  6.362e+05  4.724e+05  3.796e+05  4.493e+05  3.039e+05   6.04e+05  6.696e+05  4.284e+05  5.796e+05  4.564e+05  4.576e+05  5.848e+05  8.506e+05  2.955e+05  6.693e+05  5.131e+05  3.862e+05  2.798e+05   6.62e+05  3.408e+05  7.095e+05  5.443e+05  4.097e+05  3.508e+05  3.654e+05  4.748e+05  3.876e+05  3.326e+05  2.349e+05  4.765e+05  3.698e+05  2.809e+05  5.487e+05  2.728e+05  4.674e+05  2.728e+05  4.102e+05  3.001e+05  4.393e+05  4.198e+05   3.82e+05   3.41e+05  3.157e+05  3.968e+05  3.706e+05  3.394e+05  3.695e+05  3.612e+05   3.94e+05  4.109e+05  4.823e+05  4.156e+05  4.546e+05  3.593e+05  3.054e+05  6.171e+05  6.098e+05  3.892e+05  4.961e+05  4.069e+05  4.357e+05  5.641e+05  3.776e+05  4.348e+05  4.936e+05  5.549e+05  4.576e+05  4.677e+05  4.827e+05  4.641e+05  4.756e+05  3.146e+05  4.373e+05  4.497e+05  3.894e+05  5.847e+05  6.172e+05  4.412e+05  4.831e+05  4.412e+05  4.139e+05  4.461e+05  5.644e+05  2.668e+05  3.791e+05  3.833e+05  4.715e+05  5.032e+05  4.709e+05  4.643e+05  4.926e+05  4.988e+05  3.832e+05  4.843e+05  4.627e+05   3.85e+05  5.233e+05  4.333e+05  4.327e+05    5.2e+05  5.168e+05  4.671e+05  2.058e+04
 -4.583e+05 -2.863e+06 -7.185e+06 -2.246e+06 -2.122e+07 -2.075e+05  7.339e+05  5.378e+05  2.391e+05   4.53e+05  5.956e+05  2.824e+05  4.837e+05  3.701e+05  4.261e+05  7.181e+05   9.09e+05  3.843e+05  2.038e+05  2.534e+05  9.401e+05   9.15e+05  6.264e+05  9.979e+05  3.485e+05  8.391e+05  4.969e+05  6.169e+05  5.537e+05  5.788e+05  4.828e+05  3.929e+05  1.139e+06  7.361e+05  5.247e+05  4.267e+05  1.045e+06   5.69e+05  7.738e+05  6.041e+05  5.359e+05  5.575e+05  5.448e+05  6.627e+05  7.114e+05  5.194e+05  6.936e+05   5.48e+05  5.365e+05  8.914e+05  1.081e+06  3.599e+05  9.474e+05  6.314e+05  4.843e+05  3.682e+05  9.084e+05  4.758e+05   9.27e+05  6.815e+05  5.629e+05   4.09e+05  4.866e+05  5.973e+05  4.681e+05  4.392e+05  2.237e+05  6.289e+05  4.665e+05  4.011e+05  7.505e+05  3.247e+05  6.821e+05  3.584e+05  6.471e+05  4.121e+05  5.551e+05   5.43e+05  5.034e+05  4.483e+05  4.005e+05  6.202e+05  4.788e+05  4.536e+05  4.939e+05   4.44e+05  5.029e+05  5.309e+05  4.552e+05  3.628e+05  7.071e+05  5.234e+05  4.308e+05  9.586e+05  7.232e+05  4.854e+05  6.919e+05  5.816e+05  5.243e+05  9.293e+05  4.943e+05  7.791e+05  7.149e+05  8.826e+05  6.489e+05  6.429e+05  7.973e+05   6.45e+05  6.232e+05  7.185e+05  6.106e+05  6.989e+05  6.347e+05  7.251e+05    7.9e+05  6.491e+05   6.83e+05  6.982e+05  5.922e+05  6.288e+05  6.614e+05  5.574e+05  3.326e+05  7.134e+05    5.3e+05  5.982e+05  7.063e+05  4.949e+05  4.805e+05  7.934e+05  6.232e+05  6.534e+05  5.388e+05   7.41e+05  7.021e+05  9.213e+05  7.917e+05  5.286e+05  6.484e+05  6.345e+05   1.56e+04
 -3.535e+06 -2.875e+05 -8.656e+05 -2.182e+05 -2.075e+05 -6.258e+06  3.369e+04  2.427e+05  1.586e+05  2.862e+05  1.873e+05  1.759e+05   2.51e+05  2.532e+05   2.83e+05 -5.209e+05  3.622e+05  2.144e+05   1.24e+05  1.564e+05  4.232e+05  5.533e+05  4.589e+05  6.042e+05   2.63e+05   5.28e+05  4.576e+05  4.323e+05  5.164e+05  5.001e+05  5.724e+05  5.678e+05  3.561e+05   4.55e+05  3.872e+05  3.259e+05  4.999e+05  3.681e+05  4.702e+05  4.508e+05  4.877e+05  4.846e+05  4.819e+05  5.321e+05  5.109e+05  4.408e+05  4.675e+05  4.447e+05  4.742e+05  2.592e+05  4.083e+05  2.429e+05  4.051e+05  3.796e+05  3.805e+05  2.554e+05  3.937e+05  3.116e+05  4.199e+05  4.139e+05  4.702e+05  3.673e+05  4.387e+05  4.853e+05  3.773e+05  4.579e+05  4.179e+05  5.354e+05   4.44e+05  3.255e+05  3.768e+05  2.223e+05  3.528e+05  2.652e+05  3.483e+05  3.313e+05  3.944e+05  4.751e+05  4.833e+05  4.164e+05  4.283e+05  5.495e+05   4.46e+05  4.234e+05  4.138e+05  4.826e+05  5.231e+05   5.63e+05  5.551e+05  5.919e+05  6.101e+05  5.369e+05   4.57e+05  4.451e+05  4.769e+05  3.493e+05  4.816e+05  4.712e+05   4.02e+05   4.37e+05  3.194e+05  4.362e+05  4.649e+05  5.255e+05  5.383e+05  5.365e+05  5.351e+05  5.026e+05  5.082e+05   4.83e+05  5.591e+05   5.66e+05  5.879e+05  6.884e+05  8.654e+05  6.345e+05  7.804e+05  7.142e+05  6.633e+05  6.289e+05  6.736e+05   6.05e+05  4.858e+05  6.267e+05  6.711e+05  6.251e+05  5.862e+05  6.952e+05   6.59e+05  5.308e+05   6.17e+05  5.953e+05    5.3e+05  6.027e+05  6.239e+05  8.226e+05  6.536e+05  7.551e+05  7.601e+05  6.776e+05 -1.993e+05
   2.13e+05  7.416e+05  7.002e+05  6.862e+05  7.339e+05  3.369e+04 -1.982e+08  -1.26e+07 -1.759e+06 -5.396e+06   -1.7e+07 -3.788e+05 -9.573e+06 -7.127e+05  -3.25e+06 -7.831e+07 -3.954e+06  2.177e+04  1.617e+05  1.834e+05 -3.588e+06 -1.127e+06  3.404e+05 -4.848e+05  1.812e+05 -5.981e+05  4.277e+05  6.855e+04  6.739e+05  7.612e+05  1.114e+06  6.672e+05 -3.657e+06 -6.716e+05  8.065e+04  1.039e+05 -2.053e+06 -2.599e+05 -7.204e+05  2.038e+05  6.872e+05  7.617e+05  9.095e+05  1.597e+06 -4.673e+05  2.818e+05 -1.366e+05  4.013e+05   4.02e+05 -4.966e+06 -1.694e+06       4443 -1.745e+06  3.076e+04  4.417e+05  3.715e+05 -9.096e+05   2.23e+05 -8.542e+05  1.723e+05  8.272e+05  8.982e+05  1.009e+06  9.141e+05  9.353e+05  1.099e+06  9.325e+05  1.086e+06  9.544e+05  8.189e+05  5.357e+04   2.82e+05  3.287e+05  6.952e+05   6.81e+05  8.795e+05  1.086e+06  1.441e+06  1.412e+06  1.329e+06  1.181e+06  1.287e+06  1.278e+06  1.113e+06  1.261e+06  1.423e+06  1.624e+06  1.562e+06  1.747e+06  1.614e+06  1.742e+06   2.03e+06  1.303e+06 -1.842e+06 -5.065e+05  3.238e+05 -2.913e+05  3.577e+05  1.706e+05  -1.14e+06  1.966e+05  -4.81e+05  5.216e+05  3.537e+05  1.104e+06  1.187e+06  4.806e+05  9.997e+05  1.206e+06  1.919e+05  1.268e+06  1.064e+06   1.03e+06  1.246e+06  1.097e+06  1.764e+06  1.186e+06  1.087e+06  1.425e+06  1.304e+06  1.405e+06   1.54e+06   1.15e+06  1.584e+06  7.417e+05  1.124e+06  1.226e+06  1.117e+06   1.23e+06  1.011e+06  1.406e+06  8.269e+05  1.044e+06  1.309e+06   1.66e+06  8.162e+05  1.384e+06  1.594e+06  2.052e+06  1.514e+06  2.287e+05
   2.95e+05  5.018e+05  5.714e+05  4.066e+05  5.378e+05  2.427e+05  -1.26e+07 -4.115e+07 -4.726e+06 -1.311e+07  5.466e+04  2.393e+05  2.619e+05  3.328e+05   2.66e+05  -8.86e+06 -1.189e+06  2.145e+05  1.546e+05  2.024e+05 -1.232e+06 -3.051e+05  3.382e+05  2.063e+05  1.968e+05  1.332e+05  3.355e+05  3.138e+05  5.347e+05  6.571e+05  5.792e+05  7.767e+05 -1.359e+06  -7.78e+04  2.431e+05  2.831e+05 -7.295e+05  3.341e+04 -1.692e+05   2.01e+05  3.797e+05  4.868e+05  4.771e+05  5.132e+05   1.19e+05  3.459e+05  1.907e+05  3.557e+05  3.933e+05 -1.402e+06  -6.95e+05  1.256e+05 -5.717e+05  2.326e+05  3.467e+05  3.639e+05 -1.134e+05  2.745e+05  1.324e+05  2.681e+05  6.475e+05  5.892e+05  6.776e+05  6.655e+05  6.011e+05  7.281e+05  4.979e+05  6.778e+05  6.403e+05  5.405e+05  3.864e+05  3.131e+05  4.905e+05  4.709e+05  6.417e+05  6.423e+05    8.5e+05  9.839e+05  9.222e+05  8.576e+05  9.498e+05  9.268e+05  8.987e+05  8.291e+05  9.667e+05  9.766e+05  1.012e+06  1.134e+06  1.114e+06  1.069e+06   1.38e+06  1.308e+06   8.94e+05 -7.871e+05 -1.594e+05  4.048e+05  2.202e+04  3.982e+05  2.556e+05   -4.5e+05  2.348e+05  2.985e+04  5.693e+05  4.744e+04  8.302e+05  6.719e+05  6.741e+05  6.273e+05  7.018e+05  3.935e+05  6.843e+05  3.508e+05  8.137e+05  5.122e+05  5.785e+05  9.444e+05  7.965e+05  8.227e+05  6.397e+05   9.48e+05  1.131e+06  6.051e+05  7.526e+05  1.136e+06  7.373e+05  8.109e+05  7.566e+05  6.404e+05  1.027e+06  7.038e+05  8.194e+05  7.412e+05  7.329e+05  7.567e+05  9.527e+05  8.573e+05  9.871e+05  1.019e+06  6.326e+05  9.319e+05  1.645e+05
  1.649e+05  2.588e+05  2.883e+05  1.897e+05  2.391e+05  1.586e+05 -1.759e+06 -4.726e+06  -2.19e+07 -5.588e+05  1.203e+05  1.624e+05  1.366e+05  1.402e+05  1.325e+05 -1.303e+06 -1.373e+05  2.039e+05  1.377e+05  1.709e+05 -9.396e+04  7.965e+04  2.658e+05  2.116e+05  1.568e+05  2.102e+05  1.436e+05  2.834e+05  2.202e+05  3.116e+05   3.17e+05   4.28e+05 -1.961e+05  1.679e+05  1.485e+05   2.58e+05 -1.817e+05   1.22e+05  1.188e+05  2.183e+05  2.181e+05   3.24e+05  1.592e+05   3.41e+05  2.608e+05  2.868e+05  3.178e+05  3.007e+05  3.137e+05 -1.595e+05  5.835e+04  1.627e+05  1.241e+05  2.488e+05  2.733e+05  2.438e+05  2.003e+05  1.994e+05  2.303e+05  2.833e+05  3.499e+05  2.953e+05  2.942e+05  3.303e+05  3.187e+05  2.493e+05   2.91e+05  3.614e+05  3.375e+05  2.684e+05  3.425e+05  2.121e+05  3.433e+05  2.504e+05   3.93e+05  2.898e+05  4.094e+05  4.881e+05   5.56e+05  4.464e+05  4.626e+05  6.259e+05  4.657e+05  4.326e+05  4.882e+05  4.956e+05  4.588e+05   5.62e+05  5.913e+05  6.659e+05  5.583e+05  5.288e+05  4.576e+05 -1.201e+05  8.834e+04  2.449e+05  1.811e+05  1.937e+05  2.745e+05  6.161e+04  2.245e+05  1.758e+05  3.308e+05   3.64e+05  3.084e+05  3.484e+05  2.767e+05  3.167e+05  3.582e+05  3.042e+05  2.991e+05  3.796e+05  3.803e+05  5.248e+05  9.625e+04  3.257e+05   6.13e+05  5.512e+05  5.256e+05  5.524e+05  4.948e+05   1.36e+05  5.202e+05  3.428e+05  2.679e+05  3.045e+05  3.518e+05  2.347e+05  3.429e+05  2.712e+05  3.712e+05  3.356e+05  2.251e+05    1.8e+05  2.737e+05  2.757e+05  4.907e+05  2.481e+05  4.951e+05  3.154e+05  1.059e+05
   3.19e+05  4.498e+05  5.231e+05  3.685e+05   4.53e+05  2.862e+05 -5.396e+06 -1.311e+07 -5.588e+05 -2.577e+07      3e+05  2.235e+05  3.175e+05  3.078e+05  2.767e+05 -3.851e+06 -5.045e+05  2.302e+05  1.664e+05  2.015e+05 -5.358e+05  3.206e+04  3.349e+05  3.839e+05  2.227e+05  2.912e+05  3.836e+05   3.26e+05   4.73e+05  5.019e+05  4.858e+05  6.014e+05 -4.412e+05  1.458e+05   3.16e+05  2.863e+05 -1.576e+05  1.876e+05  1.295e+05  2.724e+05  3.551e+05  2.431e+05  4.051e+05  4.616e+05  2.541e+05  2.862e+05  3.084e+05   3.75e+05  3.841e+05 -5.777e+05 -2.052e+05  1.868e+05 -1.593e+05  2.647e+05  3.133e+05  3.107e+05  2.026e+04  3.762e+05   3.05e+05  3.623e+05  5.658e+05  4.956e+05  5.242e+05  5.748e+05  5.693e+05  6.457e+05  4.515e+05  5.466e+05  5.678e+05   4.72e+05  5.011e+05  2.946e+05  5.593e+05  4.593e+05  7.032e+05  5.761e+05  8.129e+05  8.937e+05   8.63e+05  7.172e+05  8.399e+05  9.831e+05  7.537e+05  7.389e+05  8.297e+05  8.451e+05   9.01e+05  1.026e+06      1e+06   9.52e+05  1.057e+06  9.482e+05  7.877e+05 -1.588e+05  1.095e+05  4.469e+05  1.814e+05  3.988e+05  2.903e+05  8.872e+04  2.874e+05  2.785e+05  5.066e+05   4.58e+05  7.387e+05  7.091e+05  5.625e+05  5.416e+05  6.045e+05  4.362e+05  6.971e+05  3.619e+05  7.885e+05  6.396e+05  4.948e+05  5.667e+05  9.269e+05  8.076e+05  5.195e+05  1.122e+06  9.517e+05  7.162e+05  8.957e+05  6.837e+05  6.595e+05  7.424e+05  7.371e+05  3.252e+05  7.005e+05  8.235e+05  7.197e+05  7.559e+05  6.277e+05   7.42e+05  8.743e+05  7.614e+05  8.365e+05   9.39e+05  1.237e+06   8.82e+05  1.481e+05
  2.691e+05  5.982e+05  6.445e+05  4.833e+05  5.956e+05  1.873e+05   -1.7e+07  5.466e+04  1.203e+05      3e+05  -5.03e+07 -1.344e+06 -2.179e+07 -2.006e+06 -6.661e+06 -1.165e+07 -1.431e+06  6.295e+04   1.19e+05  1.265e+05 -1.434e+06 -5.654e+05  2.282e+05  -1.92e+04  1.943e+05       2281  4.553e+05  1.692e+05  7.062e+05  6.179e+05  9.202e+05  6.985e+05 -1.599e+06 -2.948e+05  1.159e+05   1.65e+05 -9.649e+05  4.481e+04 -2.821e+05   1.85e+05  4.743e+05  4.865e+05  8.759e+05  7.617e+05 -1.258e+05  4.158e+05  5.884e+04  3.585e+05  5.162e+05 -1.615e+06 -1.269e+06  7.121e+04 -1.061e+06  8.151e+04  3.635e+05  3.089e+05  -5.72e+05  2.513e+05 -4.011e+05  1.831e+05  6.572e+05  6.007e+05  7.835e+05   6.47e+05   6.23e+05  7.895e+05  7.924e+05   7.62e+05  7.498e+05  5.599e+05  4.969e+04  3.013e+05   1.65e+05  4.434e+05  4.818e+05  6.094e+05  7.389e+05  1.048e+06  1.014e+06  9.443e+05  9.304e+05  1.108e+06  9.176e+05  9.198e+05  9.456e+05  1.064e+06   1.17e+06  1.212e+06  1.174e+06  1.188e+06  1.297e+06   1.24e+06  9.583e+05  -9.56e+05 -2.771e+05  3.448e+05  9.008e+04  4.254e+05  3.312e+05 -5.594e+05  1.938e+05  -1.19e+05  5.264e+05   9.38e+05  8.195e+05  9.332e+05  5.846e+05  7.881e+05  9.093e+05  3.198e+05  7.278e+05  6.484e+05  9.536e+05  9.131e+05  9.092e+05  1.117e+06  2.886e+05  1.011e+06  1.116e+06   9.88e+05  1.046e+06  7.787e+05  1.125e+06  7.738e+05  1.139e+06  9.145e+05   9.35e+05  1.095e+06  1.158e+06  7.569e+05   1.08e+06  7.322e+05   7.53e+05  1.026e+06   1.08e+06    1.1e+06  8.928e+05  1.324e+06  1.255e+06  1.348e+06  1.765e+05
  1.998e+05    2.9e+05  3.332e+05  2.363e+05  2.824e+05  1.759e+05 -3.788e+05  2.393e+05  1.624e+05  2.235e+05 -1.344e+06 -1.082e+07 -5.499e+05 -1.034e+04      -5946 -2.429e+05  2.005e+05  1.435e+05  1.031e+05  1.411e+05  2.732e+05  2.894e+05  2.715e+05  3.777e+05  1.871e+05  3.129e+05  3.634e+05  2.949e+05  4.206e+05  3.479e+05   5.34e+05  4.081e+05  3.306e+05  2.587e+05  2.627e+05   2.02e+05    3.5e+05  2.815e+05  2.649e+05  2.904e+05  3.018e+05  2.815e+05  4.037e+05  3.408e+05   2.84e+05  3.505e+05  3.422e+05  3.257e+05  3.723e+05  1.484e+05  1.048e+05  1.806e+05  1.257e+05  1.887e+05  2.195e+05  1.732e+05  2.111e+05  2.996e+05  2.184e+05  3.109e+05  3.853e+05  3.226e+05  4.117e+05  3.856e+05  3.341e+05  3.789e+05  2.768e+05  3.939e+05  3.662e+05  2.743e+05  3.184e+05  1.739e+05  3.123e+05  2.277e+05  3.363e+05   3.18e+05  3.469e+05  4.724e+05  4.641e+05  3.972e+05  4.567e+05  4.128e+05  4.023e+05   3.92e+05  4.676e+05  4.948e+05  4.647e+05  5.336e+05  5.376e+05   5.21e+05  5.727e+05  5.111e+05  4.153e+05  2.478e+05  3.706e+05  3.195e+05   3.35e+05  4.194e+05  2.973e+05  3.034e+05  2.441e+05  2.948e+05  3.907e+05  4.848e+05  5.363e+05  4.963e+05  5.096e+05  4.503e+05  5.102e+05  3.742e+05  5.484e+05  5.324e+05   5.69e+05  5.497e+05  6.874e+05  6.854e+05  5.893e+05  4.862e+05  6.121e+05  6.706e+05  5.282e+05  5.021e+05  6.787e+05  3.617e+05  6.562e+05  6.092e+05  4.746e+05  5.744e+05  5.009e+05  4.979e+05  5.487e+05  5.573e+05  5.567e+05  6.094e+05  6.241e+05  8.076e+05  5.527e+05  6.319e+05  5.989e+05  5.075e+05  9.286e+04
  2.932e+05  5.071e+05  5.254e+05  3.948e+05  4.837e+05   2.51e+05 -9.573e+06  2.619e+05  1.366e+05  3.175e+05 -2.179e+07 -5.499e+05 -5.539e+07 -4.238e+06 -1.261e+07 -6.741e+06 -7.682e+05  3.006e+05  2.274e+05  2.077e+05 -7.899e+05 -1.801e+05  3.979e+05  1.842e+05  2.694e+05  2.744e+05  4.217e+05  4.439e+05  4.587e+05  5.686e+05   7.73e+05  7.578e+05  -7.28e+05  3.394e+04  1.991e+05  3.171e+05 -6.705e+05  5.331e+04   3.23e+04  3.991e+05  4.084e+05  6.191e+05  8.521e+05  1.054e+06  6.549e+04   4.65e+05  2.649e+05  5.201e+05  4.865e+05 -8.083e+05 -4.133e+05  1.655e+05 -3.687e+05  3.093e+05  4.405e+05  4.062e+05 -1.374e+05  3.411e+05 -1.132e+05  3.942e+05  6.616e+05  5.444e+05  6.316e+05  7.365e+05  5.888e+05  7.313e+05  5.936e+05  8.003e+05  6.754e+05  5.043e+05  3.502e+05  3.232e+05  4.211e+05  4.817e+05  5.628e+05  5.558e+05  7.055e+05  9.423e+05  1.066e+06  8.601e+05  1.031e+06  1.078e+06  8.592e+05  7.933e+05  9.387e+05  1.029e+06  9.411e+05   1.05e+06   1.08e+06  1.023e+06  1.093e+06  1.008e+06  9.125e+05 -3.576e+05  6.499e+04  3.785e+05  2.272e+05   3.71e+05  4.275e+05  5.517e+04  3.718e+05  1.947e+05  5.669e+05  4.204e+05  7.605e+05  7.146e+05  6.959e+05  6.765e+05  7.557e+05  2.883e+05  5.294e+05   6.14e+05  5.561e+05  9.375e+05  1.328e+06  1.185e+06  5.306e+05  1.081e+06   9.93e+05  7.361e+05  1.045e+06  9.603e+05  9.298e+05  1.055e+06  7.717e+05  7.121e+05  8.256e+05  6.127e+05  1.186e+06  5.087e+05  9.081e+05   5.22e+05  5.946e+05  7.564e+05  8.121e+05  9.978e+05  8.652e+05  9.007e+05  8.738e+05  1.073e+06  1.854e+05
   2.56e+05  3.661e+05  4.022e+05  2.863e+05  3.701e+05  2.532e+05 -7.127e+05  3.328e+05  1.402e+05  3.078e+05 -2.006e+06 -1.034e+04 -4.238e+06 -2.047e+07 -1.176e+06 -4.077e+05  3.487e+05  2.659e+05  1.705e+05   1.97e+05  4.327e+05  3.634e+05  3.868e+05  5.099e+05  1.944e+05  3.865e+05  3.206e+05  3.624e+05  3.255e+05  3.774e+05  5.144e+05  5.393e+05  4.708e+05  3.414e+05  2.623e+05  3.243e+05   4.25e+05  2.591e+05  3.925e+05  3.587e+05  3.799e+05    5.1e+05  5.923e+05  5.248e+05  4.071e+05  4.367e+05  5.305e+05  4.244e+05   3.67e+05  2.743e+05  3.182e+05   2.21e+05   3.69e+05  3.337e+05  3.454e+05  2.486e+05  3.946e+05  3.639e+05  3.061e+05  3.948e+05  4.946e+05  3.918e+05  4.287e+05  4.518e+05  3.685e+05  3.837e+05    3.7e+05  4.853e+05  4.123e+05  3.249e+05  4.646e+05  2.685e+05  4.584e+05  3.277e+05  4.707e+05  3.756e+05  4.844e+05  6.197e+05  6.225e+05  4.887e+05  6.161e+05  6.478e+05  5.632e+05  5.268e+05  5.758e+05  6.232e+05  6.432e+05  6.603e+05  7.254e+05  6.793e+05  7.472e+05  7.179e+05  5.554e+05  3.384e+05  4.354e+05  3.578e+05  3.803e+05  3.509e+05  4.044e+05  2.694e+05  3.196e+05  2.976e+05  4.353e+05   4.46e+05   5.13e+05  3.477e+05  5.885e+05  4.878e+05  4.889e+05  3.618e+05  4.461e+05    5.3e+05  4.909e+05  6.067e+05  1.875e+05  5.829e+05  4.412e+05  7.441e+05  7.255e+05  6.196e+05  4.903e+05  6.568e+05  6.817e+05   6.29e+05  3.829e+05  3.659e+05  4.853e+05  4.831e+05  6.864e+05  3.624e+05  5.536e+05  3.964e+05  5.537e+05  5.199e+05  5.083e+05  5.392e+05  5.883e+05  6.214e+05  6.041e+05  5.346e+05  1.296e+05
  2.977e+05   3.84e+05  4.603e+05  2.984e+05  4.261e+05   2.83e+05  -3.25e+06   2.66e+05  1.325e+05  2.767e+05 -6.661e+06      -5946 -1.261e+07 -1.176e+06  -3.81e+07 -2.363e+06  6.686e+04   4.08e+05   2.57e+05  2.546e+05 -9.582e+04  3.285e+05  4.297e+05  3.454e+05  1.937e+05  5.051e+05   3.36e+05    5.3e+05  2.495e+05  4.361e+05  4.217e+05   4.35e+05 -2.525e+05  3.298e+05  3.205e+05  3.242e+05 -3.018e+05  9.151e+04  2.462e+05  4.495e+05  2.907e+05   4.92e+05  4.602e+05  5.012e+05    2.8e+05  4.119e+05  3.983e+05  4.587e+05  2.733e+05 -4.556e+04   3.73e+05  2.562e+05  3.455e+05   4.88e+05   4.06e+05  3.794e+05  2.893e+05  3.796e+05   3.88e+05  5.199e+05  5.804e+05  4.906e+05  5.372e+05  5.998e+05  4.562e+05  3.715e+05  3.053e+05  5.446e+05  5.528e+05  3.966e+05  5.238e+05  3.545e+05  5.045e+05  4.198e+05  6.103e+05  5.062e+05  6.509e+05  7.841e+05  8.208e+05  6.313e+05  7.926e+05  9.047e+05   7.55e+05  6.889e+05  7.671e+05  8.273e+05  8.343e+05  9.211e+05  8.872e+05  8.665e+05  7.646e+05  1.045e+06  7.057e+05  3.096e+05  3.213e+05  3.666e+05  4.242e+05  3.852e+05  5.074e+05  3.603e+05  3.978e+05  4.298e+05   6.18e+05  5.541e+05  4.919e+05  5.681e+05  3.457e+05  6.836e+05  4.584e+05  3.569e+05  5.349e+05  2.083e+05  3.087e+05  5.094e+05  8.844e+05  5.521e+05  3.643e+05  7.007e+05  4.411e+05  3.379e+05  4.559e+05  3.853e+05  4.899e+05  6.462e+05  5.622e+05  4.866e+05  5.089e+05  9.229e+05  6.894e+05  3.053e+05  5.964e+05  3.748e+05  3.521e+05  4.357e+05  6.229e+05  6.178e+05  7.767e+05  5.445e+05  4.429e+05  7.105e+05  1.617e+05
  -1.78e+05  6.465e+05   6.03e+05  5.258e+05  7.181e+05 -5.209e+05 -7.831e+07  -8.86e+06 -1.303e+06 -3.851e+06 -1.165e+07 -2.429e+05 -6.741e+06 -4.077e+05 -2.363e+06 -1.347e+08 -4.973e+06 -2.785e+04   1.19e+05  1.067e+05 -4.415e+06 -9.959e+05  3.133e+05  -4.84e+05   1.59e+05 -3.977e+05  4.545e+05  1.425e+05  6.463e+05  7.913e+05  9.952e+05  9.968e+05  -3.91e+06 -6.385e+05  6.113e+04  7.887e+04 -2.528e+06  -3.58e+05 -8.273e+05  1.606e+05  7.062e+05  8.266e+05  6.134e+05  1.479e+06 -4.499e+05  1.811e+05 -4.315e+05   3.31e+05  4.064e+05 -6.122e+06 -1.836e+06 -3.491e+04 -1.864e+06  1.828e+04    4.4e+05  3.546e+05 -1.219e+06  1.769e+05 -8.279e+05  7.165e+04  8.208e+05  8.171e+05  1.007e+06  7.288e+05  8.473e+05  1.095e+06  1.068e+06  9.764e+05  8.604e+05  7.898e+05 -1.133e+05  2.417e+05  1.906e+05  5.933e+05  4.652e+05  8.322e+05  8.665e+05  1.324e+06  1.251e+06  1.168e+06  1.077e+06  1.281e+06  1.098e+06  1.104e+06  1.124e+06  1.356e+06  1.507e+06  1.531e+06    1.5e+06   1.67e+06  1.742e+06  2.042e+06    1.2e+06   -2.2e+06 -6.156e+05   2.28e+05 -2.173e+05  3.491e+05  2.257e+05 -1.445e+06  9.741e+04 -5.754e+05   4.52e+05   5.26e+05  1.082e+06  1.137e+06  4.973e+05  8.468e+05  1.074e+06  2.613e+04  1.191e+06  1.176e+06  1.069e+06   1.09e+06  1.636e+06  1.719e+06  1.386e+06  1.451e+06  1.181e+06  1.555e+06  1.274e+06  1.122e+06  1.014e+06  1.831e+06  1.091e+06  1.168e+06  1.101e+06  1.105e+06  1.332e+06  1.095e+06  1.359e+06  8.322e+05  8.972e+05  1.175e+06  1.291e+06  9.347e+05   8.98e+05  1.334e+06   1.96e+06  1.649e+06  1.845e+05
  4.885e+05  8.812e+05  9.186e+05  6.513e+05   9.09e+05  3.622e+05 -3.954e+06 -1.189e+06 -1.373e+05 -5.045e+05 -1.431e+06  2.005e+05 -7.682e+05  3.487e+05  6.686e+04 -4.973e+06 -1.889e+08  2.938e+05  2.184e+05  2.346e+05 -1.117e+08 -4.411e+06 -1.705e+05 -2.153e+06 -6.887e+04 -1.484e+06      -6087 -4.913e+05   6.66e+05  5.188e+05  1.339e+06  8.712e+05 -3.308e+07 -3.028e+06 -7.699e+05 -4.289e+05 -1.314e+07 -2.083e+06  -5.02e+06 -6.157e+05  6.843e+05  1.996e+05  8.729e+05  8.025e+05 -2.534e+06 -2.548e+05 -1.156e+06 -1.326e+05  1.853e+05 -2.967e+07 -5.582e+06 -2.422e+05 -4.059e+06 -4.039e+05  1.951e+05  3.691e+05 -2.418e+06 -1.331e+05 -1.952e+06 -1.554e+05  8.834e+05  9.294e+05  9.864e+05  7.435e+05  9.599e+05  1.344e+06  9.814e+05  9.012e+05  9.488e+05  7.892e+05 -6.266e+05   2.44e+05 -8.273e+04  5.583e+05   4.02e+05  9.531e+05  1.114e+06  1.532e+06  1.472e+06    1.3e+06  1.441e+06   1.45e+06  1.157e+06   1.34e+06  1.385e+06  1.625e+06   1.56e+06  1.735e+06  1.665e+06   1.92e+06  2.144e+06  2.214e+06  1.476e+06 -6.962e+06  -1.95e+06  4.369e+04 -8.828e+05  4.033e+04  -2.88e+04 -3.074e+06 -2.178e+05 -1.586e+06  5.614e+05  1.099e+06  1.222e+06  1.292e+06    1.8e+05    8.1e+05  1.153e+06 -3.113e+05  6.124e+05  7.074e+05  1.394e+06  4.246e+05  6.137e+05  1.593e+06  1.796e+06  1.412e+06  1.307e+06  1.141e+06  1.795e+06  3.749e+05  1.901e+06  2.257e+06  8.773e+05  1.599e+06  1.312e+06  1.897e+06  1.321e+06  6.533e+05  1.117e+06  5.938e+05  1.208e+06  1.109e+06  1.779e+06  1.259e+06  9.935e+05  2.112e+06  1.896e+06  1.637e+06  2.938e+05
   2.63e+05  4.125e+05  4.512e+05  3.545e+05  3.843e+05  2.144e+05  2.177e+04  2.145e+05  2.039e+05  2.302e+05  6.295e+04  1.435e+05  3.006e+05  2.659e+05   4.08e+05 -2.785e+04  2.938e+05 -2.285e+07 -3.508e+06 -5.957e+06 -3.001e+06 -4.427e+05  1.423e+05 -1.705e+05  8.615e+04 -5.945e+04   3.56e+05  7.943e+04   5.08e+05  3.516e+05  5.758e+05   6.17e+05 -1.061e+06 -1.934e+05  8.779e+04  7.658e+04  -6.76e+05       3622 -2.768e+05  1.469e+05  4.566e+05  4.076e+05   5.41e+05  5.775e+05  -7.29e+04  2.152e+05  4.607e+04  2.022e+05  2.874e+05 -8.651e+04 -2.962e+05  1.156e+05 -3.323e+05  6.549e+04  2.659e+05  2.186e+05      -5939  2.587e+05 -1.542e+04  2.856e+05  4.875e+05  4.242e+05  5.587e+05  4.828e+05  4.144e+05  6.704e+05  5.782e+05  5.048e+05  4.776e+05  3.581e+05  1.472e+05  1.881e+05  2.593e+05   3.12e+05  3.317e+05  4.242e+05  5.271e+05  6.765e+05  5.984e+05  5.302e+05  6.558e+05    6.4e+05  5.463e+05  5.374e+05   6.01e+05  6.398e+05  7.083e+05  7.345e+05  8.095e+05  7.647e+05  8.639e+05  8.335e+05  5.982e+05 -6.444e+04  2.135e+05  3.156e+05  2.329e+05   4.36e+05  2.315e+05 -4.186e+04  2.409e+05  1.232e+05  4.286e+05  8.007e+05  7.382e+05  6.841e+05  5.365e+05  5.868e+05   7.29e+05  4.119e+05  7.735e+05  5.654e+05  7.929e+05   6.05e+05  8.967e+05   9.01e+05  6.527e+05  6.819e+05  7.051e+05  8.645e+05  8.776e+05  7.048e+05  8.553e+05  7.775e+05  7.181e+05  7.769e+05  8.727e+05  8.705e+05  7.627e+05  6.732e+05  7.543e+05  7.617e+05  6.652e+05  5.254e+05  8.604e+05  4.853e+05  8.562e+05  1.086e+06   1.07e+06   7.94e+05  1.437e+05
  1.382e+05   1.99e+05  2.205e+05  1.915e+05  2.038e+05   1.24e+05  1.617e+05  1.546e+05  1.377e+05  1.664e+05   1.19e+05  1.031e+05  2.274e+05  1.705e+05   2.57e+05   1.19e+05  2.184e+05 -3.508e+06 -6.498e+06  2.481e+05  -5.37e+05 -1.254e+04  1.464e+05  1.346e+05  1.177e+05  1.043e+05  2.201e+05   1.11e+05  3.116e+05  2.441e+05  3.605e+05  3.645e+05 -1.882e+05  9.425e+04  1.524e+05  8.398e+04   1.95e+04  1.052e+05  5.184e+04  1.493e+05  3.057e+05  2.659e+05  4.056e+05  2.382e+05  1.119e+05  1.959e+05  1.021e+05  1.317e+05  1.951e+05  1.104e+05  3.615e+04  1.191e+05       2934  1.051e+05  1.788e+05  1.215e+05   1.23e+05  1.648e+05  1.437e+05  1.806e+05  2.904e+05   2.41e+05  2.982e+05  2.862e+05  2.309e+05  3.694e+05  3.085e+05  2.954e+05  2.564e+05  1.774e+05  1.553e+05  1.216e+05  2.079e+05  1.749e+05  2.289e+05  2.331e+05  2.718e+05  3.417e+05  3.478e+05  2.511e+05  3.388e+05  3.468e+05   2.75e+05  2.923e+05  3.372e+05  3.392e+05  3.548e+05    3.9e+05  3.988e+05  4.183e+05  4.512e+05  4.806e+05  3.018e+05  1.121e+05  2.104e+05  2.187e+05  1.928e+05  2.605e+05  1.474e+05  1.642e+05  1.713e+05  1.991e+05   3.05e+05      5e+05  3.912e+05  3.968e+05  3.817e+05  3.341e+05  3.678e+05  2.969e+05  3.916e+05  3.392e+05  4.106e+05  2.489e+05  5.617e+05  4.897e+05   4.41e+05  4.221e+05  3.901e+05  5.285e+05  4.536e+05  3.332e+05  4.574e+05   4.81e+05  3.892e+05  5.129e+05  4.556e+05  3.598e+05  4.363e+05  3.855e+05  4.318e+05  3.531e+05  3.985e+05  3.253e+05  4.488e+05  4.595e+05  3.802e+05  4.851e+05  4.754e+05  3.995e+05  7.108e+04
  1.691e+05   2.68e+05  3.022e+05  2.245e+05  2.534e+05  1.564e+05  1.834e+05  2.024e+05  1.709e+05  2.015e+05  1.265e+05  1.411e+05  2.077e+05   1.97e+05  2.546e+05  1.067e+05  2.346e+05 -5.957e+06  2.481e+05 -9.169e+06 -1.124e+06  -4.84e+04  1.732e+05  1.253e+05  1.315e+05   9.95e+04  2.928e+05  1.381e+05  3.282e+05  3.112e+05  3.938e+05  4.157e+05 -2.657e+05       8515  1.411e+05  1.257e+05 -1.424e+05  1.221e+05  3.906e+04  1.864e+05  3.027e+05  3.045e+05  3.869e+05  4.342e+05  9.778e+04  1.896e+05  1.542e+05  1.997e+05  2.718e+05   8.95e+04   3.34e+04  1.292e+05  1.278e+04  1.639e+05  2.428e+05   1.75e+05  1.201e+05  2.062e+05  2.128e+05  2.698e+05  3.413e+05  3.032e+05  3.585e+05  3.419e+05  3.115e+05  4.645e+05  3.393e+05  3.922e+05  3.294e+05  2.602e+05  2.053e+05  1.416e+05  2.295e+05  2.093e+05  2.726e+05  2.643e+05   3.46e+05  4.488e+05  3.885e+05  3.422e+05  3.984e+05  4.356e+05  3.756e+05  3.634e+05   4.02e+05  4.178e+05  4.739e+05  5.045e+05  4.948e+05  4.998e+05  5.664e+05  5.023e+05  3.959e+05  1.305e+05   2.54e+05  2.537e+05  2.573e+05   3.44e+05  2.474e+05  1.321e+05  1.928e+05  1.955e+05  3.521e+05  5.847e+05  4.395e+05  4.674e+05  4.329e+05  3.983e+05  4.292e+05  3.443e+05  4.688e+05  4.366e+05  5.445e+05  4.456e+05  7.084e+05  4.354e+05  3.076e+05  4.455e+05  4.561e+05  5.477e+05  5.867e+05  7.172e+05  5.417e+05  5.248e+05  4.354e+05  4.863e+05  4.748e+05  4.114e+05  6.445e+05  4.554e+05  4.794e+05  4.134e+05   4.66e+05  3.644e+05  5.392e+05  3.411e+05  6.172e+05  6.468e+05  7.393e+05  5.565e+05  9.994e+04
  5.687e+05  9.707e+05  9.351e+05  6.664e+05  9.401e+05  4.232e+05 -3.588e+06 -1.232e+06 -9.396e+04 -5.358e+05 -1.434e+06  2.732e+05 -7.899e+05  4.327e+05 -9.582e+04 -4.415e+06 -1.117e+08 -3.001e+06  -5.37e+05 -1.124e+06 -3.252e+08 -6.929e+06 -3.706e+05 -3.588e+06 -2.552e+05 -2.265e+06 -4.545e+05  -7.71e+05  8.773e+04  1.151e+05  1.195e+06  6.183e+05 -5.403e+07 -4.232e+06 -1.235e+06 -7.255e+05 -2.168e+07 -3.102e+06 -7.154e+06 -1.032e+06  6.335e+04 -1.267e+05  1.099e+06  1.298e+06 -3.678e+06 -5.888e+05 -1.983e+06  -3.82e+05 -3.155e+05 -2.526e+07  -5.61e+06 -1.979e+05 -4.052e+06 -3.629e+05  2.085e+05  5.587e+05 -2.334e+06 -3.231e+04 -1.871e+06 -4.057e+04  8.298e+05  1.006e+06  1.073e+06  1.075e+06      1e+06  1.556e+06  1.284e+06   1.23e+06  1.136e+06  8.976e+05  -2.32e+05  3.717e+05  1.037e+05  6.585e+05  6.209e+05   1.07e+06  1.334e+06  1.847e+06  1.486e+06  1.498e+06  1.614e+06  1.796e+06  1.376e+06  1.514e+06  1.701e+06  1.478e+06  1.489e+06  1.976e+06  1.856e+06  2.352e+06  2.437e+06  2.455e+06  1.632e+06 -7.159e+06 -2.162e+06  1.235e+05 -1.028e+06  1.473e+04  1.381e+04 -3.261e+06 -7.703e+04  -1.43e+06  2.074e+05  5.576e+05  1.363e+06  1.299e+06  8.855e+05   8.36e+05  9.694e+05 -4.776e+05  4.896e+05  6.888e+05   1.18e+06    7.8e+05  1.021e+06  2.098e+06  1.751e+06  1.385e+06  1.026e+06   1.04e+06   1.84e+06  1.071e+06  1.813e+06   2.71e+06  8.395e+05  1.808e+06  1.829e+06  1.868e+06  1.086e+06  5.684e+05  1.188e+06  1.056e+06   1.34e+06  1.447e+06  1.603e+06  1.519e+06  1.398e+06  1.902e+06  2.218e+06  1.973e+06  3.167e+05
  6.075e+05  9.208e+05  1.047e+06   6.57e+05   9.15e+05  5.533e+05 -1.127e+06 -3.051e+05  7.965e+04  3.206e+04 -5.654e+05  2.894e+05 -1.801e+05  3.634e+05  3.285e+05 -9.959e+05 -4.411e+06 -4.427e+05 -1.254e+04  -4.84e+04 -6.929e+06 -1.088e+08 -3.254e+06  -3.44e+07 -1.793e+06 -1.652e+07 -2.174e+06 -3.046e+06      -1699 -4.451e+05   1.61e+05  1.703e+05 -2.225e+07 -2.382e+06 -7.438e+05  -3.85e+05 -8.019e+06  -2.04e+06 -3.633e+06 -7.247e+05  5.772e+04   8.47e+04  8.638e+05   7.02e+05 -2.121e+06 -4.199e+05 -1.372e+06 -3.133e+05 -8.358e+04 -2.984e+06 -2.834e+06      994.5 -2.389e+06 -2.392e+05  2.957e+05  3.794e+05 -1.315e+06  1.898e+05 -9.976e+05 -1.956e+04  7.427e+05  9.293e+05  1.017e+06  7.549e+05  7.954e+05  1.186e+06  1.107e+06  7.549e+05  9.173e+05  7.378e+05 -2.032e+04  3.885e+05  2.708e+05  6.239e+05  6.885e+05  9.293e+05   1.05e+06  1.534e+06  1.501e+06  1.266e+06  1.531e+06  1.521e+06  1.215e+06  1.243e+06  1.508e+06   1.53e+06  1.582e+06  1.708e+06   1.74e+06  1.975e+06  1.891e+06  2.111e+06  1.364e+06 -2.248e+06 -9.629e+05  1.999e+05 -5.655e+05  3.527e+05  8.257e+04 -1.278e+06  6.696e+04  -5.51e+05  6.329e+05  8.284e+05  1.202e+06   1.31e+06  4.507e+05  1.008e+06  1.246e+06  6.468e+05  8.925e+05  5.623e+05  1.279e+06  4.744e+05  7.689e+05  1.519e+06  1.207e+06   1.71e+06  1.497e+06  1.093e+06  1.326e+06    3.3e+05  1.832e+06  1.273e+06  1.287e+06  1.554e+06  1.305e+06  1.657e+06  2.012e+06  6.787e+05  1.297e+06  1.444e+06  1.412e+06  1.321e+06  1.256e+06  1.539e+06  1.626e+06  1.738e+06  1.681e+06  1.776e+06  2.933e+05
