
 43

((((((((((((lepus_granatensis: 0.000439, lepus_arcticus: 0.000000): 0.000000, lepus_othus: 0.001775): 0.000000, lepus_timidus: 0.000000): 0.000000, (lepus_capensis: 0.000000, (lepus_castroviejoi: 0.000000, lepus_corsicanus: 0.000000): 0.001202): 0.000000): 0.000000, lepus_townsendii: 0.000000): 0.000000, lepus_oiostolus: 0.000000): 0.000000, (((lepus_californicus: 0.000210, lepus_americanus: 0.062538): 0.007230, lepus_saxatilis: 0.000000): 0.001556, lepus_brachyurus: 0.000000): 0.000000): 0.000000, lepus_europaeus: 0.003093): 0.003582, (sylvilagus_floridanus: 0.000000, sylvilagus_brasiliensis: 0.002279): 0.004818): 0.012448, ((pentalagus_furnessi: 0.009330, bunolagus_monticularis: 0.000000): 0.000000, (romerolagus_diazi: 0.014552, brachylagus_idahoensis: 0.005197): 0.001788): 0.000776): 0.000245, (oryctolagus_cuniculus_algirus: 0.000999, oryctolagus_cuniculus: 0.002586): 0.004810): 0.025097, (((((((ochotona_annectens: 0.000000, ochotona_cansus_cansus: 0.000000): 0.000000, (ochotona_nubrica: 0.004917, ochotona_curzoniae: 0.000000): 0.002370): 0.000000, (ochotona_dauurica_bedfordi: 0.002450, ochotona_dauurica: 0.010304): 0.000000): 0.000000, ochotona_thomasi: 0.009992): 0.000000, ((((ochotona_ladacensis: 0.000000, ochotona_rutila: 0.002838): 0.000000, ochotona_rufescens: 0.009285): 0.008734, ochotona_erythrotis: 0.004138): 0.000000, ochotona_pusilla: 0.009592): 0.001626): 0.001364, (((ochotona_mantchurica: 0.003471, ochotona_hyperborea: 0.000000): 0.000000, ochotona_hoffmanni: 0.001747): 0.002215, (ochotona_alpina: 0.000000, ochotona_turuchanensis: 0.000000): 0.008763): 0.000000): 0.000453, ochotona_princeps: 0.017529): 0.038387, ((zaglossus_bruijni: 0.000000, tachyglossus_aculeatus: 0.021275): 0.003358, ornithorhynchus_anatinus: 0.018037): 0.238270);

  0.025097  0.000245  0.012448  0.003582  0.000000  0.000000  0.000000  0.000000  0.000000  0.000000  0.000000  0.000439  0.000000  0.001775  0.000000  0.000000  0.000000  0.001202  0.000000  0.000000  0.000000  0.000000  0.000000  0.001556  0.007230  0.000210  0.062538  0.000000  0.000000  0.003093  0.004818  0.000000  0.002279  0.000776  0.000000  0.009330  0.000000  0.001788  0.014552  0.005197  0.004810  0.000999  0.002586  0.038387  0.000453  0.001364  0.000000  0.000000  0.000000  0.000000  0.000000  0.000000  0.002370  0.004917  0.000000  0.000000  0.002450  0.010304  0.009992  0.001626  0.000000  0.008734  0.000000  0.000000  0.002838  0.009285  0.004138  0.009592  0.000000  0.002215  0.000000  0.003471  0.000000  0.001747  0.008763  0.000000  0.000000  0.017529  0.238270  0.003358  0.000000  0.021275  0.018037

  0.105332  0.005674  0.000000 -0.008845 -1416.067666 -1443.906498 -1364.119512 -1364.233453 -1197.020744 -1196.844811 -1196.844811  0.000000 -297.145886  0.000000 -641.150830 -1041.264176 -799.946130  0.000000 -874.469688 -633.863668 -528.711675 -79.786986 -297.074145  0.005666 -0.015170 -0.005092  0.000000 -230.242292 -295.738861 -0.008414 -0.014917 -3.805908  0.000000  0.000000 -229.592258  0.000000 -229.587893  0.000000  0.000000  0.000000  0.087762  0.000000  0.081716  0.000000  0.000000 -0.010318 -26.876223 -229.632567 -445.757755 -214.993631 -214.995232 -214.995232  0.000000  0.000000 -443.310996 -0.183936  0.000000  0.000000  0.000000  0.000000 -61.052851  0.000000 -65.719213 -65.712811  0.000000  0.000000  0.000000  0.000000 -803.918511 -0.006243 -947.279759  0.000000 -847.931943  0.000000  0.000000 -298.572410 -302.915720 -0.021309  0.000000  0.000000 -52.447867  0.000000  0.000000


Hessian

 -1.285e+06 -3.938e+04      -9221      -2558       3943       3686       3667       3667       1412       1411       1411       9036      673.3      -4254       1305       3530       3548       1787       1275       1293      644.8      18.98       1128      -5825      560.7       1117      515.1      -3381      833.3       3716      -1628       -861      725.1       2150      202.3      444.6     -31.14       1420      88.87        148 -1.091e+06       9165 -1.054e+06 -8.292e+05 -2.188e+04 -1.325e+04      -1611      -1441     -840.5      173.3      173.3      173.3      925.2       1461     -833.4     -422.6       1138     -820.5       1491       1871       -921      -3835       -225      -1032       1537       2071        118       1676      -2678       1624      -1230       2670     -963.2       2543      864.8      676.2      688.8 -7.962e+05   2.73e+04       3055      67.13       2735  2.677e+04
 -3.938e+04 -7.908e+06 -2.974e+05 -2.842e+05 -3.557e+04 -3.559e+04 -2.909e+04 -2.909e+04       -269     -269.5     -269.5       3486     -362.5       1031        326 -2.873e+04 -2.856e+04     -335.2      85.05      257.2     -602.5      -6496       2042      -3794       2595       2010       2478      -3593      681.6 -2.033e+05 -7.112e+04 -3.735e+04      374.1   -2.6e+05      -4642      -8395     -234.9 -2.428e+05       1020 -2.339e+05  -1.09e+06 -1.867e+04 -7.131e+04 -2.743e+04       5845       2222       1388       1336      112.2     -9.811     -9.816     -9.816       3050       1162        120       1218      815.5       2310       1245       1359      662.8       1263      552.9  1.334e-06       1053      587.8  1.169e-06      489.6      399.6       4464      63.01        938      354.9        785      937.1     -283.8       -288 -3.067e+04       9534      26.64     -474.3      722.1  1.079e+04
      -9221 -2.974e+05  -8.78e+05 -2.444e+05  -2.27e+04 -2.385e+04 -1.736e+04 -1.736e+04  1.146e+04  1.146e+04  1.146e+04  2.583e+04     -362.5       1031        326 -2.859e+04 -2.856e+04      -79.4      219.4      257.2       -468      -6496 -4.547e+04 -9.429e+04 -8.791e+04       2266 -8.804e+04      -3458      681.6 -1.302e+05      -2157      -1111      614.8       3127       4998       9946     -223.4       8876 -1.102e+04       1661 -1.218e+05 -3.849e+04 -7.348e+04       3859        816      -2807      -1252      -1304      112.2     -9.811     -9.816     -9.816       3050       1162        120      -1422      815.5      -2720       1245       1359      662.8       1263      552.9  1.331e-06       1053      587.8  1.216e-06      489.6      399.6       4464      63.01        938      354.9        785      937.1     -283.8       -288       -115     -62.65      263.7     -474.3      959.2       1536
      -2558 -2.842e+05 -2.444e+05 -1.495e+06 -2.204e+05 -1.846e+05 -1.781e+05 -1.781e+05      -1408      -1409      -1409      -6599     -77.03       1696      611.4 -1.759e+05 -1.762e+05       1054      800.6      542.6      113.7      -6496  -4.23e+04  -1.53e+04      -8916       3452      -9144      -3162 -3.762e+04 -7.237e+05 -8.367e+04 -4.302e+04       1111 -7.063e+04       1854       3241      152.9   -7.3e+04       1546 -7.232e+04 -1.586e+05 -1.656e+05 -3.338e+04       2423       7440       3566       1860       1808      112.2     -9.811     -9.816     -9.816       3050       1162        120       1690      815.5       3209       1245       1925      975.9       1859      848.7  5.326e-07       1617       1137  1.192e-06       1039      701.1       5077      349.7       1495      646.6       1339       1508     -323.6     -9.743      -1291       2922      889.4  4.777e-07      889.4       3655
       3943 -3.557e+04  -2.27e+04 -2.204e+05 -1.174e+05 -9.719e+04 -9.378e+04 -9.378e+04      -1006      -1005      -1005      -3971     -213.1      567.5     -514.2 -9.342e+04 -9.329e+04       1162     -645.8     -507.6     -344.3      -3410 -1.979e+04       1668       1115       1053       1053        160 -2.037e+04     -873.9 -1.751e+04      -9194        187       1622      77.81      392.3     -128.1      957.6     -875.3      870.3 -1.614e+04  1.856e-07 -1.614e+04       3984       3038      994.1      518.6      491.4     -5.154     -5.152     -5.154     -5.154       1479      610.2     -1.068      493.2      428.1      934.2      653.8      618.6      308.2      587.1      239.8   3.05e-07      456.9      278.4  2.577e-07      227.9      159.7       2281     -25.75        392      131.1      308.4      404.8     -209.9     -212.7       2068      636.5      63.31  2.801e-08      63.31      349.5
       3686 -3.559e+04 -2.385e+04 -1.846e+05 -9.719e+04 -9.725e+04 -9.383e+04 -9.384e+04      -1057      -1057      -1057       1569     -222.5      549.8     -525.8 -9.344e+04  -9.33e+04       1152     -658.6     -519.2     -354.9      -3410      233.2       1587       1011       1031      951.6      170.8     -296.8     -563.5  -1.34e+04      -7039        185       1656      100.1      436.8     -129.2       1004      167.8      327.1 -1.623e+04   4.85e-07 -1.623e+04       3651       2666      975.6      660.6      633.4     -5.154     -5.152     -5.154     -5.154       1479      610.2     -1.068      635.2      428.1       1205      653.8      601.6        299      569.5      230.5  3.044e-07      439.1      261.8  2.636e-07      210.3     -34.77       1910     -220.2      374.3     -63.36      290.6      387.2     -218.7       -222       1708      903.9      61.24  4.511e-08      61.24      613.5
       3667 -2.909e+04 -1.736e+04 -1.781e+05 -9.378e+04 -9.383e+04 -9.383e+04 -9.384e+04      -1057      -1057      -1057       1569     -222.5      549.8     -525.8 -9.344e+04  -9.33e+04       1152     -658.6     -519.2     -354.9 -2.121e-07      233.2       1587       1011       1031      951.6      170.8     -296.8     -563.5  -1.34e+04      -7039        185       1656      100.1      436.8     -129.2       1004      167.8      327.1 -1.351e+04  4.412e-07 -1.351e+04       3596       2622      931.9      637.7      637.7  1.605e-08  6.734e-08  1.703e-07  1.703e-07 -1.048e-08 -4.419e-07    7.9e-08      637.7 -3.076e-07       1215  3.881e-07      601.6        299      569.5      230.5  3.156e-07      439.1      261.8  2.528e-07      210.3     -34.77       1910     -220.2      374.3     -63.36      290.6      387.2     -218.7       -222       3105      681.9      61.24  4.893e-08      61.24      391.6
       3667 -2.909e+04 -1.736e+04 -1.781e+05 -9.378e+04 -9.384e+04 -9.384e+04 -9.384e+04      -1058      -1057      -1057       1663     -222.7      549.4       -526 -9.344e+04  -9.33e+04       1152     -658.8     -519.4       -355 -1.941e-07      233.1       1587       1011       1033      951.3      170.8     -296.8     -563.5 -1.337e+04      -7028        185       1656      100.1      436.8     -129.2       1004      167.8      327.1 -1.351e+04  4.412e-07 -1.351e+04       3596       2622      931.6      640.6      640.6  3.443e-08  8.572e-08  1.887e-07  1.887e-07  2.444e-08 -4.071e-07  9.739e-08      640.6 -2.727e-07       1220  4.227e-07      601.3      298.8      569.2      230.4  3.156e-07      438.8      261.5  2.528e-07        210     -34.94       1910     -220.4        374     -63.53      290.3      386.9     -218.8     -222.2       3104      681.9      61.24  4.893e-08      61.24      391.6
       1412       -269  1.146e+04      -1408      -1006      -1057      -1057      -1058      -1058      -1057      -1057       1662     -222.7      549.4     -526.2     -658.9     -519.3       1152     -658.8     -519.4     -354.8   8.95e-08      233.4       1587       1012       1033      951.6        171     -296.8     -563.4     -612.4     -327.6      185.1       1656      100.3      436.8       -129       1004      167.8      327.1        561   1.01e-07        561       1297       2622      931.6      640.6      640.6 -6.739e-08  7.872e-08  5.804e-08  5.804e-08 -1.164e-07 -1.523e-07  9.836e-09      640.6 -2.128e-07       1220   1.59e-07        601      298.7      568.9      230.2  1.266e-07      438.5      261.5  8.655e-08        210     -35.11       1910     -220.6      373.7      -63.7      289.9      386.6       -219     -222.4      805.1      410.8     -112.5  7.332e-08     -112.5      294.6
       1411     -269.5  1.146e+04      -1409      -1005      -1057      -1057      -1057      -1057      -1057      -1057       1663     -222.7      549.4       -526     -658.7     -519.1       1152     -658.6     -519.2     -354.8  8.948e-08      233.5       1587       1012       1033      951.6      170.8     -296.7     -563.1     -612.4     -327.6      185.1       1656      100.3      436.8       -129       1004      167.8      327.1        561   1.01e-07        561       1296       2622      931.6      640.6      640.6  -6.74e-08   7.87e-08  5.803e-08  5.803e-08 -1.164e-07 -1.523e-07  9.835e-09      640.6 -2.127e-07       1220   1.59e-07        601      298.7      568.9      230.2  1.265e-07      438.5      261.5  8.654e-08        210     -35.11       1910     -220.5      373.7     -63.69      289.9      386.5       -219     -222.4      804.7      410.7     -112.5   7.33e-08     -112.5      294.5
       1411     -269.5  1.146e+04      -1409      -1005      -1057      -1057      -1057      -1057      -1057      -1057       1663     -222.7      549.4       -526     -658.7     -519.1       1152     -658.6     -519.2     -354.8  7.777e-08      233.5       1587       1012       1033      951.6      170.8     -296.7     -563.1     -612.4     -327.6      185.1       1656      100.3      436.8       -129       1004      167.8      327.1        561  1.341e-07        561       1296       2622      931.6      640.6      640.6 -1.011e-07  6.883e-08  4.815e-08  4.815e-08 -1.805e-07  -1.71e-07 -2.384e-08      640.6 -2.315e-07       1220  1.404e-07        601      298.7      568.9      230.2   1.21e-07      438.5      261.5  7.593e-08        210     -35.11       1910     -220.5      373.7     -63.69      289.9      386.5       -219     -222.4      804.7      410.7     -112.5  1.923e-07     -112.5      294.5
       9036       3486  2.583e+04      -6599      -3971       1569       1569       1663       1662       1663       1663 -5.186e+06       3252       8032       2675       2422       2688       9184       2422       2688       3001  2.049e-07       4078       9943       8847       8958       8212      325.3     -565.1      -1072 -4.598e+05 -2.414e+05      352.7       3155      191.1        832     -245.7       1912      319.6        623       7644 -5.214e-07       7644       8817  1.197e+04       8763       4845       4845  5.111e-08  1.806e-07  1.412e-07  1.412e-07    1.2e-07 -2.319e-07  1.982e-07       4845 -3.468e-07       9229  3.607e-07       8130       4202       8003       4100  2.605e-07       7810       7413  2.022e-07       7312       3609  1.062e+04       3256       7681       3555       7538       7657       3259       3253       8370      782.3     -214.3  1.853e-07     -214.3      560.9
      673.3     -362.5     -362.5     -77.03     -213.1     -222.5     -222.5     -222.7     -222.7     -222.7     -222.7       3252     -222.7      549.4     -221.9     -222.7     -222.4      631.5     -222.6     -222.6     -222.7  1.844e-08     -128.3     -244.5     -244.5       1284     -348.8  7.579e-08  7.037e-08     -401.2      237.8      124.8 -1.086e-08  6.309e-08  5.326e-08   5.87e-08  2.697e-08  1.455e-08 -2.666e-07   6.75e-08        421   8.36e-08        421      673.3       2708       1017      680.8      680.8 -3.155e-08  2.833e-08  1.871e-08  1.871e-08 -4.478e-08 -1.646e-08  9.611e-09      680.8  -3.67e-08       1297    5.8e-08      614.1      305.6        582      237.1  3.072e-08      451.6      261.5  2.348e-08        210     -28.02       1924     -213.2      387.6     -56.33      303.9        258     -211.5     -214.8      151.9  1.082e-07  4.118e-08  2.363e-08 -5.004e-08  1.394e-07
      -4254       1031       1031       1696      567.5      549.8      549.8      549.4      549.4      549.4      549.4       8032      549.4 -3.147e+05      550.9      549.4      549.9       3049      549.7      549.7      549.4  3.745e-08        717       1366       1366       4289       1027  1.754e-09  1.721e-08       1083       2291       1203 -5.364e-08 -3.028e-07  4.135e-08  3.122e-08  3.355e-08 -3.825e-07   3.17e-07  -2.83e-07       2461  4.013e-07       2461      -4254 -2.284e+05       3792       2265       2265 -1.033e-08  5.551e-08  3.722e-08  3.722e-08   9.41e-09 -2.811e-08  6.788e-08       2265 -6.658e-08       4315  1.135e-07       3039       1554       2960       1432  7.351e-08       2727       2350  7.356e-08       2251      642.5       5516        580       2604      877.9       2450       2343      583.3      576.9 -2.407e+04  1.215e-05  3.897e-07   7.13e-08  1.699e-07  1.206e-05
       1305        326        326      611.4     -514.2     -525.8     -525.8       -526     -526.2       -526       -526       2675     -221.9      550.9     -526.2     -526.2     -518.5       1405     -526.1     -518.7     -221.9  7.083e-08     -424.4      334.4       -243       1286     -347.4      303.1     -296.8       -977      238.6      125.3 -4.399e-08  1.186e-07  9.466e-08  1.678e-07  4.738e-08 -1.092e-08 -2.486e-07   6.93e-08      417.3  1.294e-07      417.3       1394       2696       1005      679.3      679.3  1.188e-09  7.872e-08  5.804e-08  5.804e-08 -5.576e-08 -6.312e-08  9.836e-09      679.3 -1.226e-07       1294  9.925e-08      602.5      299.4      570.4        231  1.028e-07      439.9      262.5  3.884e-08        211     -34.35       1911     -219.8      375.1     -62.93      291.4        388     -218.5     -221.6      847.8        161  4.138e-08   6.52e-08 -2.737e-08        161
       3530 -2.873e+04 -2.859e+04 -1.759e+05 -9.342e+04 -9.344e+04 -9.344e+04 -9.344e+04     -658.9     -658.7     -658.7       2422     -222.7      549.4     -526.2 -9.344e+04  -9.33e+04       1152     -658.8     -519.4     -354.9 -2.253e-07     -557.1       81.7       -494       1033       -554        171     -296.8      -1229 -1.276e+04      -6707      184.6     -245.8       -129  1.882e-07       -129  3.131e-08 -2.707e-07  3.047e-07 -1.362e+04  4.137e-07 -1.362e+04       3596       2622      931.4      640.5      640.5  2.138e-08  6.679e-08  1.698e-07  1.698e-07 -6.154e-08 -3.698e-07  2.667e-08      640.5 -2.346e-07       1220  3.604e-07        601      298.7      568.9      230.2  3.103e-07      438.5      261.5  2.302e-07        210      -35.1       1910     -220.5      373.7     -63.69        290      386.3       -219     -222.4       3104      545.1      61.38   4.63e-08      61.38      254.9
       3548 -2.856e+04 -2.856e+04 -1.762e+05 -9.329e+04  -9.33e+04  -9.33e+04  -9.33e+04     -519.3     -519.1     -519.1       2688     -222.4      549.9     -518.5  -9.33e+04  -9.33e+04       1418     -519.2     -519.2     -222.4 -2.312e-07     -424.9      333.5       -244       1285     -348.3      303.1     -296.8     -963.8 -1.252e+04      -6575 -2.141e-07 -3.591e-08  1.425e-07  1.521e-07  1.058e-07 -1.987e-07  -2.96e-07  9.209e-08 -1.365e+04  1.472e-07 -1.365e+04       3681       2709       1018        681        681  1.587e-08  6.656e-08  1.698e-07  1.698e-07 -8.025e-08 -3.532e-07  9.611e-09        681 -2.183e-07       1297  3.263e-07      614.6      305.8      582.5      237.3  2.789e-07      452.1        262    1.8e-07      210.5     -27.76       1924     -212.9      388.1     -56.08      304.4      258.5     -211.2     -214.6       3159      432.3      174.1  4.018e-08      174.1      258.2
       1787     -335.2      -79.4       1054       1162       1152       1152       1152       1152       1152       1152       9184      631.5       3049       1405       1152       1418 -1.378e+06       1072       1338      379.7   1.48e-07       1333       4707       1045       3970      779.7       1672        786       2224       1993       1035      351.6     -468.1     -245.8  3.041e-07     -245.8 -6.297e-08  8.424e-08  5.506e-08       2850 -1.132e-07       2850      -4749       6989       3776       2258       2258  -1.64e-08  1.498e-07  1.104e-07  1.104e-07  -1.25e-07 -1.507e-07  2.079e-08       2258 -2.639e-07       4301  2.518e-07       3117       1604       3055       1474  2.428e-07       2807      497.3  1.445e-07      399.3      988.2       5634      635.5       2710      933.7       2556       2721      638.5      632.1      -5553       1436     -214.7  1.319e-07     -214.7       1215
       1275      85.05      219.4      800.6     -645.8     -658.6     -658.6     -658.8     -658.8     -658.6     -658.6       2422     -222.6      549.7     -526.1     -658.8     -519.2       1072     -658.7     -519.3     -354.7  7.632e-08       -557      81.91     -493.8       1033     -553.7      170.9     -296.9      -1229    -0.9028     -6.561      184.6     -245.8       -129  1.854e-07       -129  1.375e-08 -2.419e-07  7.614e-08      454.7  1.835e-07      454.7       1297       2622      931.7      640.6      640.6  2.146e-08  7.872e-08  5.804e-08  5.804e-08 -8.368e-09 -7.922e-08  4.103e-08      640.6 -1.387e-07       1220  1.323e-07      601.3      298.8      569.2      230.3  1.263e-07      438.8      261.5  7.338e-08        210     -34.95       1910     -220.4        374     -63.54      290.2      386.6     -218.8     -222.2      805.6      273.8     -112.7  7.204e-08     -112.7      157.6
       1293      257.2      257.2      542.6     -507.6     -519.2     -519.2     -519.4     -519.4     -519.2     -519.2       2688     -222.6      549.7     -518.7     -519.4     -519.2       1338     -519.3     -519.3     -222.6  7.037e-08     -425.1      333.2     -244.2       1285     -348.5      303.1     -296.9     -964.1      238.1        125 -4.376e-08  1.258e-07  9.628e-08   1.71e-07  4.738e-08 -3.443e-09 -2.455e-07  7.634e-08      421.2  1.725e-07      421.2       1382       2708       1017      680.9      680.9  3.278e-08   7.85e-08  5.804e-08  5.804e-08  4.983e-09 -6.264e-08   4.08e-08      680.9 -1.224e-07       1297  9.842e-08      614.4      305.7      582.3      237.2  1.024e-07      451.9      261.5  3.795e-08        210     -27.87       1924       -213      387.9     -56.18      304.2      258.3     -211.3     -214.7      860.6      160.9  4.426e-08  6.609e-08 -2.316e-08      160.9
      644.8     -602.5       -468      113.7     -344.3     -354.9     -354.9       -355     -354.8     -354.8     -354.8       3001     -222.7      549.4     -221.9     -354.9     -222.4      379.7     -354.7     -222.6     -355.1  2.393e-08     -260.4     -496.1     -494.4       1033     -554.3     -132.3  7.587e-08     -652.3    -0.8641     -6.551        185     -246.1     -129.2  7.294e-08     -129.2  3.199e-08 -2.632e-07  6.729e-08      459.6  5.916e-08      459.6      577.7       2635      944.5      642.7      642.7  -4.29e-08  2.833e-08  1.871e-08  1.871e-08 -5.699e-08 -3.238e-08  9.611e-09      642.7 -5.284e-08       1224   9.01e-08      614.1      305.6        582      237.1   5.42e-08      451.6      261.5  5.807e-08        210     -28.02       1924     -213.2      387.6     -56.33      303.9        258     -211.5     -214.8      110.7      113.1     -112.8  2.913e-08     -112.8     -3.258
      18.98      -6496      -6496      -6496      -3410      -3410 -2.121e-07 -1.941e-07   8.95e-08  8.948e-08  7.777e-08  2.049e-07  1.844e-08  3.745e-08  7.083e-08 -2.253e-07 -2.312e-07   1.48e-07  7.632e-08  7.037e-08  2.393e-08      -3410  8.816e-08  1.561e-07  1.596e-08  4.592e-08  4.607e-08  5.353e-08  5.193e-08  2.411e-07  1.078e-07  5.365e-08  1.175e-07  6.071e-08  1.484e-08   3.34e-08  6.892e-09  2.624e-08 -2.864e-07  7.565e-08      -2712  5.694e-08      -2712       55.2      43.64      43.64       22.9     -4.289     -5.154     -5.152     -5.154     -5.154       1479      610.2     -1.068     -2.485      428.1     -10.04      653.8 -7.158e-08  2.365e-08  4.787e-08  1.495e-08  -8.82e-09  3.523e-08  3.148e-08  1.536e-08  5.231e-08  1.007e-08   6.28e-08  1.008e-08 -6.887e-09  1.008e-08   2.63e-08  1.695e-08  1.008e-08  1.008e-08      -1397      221.9  1.675e-08 -3.825e-09  2.618e-09      221.9
       1128       2042 -4.547e+04  -4.23e+04 -1.979e+04      233.2      233.2      233.1      233.4      233.5      233.5       4078     -128.3        717     -424.4     -557.1     -424.9       1333       -557     -425.1     -260.4  8.816e-08 -2.715e+04 -1.233e+04 -1.291e+04  -4.59e+04      -9303        171 -2.037e+04       2458      -2087      -1102      184.5      -8222      547.1       1288       -129     -721.8     -126.6       1727       2906  2.303e-07       2906       1617       2978      943.5      644.8      644.8  2.752e-07  7.955e-08  6.375e-08  6.375e-08 -4.539e-08  3.992e-08  2.929e-08      644.8  1.882e-07       1228  1.799e-07      618.5      307.5      585.8      239.9  1.384e-07      457.1      278.1  1.019e-07      227.1      168.1       2270     -14.76      402.6      139.8      320.9      275.2     -198.2     -201.5       1189     -389.1     -112.7  6.842e-08     -112.7     -505.2
      -5825      -3794 -9.429e+04  -1.53e+04       1668       1587       1587       1587       1587       1587       1587       9943     -244.5       1366      334.4       81.7      333.5       4707      81.91      333.2     -496.1  1.561e-07 -1.233e+04 -4.347e+05 -2.459e+04 -8.742e+04 -1.772e+04 -2.155e+05      577.4       6848       1998       1037      351.4 -1.566e+04       1042       2453     -245.7      -1375     -241.1       3290       5331  4.256e-07       5331     -270.8       5000       1797       1228       1228  4.347e-07  1.415e-07  1.028e-07  1.028e-07 -2.419e-07  1.011e-07 -3.367e-08       1228  3.563e-07       2339  2.858e-07       1178      585.8       1116        457  2.419e-07      870.6      529.6  1.576e-07      432.6     -32.45       3653     -380.7      766.8     -86.29      611.2      524.3     -377.4     -383.8      -1135      147.5     -214.6  2.605e-07     -214.6     -73.66
      560.7       2595 -8.791e+04      -8916       1115       1011       1011       1011       1012       1012       1012       8847     -244.5       1366       -243       -494       -244       1045     -493.8     -244.2     -494.4  1.596e-08 -1.291e+04 -2.459e+04 -2.459e+04 -8.742e+04 -1.772e+04     -249.9    3.3e-08       5757       2001       1039      347.7 -1.566e+04       1044       2453       -244      -1375     -241.1       3290       5331  3.004e-07       5331       1111       5001       1798       1228       1228  4.243e-07  6.014e-09 -1.212e-08 -1.212e-08 -1.235e-07  1.011e-06  2.048e-08       1228  4.434e-07       2340  5.757e-07       1178      585.8       1116        457  1.218e-07      870.6      529.6  1.609e-07      432.6     -32.45       3653     -380.7      766.8     -86.29      611.2      524.3     -377.4     -383.8        246     -463.9     -213.3   7.78e-08     -213.3     -683.5
       1117       2010       2266       3452       1053       1031       1031       1033       1033       1033       1033       8958       1284       4289       1286       1033       1285       3970       1033       1285       1033  4.592e-08  -4.59e+04 -8.742e+04 -8.742e+04 -9.795e+05 -1.087e+04     -251.5  4.889e-08       1998       3228       1683      352.2     -467.6     -245.5  1.032e-07     -245.5 -6.393e-08  5.573e-08   2.31e-09       4030   6.25e-08       4030        989       5040       1610       1229       1229  4.321e-06  5.123e-08  3.291e-08  3.291e-08 -1.166e-07 -9.705e-07  1.217e-08       1229   4.29e-06       2341 -2.799e-07      981.8      483.2      920.4        353  9.795e-08      672.4      508.8  1.002e-07      410.8     -42.12       3685     -390.5        765     -92.42      606.3      518.7     -387.3     -393.7        238      214.4     -214.1  4.908e-08     -214.1     -5.726
      515.1       2478 -8.804e+04      -9144       1053      951.6      951.6      951.3      951.6      951.6      951.6       8212     -348.8       1027     -347.4       -554     -348.3      779.7     -553.7     -348.5     -554.3  4.607e-08      -9303 -1.772e+04 -1.772e+04 -1.087e+04  -1.71e+04     -205.5  6.231e-08       5640       1782      925.1        364 -1.557e+04       1088       2453     -200.1      -1375     -241.1       3290       5066 -5.762e-07       5066       1076       4672       1716       1153       1153  1.056e-07  1.793e-08  1.143e-09  1.143e-09 -1.508e-07  1.813e-07 -1.594e-10       1153  1.356e-07       2197  1.519e-07       1110      547.5       1043      428.7  9.853e-08      816.7      486.3  1.216e-07      397.2     -31.92       3329     -354.1      694.2      -87.1      560.4      479.2     -351.1     -356.9      219.8     -536.7     -148.7  1.902e-07     -148.7     -636.7
      -3381      -3593      -3458      -3162        160      170.8      170.8      170.8        171      170.8      170.8      325.3  7.579e-08  1.754e-09      303.1        171      303.1       1672      170.9      303.1     -132.3  5.353e-08        171 -2.155e+05     -249.9     -251.5     -205.5 -1.132e+05      303.1      323.2     -238.7     -131.4        185     -246.1     -129.2  1.396e-07     -129.2 -1.852e-07 -2.733e-07 -1.758e-07      38.66 -1.371e-07      38.66     -820.4     -72.58     -72.58     -38.11     -38.11  2.682e-08  6.018e-08  4.937e-08  4.937e-08 -1.228e-08 -4.292e-08  5.054e-09     -38.11 -8.253e-08     -72.58  9.142e-08  3.729e-08  3.148e-08  8.352e-08  1.977e-07  9.445e-08  5.972e-08   1.38e-08  4.799e-08  1.086e-07  4.136e-09 -1.112e-07 -5.177e-08 -7.619e-08 -6.868e-08  1.726e-08 -5.406e-08  7.327e-08  7.327e-08     -766.1        433     -112.8  1.872e-08     -112.8      316.7
      833.3      681.6      681.6 -3.762e+04 -2.037e+04     -296.8     -296.8     -296.8     -296.8     -296.7     -296.7     -565.1  7.037e-08  1.721e-08     -296.8     -296.8     -296.8        786     -296.9     -296.9  7.587e-08  5.193e-08 -2.037e+04      577.4    3.3e-08  4.889e-08  6.231e-08      303.1 -2.037e+04     -563.1      -3136      -1646 -2.509e-08  1.166e-07  5.736e-08  1.245e-07  3.307e-08  6.486e-07 -2.732e-07   -5.7e-07      106.9  1.393e-07      106.9       1035      352.5  1.778e-07  7.557e-08  2.373e-08  3.314e-08  5.017e-08  4.389e-08  4.389e-08 -1.747e-08 -6.904e-08 -6.163e-19  8.166e-08 -9.428e-08  9.364e-08  6.048e-08  1.411e-08  4.487e-08 -5.635e-07  1.804e-07  7.773e-08  3.756e-08 -5.978e-07  2.368e-08 -5.202e-07      185.1      352.5      185.1  5.416e-07      185.1  1.508e-08 -3.007e-08  5.117e-08  5.117e-08       1060     -146.6  1.022e-08  3.508e-08  2.023e-08     -146.6
       3716 -2.033e+05 -1.302e+05 -7.237e+05     -873.9     -563.5     -563.5     -563.5     -563.4     -563.1     -563.1      -1072     -401.2       1083       -977      -1229     -963.8       2224      -1229     -964.1     -652.3  2.411e-07       2458       6848       5757       1998       5640      323.2     -563.1 -1.391e+06 -2.668e+04 -1.402e+04      350.4 -6.955e+04       2643       5501     -245.2 -7.081e+04       4957 -7.148e+04 -1.255e+05 -1.656e+05     -219.8       1186       5224       2038       1205       1205        122  3.051e-07  2.612e-07  2.612e-07      232.4  1.461e-06        122       1083 -7.911e-07       2063 -1.779e-06       1180      586.7       1117        455 -6.744e-07      866.8      183.1 -5.898e-07      437.3     -45.35       3660     -397.1      748.5     -99.85      590.4      773.1     -394.1     -400.5     -102.2       6067     -214.2  4.517e-07     -214.2       5847
      -1628 -7.112e+04      -2157 -8.367e+04 -1.751e+04  -1.34e+04  -1.34e+04 -1.337e+04     -612.4     -612.4     -612.4 -4.598e+05      237.8       2291      238.6 -1.276e+04 -1.252e+04       1993    -0.9028      238.1    -0.8641  1.078e-07      -2087       1998       2001       3228       1782     -238.7      -3136 -2.668e+04 -1.309e+06  -6.87e+05        370 -4.426e+04      189.1        807     -234.6 -4.681e+04      485.9 -4.647e+04  -1.36e+04       7886  1.759e+04      -1938       7826       2951      -8502      -8502 -5.429e-07  1.241e-07  9.572e-08  9.572e-08 -1.536e-06  4.518e-07  6.358e-09      -8502  1.389e-06 -1.619e+04  9.921e-07       2359       1228       2338       1105  6.227e-07       2104       1732  6.246e-07       1627       1448       6492       1098       1980       1394       1826       1725      252.5      251.6      24.01       3016      369.2     -474.3       1065       3958
       -861 -3.735e+04      -1111 -4.302e+04      -9194      -7039      -7039      -7028     -327.6     -327.6     -327.6 -2.414e+05      124.8       1203      125.3      -6707      -6575       1035     -6.561        125     -6.551  5.365e-08      -1102       1037       1039       1683      925.1     -131.4      -1646 -1.402e+04  -6.87e+05 -3.607e+05     -50.05 -2.325e+04      94.15      423.7     -128.3 -2.457e+04      255.1 -2.439e+04      -7150       4140       9225      -1025       4117       1558      -4459      -4459 -2.919e-07  7.154e-08  5.664e-08  5.664e-08 -8.192e-07 -2.233e-07 -4.359e-09      -4459  7.414e-07      -8493  3.002e-07       1238      644.5       1228      579.9  3.208e-07       1105      909.5  3.159e-07      854.4      760.2       3408      576.4       1039        732      958.4      905.7      132.6      132.1      6.552       1592        184       -249      549.1       2069
      725.1      374.1      614.8       1111        187        185        185        185      185.1      185.1      185.1      352.7 -1.086e-08 -5.364e-08 -4.399e-08      184.6 -2.141e-07      351.6      184.6 -4.376e-08        185  1.175e-07      184.5      351.4      347.7      352.2        364        185 -2.509e-08      350.4        370     -50.05 -1.922e+05      362.7      190.4 -1.929e-08      190.4 -1.854e-07 -3.841e-08   1.96e-07      895.6  3.786e-07      895.6      588.4      676.4      676.4      355.1      355.1 -6.541e-08 -1.165e-08 -1.165e-08 -1.165e-08 -1.068e-07  -5.23e-08  -4.39e-08      355.1 -5.279e-08      676.4  3.909e-08 -2.135e-09 -3.746e-08  3.176e-08  6.293e-08  3.664e-08  2.909e-08 -1.517e-08  5.045e-08  6.618e-08 -6.833e-08 -1.953e-07 -1.182e-07 -5.765e-08 -1.228e-07 -3.663e-08 -5.833e-08  1.592e-08  1.592e-08        730      750.7        577  9.158e-09        577      789.5
       2150   -2.6e+05       3127 -7.063e+04       1622       1656       1656       1656       1656       1656       1656       3155  6.309e-08 -3.028e-07  1.186e-07     -245.8 -3.591e-08     -468.1     -245.8  1.258e-07     -246.1  6.071e-08      -8222 -1.566e+04 -1.566e+04     -467.6 -1.557e+04     -246.1  1.166e-07 -6.955e+04 -4.426e+04 -2.325e+04      362.7 -1.727e+06     -599.3     -675.4     -244.7 -4.764e+05       4263 -3.099e+05 -4.945e+04       9110  1.043e+04      860.8     -320.7     -320.7     -168.4     -168.4  1.935e-06  5.376e-08  3.861e-08  3.861e-08 -1.183e-07  -2.03e-07 -2.701e-08     -168.4   1.25e-06     -320.7   2.53e-07  1.185e-07  7.398e-07  2.087e-07  8.921e-07  4.762e-07 -4.634e-08 -8.714e-08  4.054e-07 -1.597e-07   2.41e-07  4.138e-07  1.001e-07  4.316e-07  9.466e-08  -3.47e-07  2.841e-07  1.137e-07  1.133e-07      937.1       5843     -204.7  1.654e-07     -204.7       5636
      202.3      -4642       4998       1854      77.81      100.1      100.1      100.1      100.3      100.3      100.3      191.1  5.326e-08  4.135e-08  9.466e-08       -129  1.425e-07     -245.8       -129  9.628e-08     -129.2  1.484e-08      547.1       1042       1044     -245.5       1088     -129.2  5.736e-08       2643      189.1      94.15      190.4     -599.3 -1.916e+04 -3.624e+04     -128.5      -9796       1086       1627 -1.237e+04  5.126e-07 -1.237e+04     -93.73     -168.4     -168.4      -88.4      -88.4  4.124e-09  1.232e-08  1.232e-08  1.232e-08  5.917e-08  1.756e-07  6.223e-08      -88.4 -6.323e-08     -168.4  8.488e-08  1.551e-07 -2.881e-07 -3.461e-07  1.764e-07  4.887e-08  9.585e-08  3.779e-08  8.407e-08  2.064e-07  1.371e-07  2.393e-07    1.1e-07 -3.165e-08  1.071e-07  1.843e-08  2.074e-07  5.672e-08   5.71e-08     -53.69      344.3     -107.5  1.301e-08     -107.5      235.4
      444.6      -8395       9946       3241      392.3      436.8      436.8      436.8      436.8      436.8      436.8        832   5.87e-08  3.122e-08  1.678e-07  1.882e-07  1.521e-07  3.041e-07  1.854e-07   1.71e-07  7.294e-08   3.34e-08       1288       2453       2453  1.032e-07       2453  1.396e-07  1.245e-07       5501        807      423.7 -1.929e-08     -675.4 -3.624e+04 -6.904e+04  2.106e-08 -1.866e+04       2069       3099 -2.362e+04 -3.678e-06 -2.362e+04 -1.256e-05  2.974e-07  3.833e-07  1.256e-07  1.178e-07 -1.798e-08  1.154e-08  1.154e-08  1.154e-08  4.576e-08  3.422e-07  7.112e-08  6.538e-08 -1.124e-07  1.622e-08  7.822e-08  6.284e-09 -1.505e-07   -3.5e-09  1.241e-07  3.254e-08 -8.483e-08  4.245e-08   6.39e-08 -1.812e-07  7.245e-08  1.615e-07  7.059e-08 -8.496e-08  6.992e-08 -1.077e-08  3.716e-07  4.976e-08  4.938e-08 -1.255e-05      444.6 -1.568e-07  1.764e-08 -8.424e-08      444.6
     -31.14     -234.9     -223.4      152.9     -128.1     -129.2     -129.2     -129.2       -129       -129       -129     -245.7  2.697e-08  3.355e-08  4.738e-08       -129  1.058e-07     -245.8       -129  4.738e-08     -129.2  6.892e-09       -129     -245.7       -244     -245.5     -200.1     -129.2  3.307e-08     -245.2     -234.6     -128.3      190.4     -244.7     -128.5  2.106e-08     -128.5  7.222e-08  1.056e-08  5.457e-08      32.02  2.132e-07      32.02     -93.73     -168.4     -168.4      -88.4      -88.4  1.922e-08  1.341e-08  1.341e-08  1.341e-08  4.589e-08  9.456e-09  3.055e-08      -88.4  9.335e-09     -168.4  5.726e-08  7.103e-08  1.842e-08  9.265e-08  7.311e-08  3.308e-08  6.523e-08  3.471e-08 -1.023e-06  7.494e-08  9.704e-08  1.505e-07  7.086e-08  2.021e-08  6.845e-08  3.135e-08  1.956e-08    3.5e-08    3.5e-08     -53.69      110.9     -107.5  2.502e-08     -107.5      1.974
       1420 -2.428e+05       8876   -7.3e+04      957.6       1004       1004       1004       1004       1004       1004       1912  1.455e-08 -3.825e-07 -1.092e-08  3.131e-08 -1.987e-07 -6.297e-08  1.375e-08 -3.443e-09  3.199e-08  2.624e-08     -721.8      -1375      -1375 -6.393e-08      -1375 -1.852e-07  6.486e-07 -7.081e+04 -4.681e+04 -2.457e+04 -1.854e-07 -4.764e+05      -9796 -1.866e+04  7.222e-08 -7.523e+05      739.6 -3.209e+05  -5.51e+04       9110       4772       1039  6.444e-06 -3.599e-06  3.794e-07  9.013e-07  1.939e-06  2.563e-08  1.049e-08  1.049e-08 -1.356e-07 -2.511e-07  -4.12e-08  3.087e-07  1.209e-06  2.326e-06  1.305e-07  1.481e-07  9.725e-07  6.344e-07  8.413e-07  4.034e-07  1.579e-08 -1.427e-07  2.773e-07  -2.07e-07 -7.989e-08 -1.598e-07 -1.811e-07  3.347e-07  -1.82e-07 -3.952e-07  1.926e-07  5.026e-08  4.787e-08       1039       4842 -1.305e-07  1.575e-07 -4.971e-08       4842
      88.87       1020 -1.102e+04       1546     -875.3      167.8      167.8      167.8      167.8      167.8      167.8      319.6 -2.666e-07   3.17e-07 -2.486e-07 -2.707e-07  -2.96e-07  8.424e-08 -2.419e-07 -2.455e-07 -2.632e-07 -2.864e-07     -126.6     -241.1     -241.1  5.573e-08     -241.1 -2.733e-07 -2.732e-07       4957      485.9      255.1 -3.841e-08       4263       1086       2069  1.056e-08      739.6 -4.545e+04       2873       1686  1.692e-07       1686  1.219e-06 -3.191e-07 -1.521e-07  7.163e-09 -1.369e-09   4.94e-07  2.682e-09  2.682e-09  2.682e-09  1.648e-07 -1.473e-07 -2.403e-08  3.244e-08  4.759e-07  5.544e-07  5.981e-08 -1.748e-07  -3.54e-07 -3.926e-07 -1.295e-07  2.023e-08  5.138e-08  2.592e-08  3.896e-08    2.6e-07   3.35e-08  8.539e-08  3.171e-08 -1.095e-07  3.085e-08 -3.448e-08 -1.266e-07    3.6e-08    3.6e-08  9.307e-07      88.87 -4.887e-07 -1.232e-07 -1.505e-07      88.87
