
 60

((((((((((((amblysomus_hottentotus: 0.002139, amblysomus_corriae: 0.000000): 0.000000, amblysomus_marleyi: 0.001954): 0.000000, amblysomus_septentrionalis: 0.000000): 0.000000, amblysomus_robustus: 0.000000): 0.004133, ((neamblysomus_gunningi: 0.003914, neamblysomus_julianae: 0.001960): 0.009919, carpitalpa_arendsi: 0.005923): 0.006026): 0.008960, (((chrysospalax_trevelyani: 0.020674, calcochloris_obtusirostris: 0.006260): 0.008728, chrysospalax_villosus: 0.010917): 0.011185, (chlorotalpa_sclateri: 0.002123, chlorotalpa_duthieae: 0.000000): 0.010083): 0.000000): 0.003710, eremitalpa_granti: 0.085470): 0.004132, ((cryptochloris_wintoni: 0.001567, chrysochloris_asiatica: 0.010456): 0.002277, chrysochloris_stuhlmanni: 0.024038): 0.024893): 0.084338, ((((((((microgale_majori: 0.036420, microgale_longicaudata: 0.042627): 0.032121, microgale_principula: 0.055215): 0.019891, microgale_pusilla: 0.053233): 0.062188, ((limnogale_mergulus: 0.025784, microgale_brevicaudata: 0.052305): 0.016933, microgale_talazaci: 0.035721): 0.000000): 0.038522, geogale_aurita: 0.063884): 0.004569, oryzorictes: 0.079000): 0.021202, ((tenrec_ecaudatus: 0.079755, hemicentetes_semispinosus: 0.025264): 0.012480, (setifer_setosus: 0.009796, echinops_telfairi: 0.022808): 0.021561): 0.020216): 0.036856, (potamogale_velox: 0.054586, micropotamogale_lamottei: 0.050625): 0.097930): 0.030161): 0.009096, (((((elephantulus_brachyrhynchus: 0.027187, elephantulus_rufescens: 0.013578): 0.042591, (elephantulus_rupestris: 0.074849, elephantulus_intufi: 0.056186): 0.016662): 0.009640, ((elephantulus_myurus: 0.003294, elephantulus_sp_vb001: 0.007697): 0.060012, elephantulus_edwardii: 0.051508): 0.036988): 0.012111, (((macroscelides_flavicaudatus: 0.030448, macroscelides_proboscideus: 0.025086): 0.048691, macroscelides_micus: 0.075815): 0.016540, (petrosaltator_rozeti: 0.063721, petrodromus_tetradactylus: 0.068686): 0.029939): 0.013337): 0.059067, ((rhynchocyon_petersi: 0.000270, rhynchocyon_cirnei_reichardi: 0.000750): 0.001565, rhynchocyon_udzungwensis: 0.002014): 0.109672): 0.040226): 0.003734, orycteropus_afer: 0.127739): 0.003658, ((((loxodonta_africana: 0.006101, loxodonta_cyclotis: 0.015184): 0.002291, (elephas_maximus: 0.003214, elephas_maximus_indicus: 0.005291): 0.006619): 0.049254, (trichechus_manatus: 0.033395, dugong_dugon: 0.037829): 0.049476): 0.004153, ((heterohyrax_brucei: 0.005041, procavia_capensis: 0.010515): 0.013086, dendrohyrax_dorsalis: 0.057659): 0.072755): 0.018665, ((zaglossus_bruijni: 0.027516, tachyglossus_aculeatus: 0.021452): 0.056163, ornithorhynchus_anatinus: 0.088619): 0.451423);

  0.003658  0.003734  0.009096  0.084338  0.004132  0.003710  0.008960  0.004133  0.000000  0.000000  0.000000  0.002139  0.000000  0.001954  0.000000  0.000000  0.006026  0.009919  0.003914  0.001960  0.005923  0.000000  0.011185  0.008728  0.020674  0.006260  0.010917  0.010083  0.002123  0.000000  0.085470  0.024893  0.002277  0.001567  0.010456  0.024038  0.030161  0.036856  0.021202  0.004569  0.038522  0.062188  0.019891  0.032121  0.036420  0.042627  0.055215  0.053233  0.000000  0.016933  0.025784  0.052305  0.035721  0.063884  0.079000  0.020216  0.012480  0.079755  0.025264  0.021561  0.009796  0.022808  0.097930  0.054586  0.050625  0.040226  0.059067  0.012111  0.009640  0.042591  0.027187  0.013578  0.016662  0.074849  0.056186  0.036988  0.060012  0.003294  0.007697  0.051508  0.013337  0.016540  0.048691  0.030448  0.025086  0.075815  0.029939  0.063721  0.068686  0.109672  0.001565  0.000270  0.000750  0.002014  0.127739  0.018665  0.004153  0.049254  0.002291  0.006101  0.015184  0.006619  0.003214  0.005291  0.049476  0.033395  0.037829  0.072755  0.013086  0.005041  0.010515  0.057659  0.451423  0.056163  0.027516  0.021452  0.088619

  0.057126 -0.009279  0.050473 -0.023619 -0.101154 -0.084959 -0.010096 -0.019999 -247.865389 -247.865389 -247.865389  0.032236 -270.288144  0.000000 -270.288144 -270.288144  0.000000  0.000000  0.000000 -0.011328  0.000000 -111.270055  0.014391  0.019042  0.000000  0.000000  0.000000  0.000000  0.000000 -264.765983 -0.037537  0.148232  0.200651  0.007846 -0.010369  0.005684  0.044638  0.060349 -0.014820  0.000000 -0.009528  0.000000  0.000000  0.007332  0.005335  0.000000  0.000000  0.000000 -32.551179 -0.013451  0.000000  0.000000  0.000000 -0.013405  0.010250 -0.006276  0.000000  0.000000  0.000000 -0.015954  0.000000  0.000000 -0.012194  0.000000 -0.011912  0.005316  0.000000  0.016391  0.007783  0.000000  0.000000  0.000000  0.000000  0.000000  0.000000 -0.009262  0.005491  0.006672 -0.019351 -0.007750  0.008903 -0.028058 -0.033581  0.007061  0.000000  0.010821  0.009325  0.000000  0.000000 -0.010753  0.025862  0.002037  0.000000  0.009585  0.032001  0.105140  0.165785 -0.011927  0.014809 -0.230551  0.100913 -0.006072  0.000000  0.000000  0.041598  0.000000  0.000000 -0.019534  0.000000  0.000000 -0.028801  0.031920  0.000000  0.031138  0.000000  0.029632 -0.033953


Hessian

 -1.648e+06 -6.722e+05 -4.662e+05 -1.341e+04     -615.9      -6693      -9368      -9820      -5373      -5373      -5373      -9607     -63.63       1277     -63.63     -63.63     -690.8        465      777.4      366.5      450.7     -99.57      230.3      251.5      193.3      741.7     -716.9      678.1      875.6     -52.46       2385      -7583      -7282      969.2      -7471        530 -3.836e+05 -3.715e+05      318.6      -2528      -1249     -366.8       1435      -1702      304.3     -687.4      437.2       1284     -488.4     -583.6       2983      822.3      769.1       1706      -1508 -3.715e+05       6825       4857       3842 -3.674e+05       4538 -3.662e+05      987.8      349.4      543.6 -2.216e+04      -8036       1150       4697      -1566      -2549      -1379       2973      -1231       2876       3225        919       1982     -348.1       4219      -7117      -8527      -5629       -189      -3933       4626      63.38      275.8      350.7       2907 -1.425e+04       9853 -1.773e+04 -1.932e+04 -2.055e+04 -9.595e+05  -2.89e+05 -6.295e+04 -2.762e+04 -2.475e+04     -654.2       8256       3468      -4073 -1.256e+04      -1477      -8402  3.062e+04  2.904e+04       9751  3.214e+04      -2585  2.298e+04       3094  1.681e+04  1.417e+04  2.502e+04
 -6.722e+05 -2.071e+06 -6.959e+05 -3.666e+04      -6797      -4013      -4507      -4782      -2700      -2700      -2700      -4511      121.4       1649      121.4      121.4 -1.956e+04        599       1186      595.4      428.1      -3496      -6291      -6212      -6311       1033     -424.8       1043       1254      132.8      -1422 -1.435e+04 -1.404e+04       1338 -1.422e+04      869.2 -4.085e+05 -3.858e+05       3802       1489      -1369      -2467     -362.5       2070 -1.093e+04      -1420      694.7     -70.05     -468.6      -1205       5038       1220       1214       2468       3719 -3.781e+05       8949       5829       5142 -3.672e+05       5846 -3.664e+05        614      384.4      556.3 -6.227e+04 -2.711e+04      -6314       5071      -2378      -2974      -7768      -3125      -2869       2997     -366.1       1397      -5457      -1021      -1201      -6710      -4086 -1.109e+04     -839.9      -5557       3696      -3936     -96.79      -1567      28.57 -1.615e+04       6045 -1.524e+04 -1.624e+04 -2.597e+04 -5.705e+05 -1.722e+05 -5.688e+04 -7.331e+04  -8.42e+04       3551      -5056      -2015       1165 -1.102e+04       1506 -1.399e+04  2.908e+04  2.615e+04       7621  2.567e+04      -5726  2.641e+04      17.59  1.625e+04  1.556e+04  2.058e+04
 -4.662e+05 -6.959e+05 -1.289e+06 -9.178e+04      -8997      -2829      -6657      -6816      -3894      -3894      -3894      -6777     -21.42       1043     -21.42     -21.42      447.2      573.4      946.1      418.9      551.5     -298.1     -292.7     -132.2     -215.5      729.4      451.9      757.7      945.4     -10.34       1988 -1.304e+04 -1.272e+04      980.4 -1.306e+04      378.4 -4.456e+05 -4.154e+05       3559       1928      245.1       -910     -538.7       1016     -163.7      -1434       1263       1844      275.9      286.2       1835       1559     -727.5       2801      -1247 -4.037e+05       5124       1713       2205 -3.983e+05       1121 -3.967e+05     -327.2       -410     -286.5     -962.7     -654.7      -3596       5572     -732.2      -5479     -808.6      -3305      907.7     -749.3      -1353      -1689       4976       4117       1234      -1592      -6432      -3817      -2412      -2280       1638     -312.4      617.8       1416       2953 -1.865e+04       9778 -1.704e+04 -1.889e+04      -3295  -4.06e+05 -9.681e+04 -5.095e+04      -2679 -5.738e+04  1.319e+04  1.606e+04    1.8e+04      -2036      -5170 -1.045e+04      133.7  3.117e+04  4.064e+04  1.649e+04  4.026e+04       6448   2.44e+04     -908.9       6558   1.24e+04  1.915e+04
 -1.341e+04 -3.666e+04 -9.178e+04 -1.723e+05 -1.686e+04 -1.403e+04  -1.61e+04 -1.717e+04      -8163      -8163      -8163 -1.517e+04      8.147      -5596      8.147      8.146      691.9      591.5      912.4        492      593.1      -1763      -3259      -3188      -3406      395.5     -234.3     -172.2      872.5      16.87       2890  -1.57e+04 -1.517e+04        786 -1.631e+04      96.53       6334       7189      377.1       1447      530.7      57.44      425.6      214.9       1060      769.9       1166        464      669.6       1509       1093       1350        430       1329      865.3       6722      994.7      806.7     -27.16       5747       1863       5075       2256      156.6       2692       2051       4960       2062       8756       6091      -1081     -605.8        412      157.8       1183     -678.4      -1335      -3092     -398.2      91.79       2726       2907       2215      876.8      -1027      538.9        521       1790       1337       4168      727.9       8032       2747      546.2      -1530 -1.425e+04      -5929      730.8       6841      637.8       3473      703.7     -631.3      547.2      -3347       7580       1963       3717       9748       9717       7639       3676       2152       1627       1870       1190       1745
     -615.9      -6797      -8997 -1.686e+04 -8.008e+05 -3.278e+05 -2.624e+05 -2.588e+05 -1.362e+05 -1.362e+05 -1.362e+05 -2.659e+05      170.9       1726      170.9      170.9       1245      950.1       1324      842.7      976.6      -4133 -1.001e+04      -9580      -7350       1099      811.6      -2521       1372      172.1 -8.513e+04 -1.389e+05 -1.345e+05      365.4 -1.341e+05      665.3       2882       6723      877.1       3246       2011     -550.3      128.5     -548.3     -878.6     -200.8     -608.6      -36.6       1166       2361       1307       1180      707.6      -3354      371.4       7496       1801       1795       2167      -1446       2275      -5987       2949      697.4       2064       5210       6695       2982       5690       5130       2588      -3816      -4476     -500.6      -3741      -5338       2556      286.5       8000      226.1       1984     -194.7       5609      -1778     -55.68       1084      -4245      -1740      168.5       5070       3144       6517       1516      -8189      -96.7        325 -1.395e+04      -8012 -1.735e+04      -6524       6501 -2.175e+04 -2.112e+04      89.14      -2089      -6746 -1.006e+04       6239       2141 -2.067e+04      -3530      -2228       3264      -5015       1491      -1004      -2885
      -6693      -4013      -2829 -1.403e+04 -3.278e+05 -9.762e+05 -3.544e+05 -3.468e+05 -1.822e+05 -1.822e+05 -1.822e+05 -4.563e+05      248.1       1983      248.1      248.1       1333       1098       1476        992       1125      -9070  -2.07e+04  -4.51e+04 -1.605e+04      809.8      50.98      -6459       1381      238.1   -1.2e+04  -6.29e+04 -5.958e+04      -1042 -6.265e+04      859.5  1.116e+04  1.289e+04       2264       3468       2110 -1.486e-06   2.25e-07  5.079e-07 -6.193e-07  2.289e-07  2.494e-06  2.692e-07       1108       2354       1614       2770     -625.6       1415       2254  1.418e+04  1.138e+04  1.137e+04       2437  1.129e+04       2503       6740       2297      909.4       1805       8071       8543      -7790      -4524       1120       4889      233.3      -2464  9.638e-07      -2464      -2589     -495.2  1.246e+04       9781      -3329      744.9      338.4      740.1      740.2       4844      -1995      -3106      -3353      -1393       2892  -1.66e+04       7235 -1.894e+04   -3.1e+04       4061     -392.3       9003      -4760 -2.895e+04 -2.347e+04      -7921 -2.105e+04 -2.105e+04 -3.096e-07       1743      -1580      -5578       2202  1.007e+04      -7323       6861      -5324       3933      -6960     -913.5      -1451      -2624
      -9368      -4507      -6657  -1.61e+04 -2.624e+05 -3.544e+05 -5.757e+05 -5.317e+05 -2.791e+05 -2.791e+05 -2.791e+05 -5.324e+05      166.9       1831      166.9      166.9      694.4      933.4       1316      834.8        955 -1.143e+04  -2.54e+04 -2.148e+04 -2.097e+04       1324      912.2      -6020       1117      165.1      -5698 -5.224e+04 -5.144e+04       1126 -5.682e+04       1114       7117       8636      -2109       3043       1772  -7.63e-07  -1.43e-07  3.101e-07   -8.5e-07 -2.268e-07  1.551e-06 -8.672e-08      930.4       2483       1766       3042       -687      369.7       1432       9483       4540       4540       2280       5001       2451        468      995.5       -829      408.9       1339       4046      -3810       1234      -2191       4405 -1.009e+04      -2195  1.067e-06      -2195      299.4     -477.6      -5771     -668.1      -1343       1858      -7075      -4122      -5918      -3004      -1235       2884      -2873      -1257       5643 -1.445e+04       7442   -1.7e+04 -2.527e+04      700.4      -4357      -6120     -889.7       8544      -3471       9031       6721       6721 -1.131e-07      -3277 -1.221e+04      -6529       2551       2092      -4533      110.2      -6498       2592      -2113      154.7      -3123     -749.9
      -9820      -4782      -6816 -1.717e+04 -2.588e+05 -3.468e+05 -5.317e+05 -6.379e+05 -2.792e+05 -2.792e+05 -2.792e+05 -5.312e+05      63.59       1646      63.59      63.59      -2805      811.3       1236        750      803.2 -1.154e+04 -2.215e+04  -2.11e+04  -2.11e+04       1203      829.9 -1.952e+04       1223      37.86      -5692 -5.235e+04 -5.137e+04       1079 -5.684e+04       1139       7146       8823       1626       3568       2244 -9.304e-07  4.798e-07  6.287e-07 -1.356e-06 -2.699e-07  1.779e-06   3.51e-07       1178       2523       1722       2996       1327       2227       1655       9837       4521       4507       2251       4981       2415      430.4       1639      898.8       1730       4663       4298      -3042       2002      -1423       4405      -9320      -2195  9.635e-07      -2195      299.4     -477.6      -5771     -668.1      -1343       2013      -6920      -3967      -5918      -2849      -1235       2884      -2873      -1257       5867 -1.422e+04       7666   -1.7e+04 -2.527e+04     -282.1      -4860      -6647      -1330       8758      -3257       9031       6571       6571 -2.641e-07      -7298 -1.231e+04      -6836      289.6       -170      -4595      362.1      -6498       2942      -1763      154.7      -2773     -749.9
      -5373      -2700      -3894      -8163 -1.362e+05 -1.822e+05 -2.791e+05 -2.792e+05 -1.468e+05 -1.468e+05 -1.468e+05 -2.793e+05     -194.8      435.9     -194.8     -194.8      134.3      -32.8      162.4     -95.75     -20.79      -6188 -1.146e+04 -1.155e+04 -1.155e+04      144.7     -36.13        181      201.7     -188.2      -3348 -2.771e+04 -2.744e+04      79.09 -3.032e+04        125       3410       4240      448.5       1440        763 -4.512e-07  4.099e-08  2.333e-07 -4.475e-07  -1.43e-07  8.801e-07  6.739e-08      400.6      894.9      477.3       1164      294.8      778.9      478.2       4788       1940       1975      756.2       2186      829.4     -204.8      509.7      86.65      520.6       2090       1881      -1971      677.5      -1120       2312      -5266      -1152   5.51e-07      -1152      157.2     -250.8      -3030     -350.8     -704.9      692.1      -3998      -2447      -3107      -1861     -648.3       1514      -1508     -659.8       2723      -7825       3667      -8926 -1.327e+04      510.8      -2731      -3573     -943.5       4171      -2137       4741       3014       3014 -1.631e-07      -2172      -6778      -3921       1311       1070      -2845     -264.4      -3411       1381      -1089      81.23      -1619     -393.7
      -5373      -2700      -3894      -8163 -1.362e+05 -1.822e+05 -2.791e+05 -2.792e+05 -1.468e+05 -1.468e+05 -1.468e+05 -2.793e+05     -194.8      435.9     -194.8     -194.8      134.3      -32.8      162.4     -95.75     -20.79      -6188 -1.146e+04 -1.155e+04 -1.155e+04      144.7     -36.13        181      201.7     -188.2      -3348 -2.771e+04 -2.744e+04      79.09 -3.032e+04        125       3410       4240      448.5       1440        763 -4.511e-07  4.599e-08  2.386e-07 -4.422e-07 -1.377e-07  8.853e-07  7.245e-08      400.6      894.9      477.3       1164      294.8      778.9      478.2       4788       1940       1975      756.2       2186      829.4     -204.8      509.7      86.65      520.6       2090       1881      -1971      677.5      -1120       2312      -5266      -1152  5.473e-07      -1152      157.2     -250.8      -3030     -350.8     -704.9      692.1      -3998      -2447      -3107      -1861     -648.3       1514      -1508     -659.8       2723      -7825       3667      -8926 -1.327e+04      510.8      -2731      -3573     -943.5       4171      -2137       4741       3014       3014 -1.616e-07      -2172      -6778      -3921       1311       1070      -2845     -264.4      -3411       1381      -1089      81.23      -1619     -393.7
      -5373      -2700      -3894      -8163 -1.362e+05 -1.822e+05 -2.791e+05 -2.792e+05 -1.468e+05 -1.468e+05 -1.468e+05 -2.793e+05     -194.8      435.9     -194.8     -194.8      134.3      -32.8      162.4     -95.75     -20.79      -6188 -1.146e+04 -1.155e+04 -1.155e+04      144.7     -36.13        181      201.7     -188.2      -3348 -2.771e+04 -2.744e+04      79.09 -3.032e+04        125       3410       4240      448.5       1440        763 -4.935e-07   1.65e-09  1.944e-07 -4.863e-07 -1.817e-07  8.415e-07  2.872e-08      400.6      894.9      477.3       1164      294.8      778.9      478.2       4788       1940       1975      756.2       2186      829.4     -204.8      509.7      86.65      520.6       2090       1881      -1971      677.5      -1120       2312      -5266      -1152  5.122e-07      -1152      157.2     -250.8      -3030     -350.8     -704.9      692.1      -3998      -2447      -3107      -1861     -648.3       1514      -1508     -659.8       2723      -7825       3667      -8926 -1.327e+04      510.8      -2731      -3573     -943.5       4171      -2137       4741       3014       3014 -2.048e-07      -2172      -6778      -3921       1311       1070      -2845     -264.4      -3411       1381      -1089      81.23      -1619     -393.7
      -9607      -4511      -6777 -1.517e+04 -2.659e+05 -4.563e+05 -5.324e+05 -5.312e+05 -2.793e+05 -2.793e+05 -2.793e+05 -7.499e+05     -60.52       1415     -60.52     -60.52      832.1      520.7      895.2      406.6      545.9 -1.195e+04 -2.179e+04 -7.217e+04  -2.16e+04      99.26      -1226     -381.8      961.8     -50.01      -6316 -5.283e+04 -5.164e+04      816.8  -5.71e+04      888.6       7118       8699       1504       3404       2096 -7.301e-07  1.792e-07  5.821e-07 -7.627e-07  1.696e-08  1.748e-06   2.24e-07       1100       2360       1560       2850       1205       2108       1527       9772       4338       4374       1986       4815       2242      264.5       1565      755.7       1603       4581       4192      -3145       1899      -1526       4405      -9423      -2195  1.057e-06      -2195      299.4     -477.6      -5771     -668.1      -1343       1911      -7022      -4069      -5918      -2951      -1235       2884      -2873      -1257       5772 -1.432e+04       7572   -1.7e+04 -2.527e+04       1548      -4594      -6151      -1163       8601      -3414       9031       6404       6404 -2.611e-07      -3504 -1.227e+04      -6828       3104       2644      -4813     -495.9      -6498       2981      -1723      154.7      -2733     -749.9
     -63.63      121.4     -21.42      8.147      170.9      248.1      166.9      63.59     -194.8     -194.8     -194.8     -60.52     -194.8      435.9     -194.8     -194.8      134.3      -32.8      162.4     -95.75     -20.79     -185.5     -25.49     -113.2     -194.1     -112.2     -36.13        181      201.7     -188.2     -235.5     -121.8      48.78      196.3     -165.1      13.06      40.71      169.3      55.46     -119.9     -96.12 -4.854e-08 -2.366e-08 -5.394e-08 -3.583e-08 -3.119e-08 -3.581e-08 -4.436e-08     -50.46     -107.4     -4.477      33.51      99.47      210.9     -113.5      148.5     -247.7     -124.7      198.5      33.35     -155.1     -270.3     -45.49     -4.028     -45.41      89.19      111.5     -133.1     -133.1     -133.1 -3.343e-08     -133.1 -7.532e-08 -6.078e-08 -1.186e-07 -1.857e-07 -2.048e-07 -3.044e-08 -2.144e-07  -1.39e-08     -164.6     -164.6     -164.6 -1.059e-07     -164.6 -1.177e-07 -1.149e-07 -1.183e-07 -1.238e-07     -62.68     -62.68     -62.68 -1.814e-07 -1.829e-07     -11.15      85.91     -78.73      8.188       1532       1532 -3.859e-07     -135.5     -135.5 -4.806e-08     -96.13     -202.9       -122      47.26      47.26      288.1      206.2  1.924e-07      82.72      82.72 -1.761e-07      82.72 -1.758e-06
       1277       1649       1043      -5596       1726       1983       1831       1646      435.9      435.9      435.9       1415      435.9 -2.617e+05      435.9      435.9       1776       1449       1834       1349       1482        453       1459       1298       1117       1307       1441       1855       1913      448.4      878.4       1221       1618       1904       1197       1502       1345       1367 -2.282e+04     -173.7      978.2 -2.293e-07  1.813e-08 -4.596e-08 -1.416e-08 -1.819e-07  1.184e-07 -2.012e-08      513.5      892.7       1122      -9248       1427       1539      818.7       1045      943.9       1042       1780       1469       1147      899.6       1004     -7.585       1004       1500       1483      999.8      999.8      999.8  2.443e-07      999.8 -9.536e-08 -4.474e-08 -1.208e-07  2.059e-07 -3.284e-07  9.329e-09 -1.322e-07 -1.017e-07      887.7      887.7      887.7 -1.676e-07      887.7  1.631e-07  -5.59e-08 -3.255e-07  1.026e-07       1073       1073       1073 -2.446e-07  -2.33e-07       1146       1565       1284       1366       4357       4357  -4.32e-08       1185       1185 -8.859e-08       1162      995.6       1140       1344       1344       1801      392.4  1.022e-07       56.3       56.3  4.329e-07       56.3 -2.913e-06
     -63.63      121.4     -21.42      8.147      170.9      248.1      166.9      63.59     -194.8     -194.8     -194.8     -60.52     -194.8      435.9     -194.8     -194.8      134.3      -32.8      162.4     -95.75     -20.79     -185.5     -25.49     -113.2     -194.1     -112.2     -36.13        181      201.7     -188.2     -235.5     -121.8      48.78      196.3     -165.1      13.06      40.71      169.3      55.46     -119.9     -96.12 -1.571e-08  1.095e-08 -1.947e-08 -1.398e-09  3.135e-09 -1.725e-09 -1.027e-08     -50.46     -107.4     -4.477      33.51      99.47      210.9     -113.5      148.5     -247.7     -124.7      198.5      33.35     -155.1     -270.3     -45.49     -4.028     -45.41      89.19      111.5     -133.1     -133.1     -133.1 -5.436e-08     -133.1 -9.082e-08 -5.309e-08 -1.072e-07 -3.632e-07 -3.819e-07  -2.36e-08 -3.983e-07 -9.074e-08     -164.6     -164.6     -164.6  -1.38e-07     -164.6 -1.064e-07 -1.008e-07 -1.009e-07 -1.092e-07     -62.68     -62.68     -62.68 -1.812e-07 -1.968e-07     -11.15      85.91     -78.73      8.188       1532       1532  -3.71e-07     -135.5     -135.5  -4.28e-08     -96.13     -202.9       -122      47.26      47.26      288.1      206.2 -4.149e-07      82.72      82.72 -1.791e-07      82.72 -4.436e-06
     -63.63      121.4     -21.42      8.146      170.9      248.1      166.9      63.59     -194.8     -194.8     -194.8     -60.52     -194.8      435.9     -194.8     -194.8      134.3      -32.8      162.4     -95.75     -20.79     -185.5     -25.49     -113.2     -194.1     -112.2     -36.13        181      201.7     -188.2     -235.5     -121.8      48.78      196.3     -165.1      13.06      40.71      169.3      55.46     -119.9     -96.12 -1.816e-08  7.434e-09   -2.3e-08 -4.924e-09 -3.809e-10 -5.219e-09 -1.375e-08     -50.46     -107.4     -4.477      33.51      99.47      210.9     -113.5      148.5     -247.7     -124.7      198.5      33.35     -155.1     -270.3     -45.49     -4.028     -45.41      89.19      111.5     -133.1     -133.1     -133.1 -5.231e-08     -133.1 -9.906e-08 -5.309e-08 -1.155e-07  -4.57e-07 -4.758e-07 -3.402e-08 -4.818e-07 -1.016e-07     -164.6     -164.6     -164.6 -1.503e-07     -164.6 -1.175e-07 -1.111e-07  -1.11e-07 -1.192e-07     -62.68     -62.68     -62.68  -1.82e-07 -1.976e-07     -11.15      85.91     -78.73      8.188       1532       1532 -5.248e-07     -135.5     -135.5  -4.28e-08     -96.13     -202.9       -122      47.26      47.26      288.1      206.2 -7.423e-08      82.72      82.72 -4.308e-07      82.72 -6.473e-06
     -690.8 -1.956e+04      447.2      691.9       1245       1333      694.4      -2805      134.3      134.3      134.3      832.1      134.3       1776      134.3      134.3 -7.901e+04      44.92       1187      701.7     -634.9      136.5      797.5      729.7      567.9      742.1      870.8      10.49       1323      143.6      392.3      666.2       1046       1329      634.8      954.7      772.8      962.9      761.7      689.4      714.8 -1.066e-07 -4.183e-07  -7.84e-08 -3.983e-08    1.3e-08 -1.331e-07 -4.456e-07      375.2      722.6      911.5      948.4       1072       1253        587      -6828      355.9        561       1255      906.4      612.5      379.2     -672.3      112.8     -651.1        903       1031      563.6      563.6      563.6  2.884e-07      563.6  3.395e-07 -4.002e-08 -1.571e-07 -1.012e-06 -6.874e-07   2.33e-07 -1.103e-06 -4.135e-08      481.2      481.2      481.2 -2.403e-07      481.2 -3.558e-07 -1.737e-07 -1.409e-08  1.257e-08        661        661        661  1.249e-07   1.91e-07     -115.2      343.4 -1.061e+04      430.3       3802       3802  2.235e-07      647.5      647.5  1.223e-07         22      364.8      609.8      -2476      -2476      -1820      533.7 -5.488e-07      133.8      133.8 -3.236e-07      133.8 -7.619e-06
        465        599      573.4      591.5      950.1       1098      933.4      811.3      -32.8      -32.8      -32.8      520.7      -32.8       1449      -32.8      -32.8      44.92 -5.009e+04      681.8       97.1      10.23     -15.44      565.8      399.2      255.1      420.3      -8781      985.6       1004     -20.39      131.7      387.7      720.5       1000      316.1      642.7      646.3      847.5      706.2      372.4      422.2 -2.018e-07  1.194e-07  2.523e-08 -6.194e-07 -1.061e-07  1.018e-07  8.165e-08      221.7      416.5      607.5        660      794.4      972.4     -935.2      803.9      86.76      -2144      951.3        678      333.8      108.9     -827.6      362.7      275.5        748      781.8      316.2      316.2      316.2 -1.501e-08      316.2 -2.178e-07 -2.099e-07 -2.509e-07  2.465e-07 -4.086e-07  1.758e-06  1.204e-06  5.136e-08      241.6      241.6      241.6  1.984e-07      241.6  5.201e-07  -2.54e-08 -2.979e-07  7.518e-08      429.9      429.9      429.9 -1.861e-07 -1.562e-07      376.9      750.9      296.7      600.3       3438       3438 -3.257e-07      363.7      363.7  6.693e-08      404.1      72.53      368.4     -510.9     -510.9       1134        842 -6.266e-07      206.5      206.5 -5.904e-07      206.5  -1.15e-06
      777.4       1186      946.1      912.4       1324       1476       1316       1236      162.4      162.4      162.4      895.2      162.4       1834      162.4      162.4       1187      681.8 -1.293e+05     -572.1      960.9        180      949.4      784.4      615.7      790.9      918.1       1376       1390        175      446.6      746.4       1098       1381      684.5       1004       1033       1269       1025      364.1      693.9  3.789e-07 -1.055e-07 -1.886e-07  5.445e-07 -7.501e-09 -8.302e-08 -3.423e-09      364.3      772.6      965.3       1001       1146      -6624      664.6       1243      518.8      660.7       1351       1044      703.2      467.7      775.8      913.1      838.4       1079       1106      632.3      632.3      632.3  2.147e-07      632.3  1.613e-07  1.988e-07  1.291e-07  7.967e-07  6.566e-07   1.18e-07  5.678e-07  1.665e-07      541.2      541.2      541.2  4.823e-08      541.2  1.285e-08  -1.39e-07  1.016e-07 -8.996e-08      728.2      728.2      728.2  3.286e-09  3.726e-09      810.3       1066      454.8      -3625 -2.083e+04 -2.083e+04 -5.013e-07      -8155      -8155 -1.397e-07        708        572      721.1      -1974      -1974       1535       1392   1.52e-06      253.1      253.1  8.272e-07      253.1  1.633e-06
      366.5      595.4      418.9        492      842.7        992      834.8        750     -95.75     -95.75     -95.75      406.6     -95.75       1349     -95.75     -95.75      701.7       97.1     -572.1 -2.586e+05      475.1     -77.93      469.5      302.1      142.7      305.9      434.4      896.4      903.7      -83.1      30.58      278.2      612.5      893.8        203      534.6      556.9      800.8      613.3      285.8        318 -3.472e-07 -6.525e-08  1.301e-07  1.659e-07 -3.107e-08 -5.032e-07 -9.224e-08        167      306.9      499.7      558.3      691.9      835.3      257.4      777.6      42.79      235.7      885.2        574        222     -3.366     -84.38     -1.705     -81.06 -1.061e+04     -28.08      209.2      209.2      209.2 -6.629e-07      209.2  1.237e-07 -5.563e-08 -3.085e-08 -8.476e-07 -9.356e-07   3.63e-07 -7.153e-07 -1.799e-07      158.3      158.3      158.3  3.837e-08      158.3  -3.82e-07 -3.591e-08  3.232e-07 -3.403e-08     -64.85     -64.85     -64.85   1.31e-07  2.672e-07      430.7      655.5      350.1      492.3       3326       3326  5.813e-09      222.6      222.6  1.904e-07        318      117.1      269.7      533.9      533.9       1017      398.8 -2.339e-06      448.5      448.5 -1.592e-06      448.5 -9.832e-06
      450.7      428.1      551.5      593.1      976.6       1125        955      803.2     -20.79     -20.79     -20.79      545.9     -20.79       1482     -20.79     -20.79     -634.9      10.23      960.9      475.1 -8.397e+04     -3.464      602.4      438.9      277.4      444.6      577.2       1003      480.9     -12.32      144.2      409.7      748.6       1030      340.2      666.4      401.4      -3621      619.3       92.1      386.5 -1.199e-08  1.775e-07  1.234e-07  1.945e-07 -1.818e-07  -2.13e-07 -1.245e-08      202.9      394.7      586.3        637      773.4      952.8      -1992      602.3      129.6      298.2      968.4      658.5      313.5      86.04      343.6      579.9      490.4      350.5      392.3     -71.26     -71.26     -71.26  -2.22e-07     -71.26  -9.56e-08  4.007e-07 -1.645e-07  3.902e-07  6.687e-07 -5.805e-07  2.474e-06 -4.107e-07     -133.1     -133.1     -133.1 -5.842e-07     -133.1  5.056e-07   6.43e-07  7.986e-07  1.967e-07      58.71      58.71      58.71 -4.049e-07 -2.959e-07      58.07      750.5      272.5      624.6       3552       3552  2.832e-06      396.2      396.2 -5.582e-07        400     -285.4      358.4      608.2      608.2       1137      945.7  4.274e-07      242.2      242.2  1.365e-07      242.2 -1.185e-06
     -99.57      -3496     -298.1      -1763      -4133      -9070 -1.143e+04 -1.154e+04      -6188      -6188      -6188 -1.195e+04     -185.5        453     -185.5     -185.5      136.5     -15.44        180     -77.93     -3.464 -1.663e+04 -3.144e+04 -3.159e+04 -3.148e+04     -49.69     -47.88     -122.3      215.5     -179.9      -2241      -3238      -3058      135.7      -3299      -19.4     -238.4       -752      226.7     -108.8     -75.18 -4.597e-07 -5.893e-08   -1.8e-07 -8.459e-08 -2.468e-08  3.467e-07 -4.627e-08     -39.47      64.71      168.7      37.45      183.8      249.6       -218     -283.3      82.09      205.2        252      -1071     -181.4      -1375      56.26      24.14      63.32      471.2      697.9     -702.4     -147.3      -1084       1139       -244      237.4 -7.252e-08      237.4      707.3     -237.5       4401      528.8      -1284     -422.2        206      299.7     -41.24     -766.1     -277.2      -1917      341.7       72.3     -115.6      174.9     -112.8      287.7     -269.4      653.7      749.4      558.4     -794.4      393.6       2662       2117      -1008      -1008 -6.572e-08      -1525      -1898      -1158     -630.9       -166      419.5     -5.713     -782.5      243.1     -372.3      198.7     -131.3     -207.7
      230.3      -6291     -292.7      -3259 -1.001e+04  -2.07e+04  -2.54e+04 -2.215e+04 -1.146e+04 -1.146e+04 -1.146e+04 -2.179e+04     -25.49       1459     -25.49     -25.49      797.5      565.8      949.4      469.5      602.4 -3.144e+04  -7.13e+04  -5.98e+04  -6.09e+04      -1090      -2620      -3819      682.8        -30      -3897      -5893      -5456      760.3      -5848      -3502      -2766      -1232      952.7      203.2      306.1 -7.448e-07  -1.85e-07 -3.894e-07 -6.868e-08  2.207e-07  4.625e-07 -1.047e-07      160.7      610.1      829.1      560.7     -68.89     -476.5      44.93      17.05      683.9      871.1       1003      -1503      182.5      -2099      224.3      489.4     -171.6      880.8      232.1      -1588     -530.3      -2315       2170     -714.6      452.2 -1.654e-07      452.2       1347     -452.5       8384       1007      -2446     -604.2      592.2      770.7     -78.54      -1259       -528      -3651      650.9      137.7     -169.2      384.1       -164        548     -513.1       1462       1737       1539     -977.5      999.1       5320       4033      -1349      -1349 -6.444e-08      -2434      -3341      -1661      -1070     -184.2       1404        474      -1490      348.1     -824.1      378.4       -365     -395.7
      251.5      -6212     -132.2      -3188      -9580  -4.51e+04 -2.148e+04  -2.11e+04 -1.155e+04 -1.155e+04 -1.155e+04 -7.217e+04     -113.2       1298     -113.2     -113.2      729.7      399.2      784.4      302.1      438.9 -3.159e+04  -5.98e+04 -8.253e+04 -5.978e+04     -971.3     -775.6      384.2      854.5     -101.7      -5002      -8983      -5510      -5331 -1.498e+04      59.24     -10.93       -997      913.7      197.1      261.1 -8.383e-07 -6.966e-08  -3.05e-07 -1.285e-07 -1.423e-08  8.142e-07  2.229e-08      137.1      576.1      768.3      492.8      838.8     -904.2     -3.536     -28.34      620.3      817.3      943.2      -1564      118.4      -2162        511      437.6      552.9       1296       1738     -926.1      131.3      -1654       2170     -52.92      452.2 -1.323e-07      452.2       1347     -452.5       8384       1007      -2446     -411.6      784.9      963.4     -78.54      -1067       -528      -3651      650.9      137.7        159      712.3      164.2        548     -513.1       1620       1844       1496      -1340      -9783      -5462       4033      -2807      -2807 -1.334e-07      -2446      -3169      -1766     -756.4      129.1       1289      309.9      -1490      629.6     -542.5      378.4     -83.43     -395.7
      193.3      -6311     -215.5      -3406      -7350 -1.605e+04 -2.097e+04  -2.11e+04 -1.155e+04 -1.155e+04 -1.155e+04  -2.16e+04     -194.1       1117     -194.1     -194.1      567.9      255.1      615.7      142.7      277.4 -3.148e+04  -6.09e+04 -5.978e+04 -6.918e+04      -2853      -4887      703.2      635.4     -182.1      -3894      -5755      -5426      650.5      -5890        393     -155.7      -2353      798.2      6.639     -912.5 -8.083e-07  -4.14e-08 -2.716e-07 -9.144e-08  2.263e-08  7.284e-07     -2e-08     -479.1      420.8      615.3       -654      711.9      125.4     -71.38     -133.2      559.1      759.6      878.3      -1633      51.61      -2224      437.9      406.4      501.5       1098       1567      -1324       -267      -2052       2170     -451.3      452.2 -1.197e-07      452.2       1347     -452.5       8384       1007      -2446     -533.4      663.1      841.5     -78.54      -1188       -528      -3651      650.9      137.7      -1112     -558.7      -1107        548     -513.1       1434       1804       1466      -1138       1071       5393       4033      -1522      -1522 -1.262e-07      -2503      -3383      -1833     -797.4      88.06       1224      393.9      -1490      508.3     -663.9      378.4     -204.8     -395.7
      741.7       1033      729.4      395.5       1099      809.8       1324       1203      144.7      144.7      144.7      99.26     -112.2       1307     -112.2     -112.2      742.1      420.3      790.9      305.9      444.6     -49.69      -1090     -971.3      -2853  -7.58e+04      -4871      872.4      810.9       -100      299.8      484.2        927        977      164.9      867.4      961.5       1174      970.7      651.5      616.2  3.725e-07  3.104e-07 -1.791e-07  2.702e-07  2.017e-07 -1.734e-07 -3.296e-08      323.5      678.2      866.9      861.3       1081       1189      561.5       1099      371.7      520.5       1291      882.6      536.5      374.6      575.1      -1896        469      -2618      -1996     -161.9     -161.9     -161.9  -2.49e-07     -161.9  1.693e-08  1.439e-07  1.183e-07  1.182e-06  7.864e-07   4.52e-08  9.445e-07  1.869e-07       87.7       87.7       87.7  2.141e-07       87.7 -1.782e-07  4.966e-08  8.385e-07 -4.554e-08     -39.02     -39.02     -39.02 -5.475e-07 -3.122e-07      341.3       1003      677.4      868.2       3300       3300  3.253e-06      522.4      522.4 -4.511e-07        602      24.45      553.1     -853.6     -853.6       1602       1426  1.387e-06      161.4      161.4  3.349e-06      161.4  7.704e-06
     -716.9     -424.8      451.9     -234.3      811.6      50.98      912.2      829.9     -36.13     -36.13     -36.13      -1226     -36.13       1441     -36.13     -36.13      870.8      -8781      918.1      434.4      577.2     -47.88      -2620     -775.6      -4887      -4871 -4.253e+04      946.1      908.4     -24.41      84.07      251.3      706.5      767.7        -30      616.6      618.6      891.8      690.2      291.6      -1922  7.103e-08 -4.526e-08  4.693e-07  1.183e-07  1.267e-07  3.766e-07   9.03e-08      -1009      357.1      592.5      646.2      752.3      886.7      347.3      877.8      140.2      326.9      970.6      664.5      316.8      92.44      328.1      432.6      355.6      536.7      597.3     -389.8     -389.8     -389.8  1.941e-07     -389.8  4.339e-07 -8.744e-08   7.14e-07  9.802e-07  7.689e-07  3.276e-07  7.394e-07  4.351e-07      85.16      85.16      85.16  2.941e-07      85.16  2.627e-09  3.478e-07  6.361e-08  1.183e-07     -293.9     -293.9     -293.9  7.737e-07  8.396e-07      345.1      -3552        207      556.9       3076       3076 -1.902e-07      294.4      294.4  4.898e-08      376.3      33.74      330.9      613.8      613.8       1131      849.7  8.609e-07      348.3      348.3  6.914e-07      348.3 -2.699e-07
