
 72

((monodelphis_domestica: 0.013485, (notamacropus_eugenii: 0.012891, sarcophilus_harrisii: 0.018034): 0.002571): 0.021283, (((choloepus_hoffmanni: 0.015836, dasypus_novemcinctus: 0.018666): 0.004472, (echinops_telfairi: 0.028870, (procavia_capensis: 0.015795, loxodonta_africana: 0.012704): 0.002481): 0.003674): 0.000532, (((sorex_araneus: 0.025618, erinaceus_europaeus: 0.024322): 0.004436, ((pteropus_vampyrus: 0.011560, myotis_lucifugus: 0.020875): 0.002756, (((felis_catus: 0.000701, (panthera_tigris_altaica: 0.001441, panthera_pardus: 0.000381): 0.000446): 0.004696, (canis_familiaris: 0.006801, (mustela_putorius_furo: 0.007078, ailuropoda_melanoleuca: 0.006707): 0.001067): 0.001316): 0.003630, (equus_caballus: 0.010834, (vicugna_pacos: 0.012688, (sus_scrofa: 0.009001, (tursiops_truncatus: 0.008590, (bos_taurus: 0.003362, (ovis_aries: 0.003381, capra_hircus: 0.001633): 0.002052): 0.007140): 0.001352): 0.000714): 0.002486): 0.000372): 0.000240): 0.000497): 0.001676, ((tupaia_belangeri: 0.017997, ((oryctolagus_cuniculus: 0.013526, ochotona_princeps: 0.018474): 0.007049, (ictidomys_tridecemlineatus: 0.010397, (((fukomys_damarensis: 0.008272, heterocephalus_glaber_female: 0.007296): 0.002661, ((cavia_porcellus: 0.000639, cavia_aperea: 0.005426): 0.009674, (chinchilla_lanigera: 0.006200, octodon_degus: 0.010163): 0.001203): 0.001894): 0.007508, (dipodomys_ordii: 0.019817, (jaculus_jaculus: 0.017176, (nannospalax_galili: 0.010657, (((mesocricetus_auratus: 0.006532, cricetulus_griseus_chok1gshd: 0.004213): 0.002316, (peromyscus_maniculatus_bairdii: 0.006568, microtus_ochrogaster: 0.007484): 0.000460): 0.001864, ((mus_pahari: 0.002806, (mus_caroli: 0.001386, (mus_musculus: 0.000657, mus_spretus: 0.000725): 0.000697): 0.001138): 0.002488, rattus_norvegicus: 0.007342): 0.004059): 0.006106): 0.002651): 0.002525): 0.001495): 0.000503): 0.001602): 0.000756): 0.000272, ((otolemur_garnettii: 0.012467, (propithecus_coquereli: 0.004646, microcebus_murinus: 0.005570): 0.002854): 0.002638, (carlito_syrichta: 0.014201, (((aotus_nancymaae: 0.003217, callithrix_jacchus: 0.002939): 0.000115, (saimiri_boliviensis_boliviensis: 0.003010, cebus_capucinus: 0.002603): 0.000336): 0.003078, (((chlorocebus_sabaeus: 0.001164, ((papio_anubis: 0.000859, (cercocebus_atys: 0.001177, mandrillus_leucophaeus: 0.000871): 0.000130): 0.000132, (macaca_nemestrina: 0.000684, (macaca_mulatta: 0.000677, macaca_fascicularis: 0.000247): 0.000122): 0.000405): 0.000347): 0.000416, (colobus_angolensis_palliatus: 0.001600, (rhinopithecus_roxellana: 0.000421, rhinopithecus_bieti: 0.000992): 0.000982): 0.000575): 0.001745, (nomascus_leucogenys: 0.003032, (pongo_abelii: 0.002447, (gorilla_gorilla: 0.001131, ((pan_troglodytes: 0.000402, pan_paniscus: 0.000604): 0.000549, homo_sapiens: 0.000691): 0.000146): 0.000709): 0.000221): 0.000802): 0.001313): 0.003990): 0.000800): 0.001301): 0.001617): 0.001556): 0.029335, ornithorhynchus_anatinus: 0.084697);

  0.021283  0.013485  0.002571  0.012891  0.018034  0.029335  0.000532  0.004472  0.015836  0.018666  0.003674  0.028870  0.002481  0.015795  0.012704  0.001556  0.001676  0.004436  0.025618  0.024322  0.000497  0.002756  0.011560  0.020875  0.000240  0.003630  0.004696  0.000701  0.000446  0.001441  0.000381  0.001316  0.006801  0.001067  0.007078  0.006707  0.000372  0.010834  0.002486  0.012688  0.000714  0.009001  0.001352  0.008590  0.007140  0.003362  0.002052  0.003381  0.001633  0.001617  0.000272  0.017997  0.000756  0.007049  0.013526  0.018474  0.001602  0.010397  0.000503  0.007508  0.002661  0.008272  0.007296  0.001894  0.009674  0.000639  0.005426  0.001203  0.006200  0.010163  0.001495  0.019817  0.002525  0.017176  0.002651  0.010657  0.006106  0.001864  0.002316  0.006532  0.004213  0.000460  0.006568  0.007484  0.004059  0.002488  0.002806  0.001138  0.001386  0.000697  0.000657  0.000725  0.007342  0.001301  0.002638  0.012467  0.002854  0.004646  0.005570  0.000800  0.014201  0.003990  0.003078  0.000115  0.003217  0.002939  0.000336  0.003010  0.002603  0.001313  0.001745  0.000416  0.001164  0.000347  0.000132  0.000859  0.000130  0.001177  0.000871  0.000405  0.000684  0.000122  0.000677  0.000247  0.000575  0.001600  0.000982  0.000421  0.000992  0.000802  0.003032  0.000221  0.002447  0.000709  0.001131  0.000146  0.000549  0.000402  0.000604  0.000691  0.084697

 -13.022134 18.755386 -7.431474  3.043444 22.550435 -0.461438 -32.960585 -8.696911 10.167362  6.491227 17.017937  1.484511 -9.568886  6.720448 16.498334  2.724535  0.994848 -26.991079  1.207720  3.245875 78.369071 -44.329857 15.550279 16.840659  4.636873 11.701502 18.595014 62.931899 45.949591 58.709786 70.213626 78.760716 11.118877 10.531337 10.727413 10.685113 -64.209440  8.439481  0.269414  4.782203  5.937601 11.113099 26.004621  6.925427 11.485019 10.748577  4.544842 13.170931  9.019102 43.236596 -26.684446 10.310445 11.316324 -7.000761 10.796996  7.251425 32.627846  6.350786  1.507984  6.747989  4.699986  4.119619  6.166930 22.458226  3.145382 18.661093  4.520326 -1.795293  5.618293  4.277863  3.459348  7.232741 11.036245  6.665543 10.867660  3.575428  4.082208 17.141644 18.667046 33.818928 39.368799 -15.955525 34.067552 33.629836 32.585085 31.400593 38.114526 38.085017 34.950653 38.362386 38.215013 39.543238 32.340228 25.429272 18.781791 29.315763  6.900032  9.325782  5.408794 -2.289222  4.123086 30.852681 28.123192 -115.647623 32.733124 31.470028 15.957513 28.654368 30.300868 29.437700  6.684542  2.373885 27.135090 31.011587 24.918909 31.181831 47.509891 29.850996 29.608881 88.411894 120.440035 68.974618 28.311652 34.292154 55.707628 29.215399 87.951524 102.821266  4.624087 28.177849 29.461529 27.384150  6.187465 95.513892  6.242117 91.880191 -9.159190  5.837044  6.636319  7.687409  0.910118


Hessian

 -6.998e+07 -3.147e+06 -1.042e+07 -1.985e+06 -5.561e+05 -3.034e+07 -3.114e+05   1.12e+06  1.302e+06  2.362e+06 -7.236e+05  1.283e+06   5.15e+05  1.033e+06   2.48e+06     -2e+06 -6.439e+05  1.636e+05  8.522e+05  7.862e+05 -2.381e+06   3.67e+05  1.378e+06  2.165e+06 -2.995e+06  -8.49e+05 -3.261e+04  2.714e+06  7.411e+05  4.262e+06  2.559e+06 -7.539e+04  7.326e+05 -1.349e+05  1.325e+06  2.638e+06  2.481e+05  1.666e+06 -6.289e+05  1.188e+06 -1.363e+06  9.247e+05 -2.238e+05  2.076e+06  1.448e+05  2.519e+06   1.27e+06  4.144e+06  4.062e+06   -1.1e+06 -4.171e+06  1.066e+06 -2.545e+06   2.06e+05  2.159e+06  1.115e+06  -1.64e+06  2.095e+05 -1.766e+06 -3.676e+05 -2.209e+05   1.76e+06  1.407e+06  5.038e+05  1.192e+06  3.472e+06  3.923e+06   1.35e+06  1.297e+06  1.722e+06 -1.673e+06  1.286e+06 -1.908e+06  1.131e+06 -1.053e+06  6.459e+05  1.597e+05 -1.792e+04   4.48e+05  1.972e+06  1.378e+06 -5.297e+05  1.295e+06  1.235e+06      -1661 -1.509e+05  9.718e+05  4.456e+05  8.307e+05  2.079e+05  2.689e+06  1.382e+06   2.11e+06 -1.283e+06 -5.862e+05  1.532e+06  1.079e+06  2.299e+06  1.754e+06 -1.823e+06  1.093e+06 -4.294e+05  1.152e+04  2.163e+06  2.949e+06  1.583e+06  1.973e+06  1.958e+06  3.083e+06  1.089e+05  2.779e+04  8.859e+05  2.504e+06  3.535e+06  4.286e+05  4.185e+06  4.378e+06  5.531e+06  4.106e+06  3.602e+06   3.75e+06  3.906e+06   5.75e+06  4.631e+06  1.255e+06  3.219e+06  2.219e+06  4.628e+06  4.976e+06  4.886e+05    3.2e+06  3.232e+05  3.172e+06  1.195e+06  2.538e+06  1.366e+06  3.424e+06  3.515e+06  4.485e+06  2.942e+06  4.616e+05
 -3.147e+06 -1.636e+08 -3.581e+07 -5.404e+06 -4.408e+06 -8.291e+05  1.696e+06  2.105e+06  1.586e+06  2.296e+06   1.62e+06  1.999e+06  1.423e+06  1.913e+06  2.183e+06  1.724e+06  1.238e+06  1.638e+06  1.333e+06  1.541e+06  9.855e+05  2.505e+06  2.665e+06  2.857e+06  1.673e+06  5.212e+05   1.09e+06  2.131e+06 -8.082e+05  1.986e+06 -3.639e+05  8.456e+05   1.56e+06  4.446e+05  1.332e+06  2.152e+06 -1.678e+04  2.022e+06  2.077e+06  1.423e+06  2.601e+06  1.351e+06  2.355e+06  2.563e+06  1.674e+06  1.451e+06    2.4e+06  3.215e+06  2.006e+06  1.388e+06  1.429e+06  1.658e+06  2.254e+05  1.672e+06  2.286e+06   1.83e+06  4.008e+05  1.561e+06  4.504e+05  1.655e+06  1.812e+06  2.275e+06   2.55e+06  2.218e+06  1.699e+06  3.243e+06   2.77e+06  -2.53e+05  1.655e+06  2.265e+06  1.582e+06  2.017e+06  6.727e+05  2.117e+06  1.504e+06  1.874e+06  1.426e+06  2.322e+05   8.06e+05  2.115e+06  1.788e+06 -1.871e+06  1.469e+06  1.178e+06  8.723e+05  4.169e+05  2.263e+06  8.182e+05  1.653e+06 -1.357e+05  1.117e+05  6.554e+05  1.731e+06  1.464e+06  9.089e+05    1.9e+06  1.874e+06  1.951e+06  1.909e+06  5.514e+05  1.715e+06  1.553e+06  1.509e+06  -1.78e+06  3.163e+06  7.417e+05  1.873e+06  2.233e+06  3.434e+06  1.362e+06  2.204e+06  7.632e+04  5.592e+05  8.447e+05 -6.694e+05  1.854e+06  3.245e+06  3.581e+06  2.377e+06  1.491e+06  1.107e+06   3.55e+06 -3.954e+05  1.478e+06  2.631e+06  2.019e+06  2.601e+06  2.703e+06  3.533e+06  1.799e+05  3.367e+06  1.528e+06  2.477e+06 -1.502e+05  3.213e+06  1.039e+06  1.578e+06  4.417e+06  1.762e+06  1.738e+06  8.737e+05
 -1.042e+07 -3.581e+07 -4.121e+08 -3.004e+07 -3.135e+07 -5.625e+06 -5.266e+05  1.893e+06  1.647e+06  2.634e+06  7.817e+05  1.698e+06   9.69e+05  1.097e+06  2.479e+06 -6.311e+05 -1.945e+06  7.414e+05  1.147e+06  1.422e+06 -1.393e+06  1.931e+06  2.048e+06  2.841e+06 -3.142e+05  3.069e+05 -2.494e+05  3.438e+06 -1.508e+06  3.869e+06  2.168e+06 -1.275e+06  5.272e+05 -3.716e+05  1.522e+06  2.622e+06 -2.168e+06   1.82e+06 -4.542e+05  1.067e+06  1.102e+06  2.282e+06  1.057e+06  1.767e+06  9.941e+05  8.297e+05  2.799e+06  4.137e+06  4.208e+06 -8.587e+05  -3.42e+06  1.113e+06 -1.449e+06  6.605e+05  2.371e+06  1.314e+06 -6.678e+05  1.505e+06  1.325e+05    9.9e+05  9.447e+05   2.05e+06   2.03e+06  2.337e+06  1.225e+06  3.529e+06  3.964e+06  8.169e+05  1.738e+06  2.057e+06  1.144e+06   2.04e+06  4.678e+05  1.367e+06   -3.3e+05  1.311e+06   1.27e+06  1.176e+06  1.124e+06  2.548e+06  1.202e+06 -2.609e+06 -9.981e+04   2.05e+06 -8.935e+04  8.936e+05  2.446e+06 -3.661e+05  1.203e+06  2.346e+05  1.733e+06  9.071e+05  1.682e+06  -4.58e+05  9.829e+05  1.645e+06  1.983e+06  2.674e+06  1.818e+06 -1.256e+06  1.615e+06  3.841e+05  2.666e+05 -2.112e+05  2.859e+06   2.64e+06   3.26e+06  2.821e+06  3.325e+06  -1.45e+05  6.561e+05  2.683e+06  1.888e+06  2.001e+06 -7.656e+06  2.575e+06  3.705e+06  3.604e+06  4.867e+06  4.834e+06  1.393e+06  1.904e+06  4.269e+06   5.14e+06  1.825e+06  2.245e+06   2.95e+06  3.344e+06  3.221e+06 -1.127e+06   2.42e+06 -1.371e+05  2.623e+06  9.877e+05  3.193e+06    4.1e+06   3.06e+06  5.419e+06  3.608e+06  2.304e+06  1.055e+06
 -1.985e+06 -5.404e+06 -3.004e+07  -1.49e+08 -4.091e+06 -9.044e+05  1.077e+06  2.177e+06  9.654e+05   2.53e+06  1.048e+06  1.715e+06  1.239e+06  8.708e+05   2.58e+06  6.627e+05  1.327e+06  1.156e+06   1.29e+06  1.142e+06  3.619e+05  1.341e+06  6.651e+05   2.32e+06  6.851e+05  1.555e+06  1.711e+06  2.199e+06  1.596e+06  3.847e+06  1.209e+06  1.061e+06  1.981e+06  8.566e+05  2.423e+06  2.154e+06 -2.831e+06  2.275e+06  1.245e+06  7.129e+05  1.247e+06  2.109e+06  1.561e+06  1.645e+05   1.49e+06  2.408e+06  1.921e+06    2.7e+06  2.557e+06  1.932e+05   5.87e+05  1.263e+06  4.672e+05  1.391e+06  2.351e+06  9.014e+05 -1.326e+05  1.506e+06 -9.834e+05  1.272e+06  1.928e+06  2.041e+06  1.887e+06  1.931e+06  1.965e+06  2.689e+06  2.342e+06  1.436e+06  1.838e+06  1.106e+06   1.21e+06  2.137e+06  1.493e+06  1.808e+06  1.431e+06  1.592e+06  1.797e+06  1.214e+06  1.805e+06   2.06e+06  1.738e+06  1.101e+06  1.437e+06  1.839e+06  1.536e+06  1.222e+06  2.109e+06  9.154e+05  1.796e+06  1.691e+06  7.368e+05  1.927e+06  2.416e+06  3.419e+05  1.487e+06  2.105e+06  1.873e+06  1.971e+06  1.866e+06   9.13e+05  2.102e+06  1.599e+06  1.177e+06 -2.445e+06  2.768e+06  1.833e+06  1.673e+06  2.204e+06  2.589e+06  1.102e+06  1.596e+06  1.073e+06   1.92e+06  2.391e+06  2.339e+06  1.751e+06  4.895e+06  2.746e+06  3.473e+06  3.477e+06  2.477e+06  2.237e+06  2.973e+06  1.201e+06  2.162e+06  2.358e+06  2.132e+06  1.342e+06  2.781e+06 -5.854e+05  2.095e+06  2.711e+05  1.026e+06  9.262e+05  2.023e+06  6.453e+05  1.848e+06  4.537e+06  2.492e+06  1.734e+06  1.245e+06
 -5.561e+05 -4.408e+06 -3.135e+07 -4.091e+06 -1.153e+08  6.803e+05  2.101e+06  2.225e+06  1.657e+06  1.969e+06  2.665e+06  2.208e+06    2.4e+06  2.128e+06  2.008e+06  1.518e+06  2.598e+06   2.09e+06  1.648e+06  1.946e+06  1.399e+06  2.897e+06   2.83e+06  2.118e+06   2.05e+06  2.141e+06  2.714e+06  1.587e+06  6.503e+05  1.735e+06  3.969e+06  1.425e+06  1.549e+06  1.005e+06  1.756e+06    1.3e+06  1.752e+06  2.394e+06  2.831e+06  1.495e+06  2.091e+06  2.406e+06  2.322e+06  2.948e+06  2.392e+06  1.447e+06  2.526e+06  1.168e+06  1.902e+06  2.943e+06   2.19e+06  1.729e+06   1.46e+06  2.586e+06  2.236e+06  2.109e+06  2.543e+06  1.986e+06  6.943e+04  2.623e+06  2.429e+06  2.096e+06  2.213e+06  1.983e+06  2.113e+06  2.844e+06  1.647e+06   2.05e+06  2.501e+06  2.486e+06  2.049e+06  2.091e+06  2.635e+06  2.352e+06   2.32e+06   2.09e+06  2.378e+06  2.071e+06  2.147e+06   2.23e+06  2.003e+06  2.618e+06  2.223e+06  2.614e+06   2.44e+06  1.745e+06  3.347e+06  3.352e+06  2.122e+06   2.98e+06  2.335e+06  2.848e+06  2.511e+06  2.483e+06  2.054e+06   2.04e+06  2.824e+06  2.647e+06  2.089e+06  1.338e+06  1.593e+06  1.792e+06  2.559e+06 -1.427e+06  1.568e+06   2.17e+06  2.895e+06  1.404e+06  2.795e+06   2.59e+06  1.074e+06    2.2e+06  1.119e+06  1.429e+06 -2.361e+05  1.132e+06 -2.059e+06  3.686e+06 -1.912e+04  3.732e+06  1.157e+06  1.485e+06  1.151e+06  2.906e+06  2.133e+06  2.233e+06  2.897e+06  1.385e+06  2.124e+06  2.129e+06  2.856e+06  3.372e+06  2.387e+06  3.239e+06  2.355e+06   1.95e+06  2.742e+06  4.045e+06  9.425e+05  2.721e+06  1.063e+06
 -3.034e+07 -8.291e+05 -5.625e+06 -9.044e+05  6.803e+05 -6.118e+07 -6.396e+05  4.045e+05  1.179e+06  1.987e+06 -9.753e+05  8.496e+05 -4.245e+04  7.136e+05  2.261e+06 -3.626e+06 -1.581e+06 -1.216e+06  4.144e+05  3.998e+05 -3.378e+06 -4.842e+05   1.19e+06  1.569e+06 -4.354e+06 -2.342e+06 -4.421e+05  2.198e+06  1.136e+06  4.255e+06  2.013e+06 -1.086e+06  3.879e+05 -1.224e+06  8.056e+05   2.11e+06 -2.658e+06  1.101e+06  -1.74e+06  9.285e+05 -2.837e+06   3.97e+05 -1.135e+06  1.654e+06 -6.532e+05   2.52e+06  9.851e+05  3.775e+06   3.59e+06 -2.106e+06 -5.411e+06  7.733e+05  -4.32e+06 -8.244e+05  1.712e+06  6.279e+05 -2.948e+06 -5.754e+04 -4.585e+06 -1.227e+06 -4.542e+05  1.828e+06  1.597e+06 -4.862e+05   7.07e+05  3.429e+06  3.989e+06  7.691e+05  9.116e+05  1.401e+06 -2.951e+06  9.509e+05 -2.266e+06   8.69e+05 -1.662e+06  4.669e+05 -3.999e+05  4.781e+05 -2.119e+04  1.665e+06  1.229e+06 -1.757e+06  9.511e+05    7.5e+05 -7.623e+05 -4.146e+05  6.712e+05  6.165e+04  4.804e+05 -2.433e+05  2.453e+06  1.506e+06  2.098e+06  -2.11e+06  -6.73e+05  1.337e+06  2.729e+05  2.175e+06  1.396e+06 -3.159e+06  6.604e+05 -1.224e+06 -4.152e+05   2.17e+06  2.714e+06  1.693e+06  1.917e+06  1.774e+06   2.65e+06      -7173  4.625e+05  3.494e+05  2.293e+06  1.638e+06  1.495e+06  3.823e+06  3.161e+06  5.095e+06  4.552e+06  3.569e+06  4.097e+06  3.554e+06  5.421e+06  3.778e+06  1.085e+06  3.117e+06  1.652e+06   3.74e+06  4.817e+06  4.718e+04  3.141e+06  1.006e+06  3.061e+06  1.415e+06  2.551e+06 -1.761e+05  2.934e+06  4.348e+06  4.797e+06  1.877e+06  7.163e+05
 -3.114e+05  1.696e+06 -5.266e+05  1.077e+06  2.101e+06 -6.396e+05 -2.478e+09 -5.358e+07 -6.605e+06 -1.964e+07 -1.235e+08  -2.61e+06 -6.423e+07  -7.29e+06 -1.436e+07 -4.691e+08 -2.579e+07 -1.378e+07 -4.631e+06 -4.327e+06 -3.683e+07 -2.451e+07 -1.079e+07 -4.204e+06 -7.725e+07 -2.239e+07 -1.568e+07 -8.594e+06  -1.09e+07  4.947e+06 -9.549e+06 -2.581e+07 -9.663e+06 -1.951e+07 -9.268e+06 -6.866e+06 -6.205e+07 -1.102e+07 -3.517e+07 -4.926e+06  -3.37e+07 -1.254e+07 -3.119e+07 -8.641e+06 -1.604e+07  2.957e+05 -5.239e+06 -6.911e+05  1.623e+06 -3.378e+07  -3.98e+07 -6.537e+06 -3.739e+07 -1.434e+07 -5.558e+06 -5.132e+06 -3.173e+07 -1.139e+07 -4.308e+07 -1.513e+07 -9.633e+06 -2.825e+06 -1.664e+06 -9.089e+06 -5.603e+06  2.235e+06  4.439e+06 -9.632e+06 -4.553e+06 -6.852e+05 -2.759e+07 -5.227e+06   -1.9e+07 -4.234e+06 -1.732e+07 -4.771e+06  -9.24e+06 -4.322e+06 -5.882e+06 -9.358e+05 -1.795e+06 -1.963e+06 -2.671e+06 -2.777e+06 -4.134e+06 -7.127e+06 -3.673e+06 -4.224e+05  1.272e+06 -6.442e+06 -9.878e+05 -4.621e+05 -7.986e+05 -3.274e+07 -2.064e+07  -7.25e+06 -2.194e+07 -8.382e+06 -8.496e+06 -3.962e+07 -6.116e+06  -2.28e+07 -1.035e+07 -6.472e+06  1.183e+06 -5.617e+06  8.646e+05 -4.056e+06 -3.812e+06 -1.141e+07 -8.273e+06 -1.166e+07 -2.216e+06  1.506e+06  -9.34e+06 -8.039e+05  6.388e+05  1.153e+05  3.456e+06 -1.101e+07  4.161e+05  5.381e+05  4.631e+06   1.08e+07  -3.52e+06 -1.264e+06  1.733e+06    8.4e+06  3.802e+06 -9.897e+06 -6.821e+05 -1.181e+07  9.823e+05 -5.209e+06  -4.18e+06 -1.598e+07 -1.378e+07  6.481e+06  7.281e+06  4.174e+06  1.258e+06
   1.12e+06  2.105e+06  1.893e+06  2.177e+06  2.225e+06  4.045e+05 -5.358e+07 -3.149e+08 -1.877e+07 -6.291e+07 -1.706e+06  4.348e+04 -1.065e+06  1.134e+05       2499  -2.57e+07 -1.382e+07 -3.083e+06 -4.293e+05 -3.615e+05 -2.255e+07 -8.226e+06 -2.219e+06 -5.348e+05 -2.274e+07 -9.012e+06 -5.419e+06 -1.798e+05 -3.223e+06   2.62e+06 -3.046e+06 -5.943e+06 -1.915e+06  -7.19e+06 -2.772e+06 -8.847e+04  -1.87e+07 -2.426e+06 -1.164e+07 -5.197e+05 -1.215e+07 -3.205e+06 -8.355e+06 -1.682e+06 -5.608e+06  9.205e+05 -2.913e+06  1.204e+06 -2.578e+05 -1.274e+07 -1.776e+07 -1.095e+06  -1.68e+07 -4.388e+06   5.85e+04 -1.661e+05 -1.057e+07 -2.785e+06 -1.526e+07 -4.426e+06 -2.161e+06 -2.394e+05   6.53e+05 -1.907e+06 -3.447e+05  2.297e+06  3.922e+06 -2.905e+06 -3.789e+05  1.891e+05 -9.073e+06 -5.378e+05 -6.168e+06 -1.858e+05 -2.861e+06 -4.828e+05 -6.871e+05  3.367e+05 -5.895e+05   7.82e+05  7.591e+05 -3.649e+06  7.836e+04   1.41e+05 -1.326e+06 -1.277e+06  7.132e+05  7.008e+05   4.89e+05  1.589e+06  5.122e+04  3.368e+06  1.363e+06 -1.176e+07 -7.813e+06 -1.254e+06 -5.388e+06 -4.283e+05  -2.07e+06 -1.195e+07 -1.315e+06 -8.114e+06 -2.902e+06 -5.287e+06   1.82e+06 -2.084e+06 -5.069e+06  3.419e+05 -3.065e+05  -5.31e+06 -1.078e+06 -3.268e+06 -1.875e+06 -6.759e+05   3.96e+05  2.993e+06  1.221e+06  3.165e+06  2.543e+06 -3.316e+06  6.453e+05  1.572e+06  3.761e+06   7.35e+05  1.559e+06  9.141e+05  -1.65e+05  2.047e+06  3.244e+06  -1.08e+06  8.264e+05 -2.449e+06  6.114e+05 -1.947e+06  1.253e+06 -5.673e+05 -1.235e+05  2.312e+06  3.244e+06  3.441e+05  1.419e+06
  1.302e+06  1.586e+06  1.647e+06  9.654e+05  1.657e+06  1.179e+06 -6.605e+06 -1.877e+07 -9.706e+07  1.274e+06 -2.507e+05  6.996e+05 -1.526e+05 -2.301e+05  8.374e+05  -3.79e+06 -1.862e+06 -1.524e+05  7.455e+05  7.087e+05 -3.785e+06 -1.533e+06 -7.802e+05  1.154e+06 -4.165e+06 -7.911e+05  3.268e+05  7.444e+05  -2.77e+05  1.672e+06 -1.013e+05 -9.267e+04  7.014e+05  5.992e+05  9.094e+05  3.526e+05  -3.94e+06  1.475e+05 -2.651e+06 -8.094e+05  -1.26e+06  2.704e+05 -8.211e+05  -8.37e+05 -5.195e+05  8.092e+05   1.41e+06  1.261e+06 -4.453e+05 -1.443e+06 -2.536e+06  5.817e+04  -1.29e+06  1.054e+05  1.182e+06   8.29e+05 -1.735e+06  5.675e+05 -5.692e+06  6.008e+05  8.285e+05  6.838e+05  1.004e+06  5.684e+05  1.284e+06  2.016e+06  2.153e+06  1.296e+06  1.428e+06  9.905e+05 -5.341e+05  1.122e+06  2.461e+05  1.216e+06  1.101e+05  9.712e+05  1.352e+06  1.704e+06  7.816e+05  1.649e+06  1.145e+06   9.88e+05  1.908e+06  1.547e+06  9.016e+05  1.188e+06  1.222e+06  1.444e+06  2.264e+06  2.902e+06  1.302e+06 -2.671e+04  1.802e+06 -1.362e+06 -1.292e+06  9.032e+05 -7.716e+05  9.713e+05  8.762e+05 -1.871e+06  9.198e+05 -1.128e+06   -1.6e+05 -2.709e+06  7.604e+04  6.735e+05  4.199e+05  1.142e+06  9.707e+05  -1.08e+06  1.551e+05 -2.432e+05  6.424e+04  1.998e+06 -1.102e+06 -2.696e+05 -8.948e+05  2.326e+06  1.534e+06  5.883e+05 -1.226e+06 -6.362e+05   1.68e+06  2.967e+06 -4.483e+05  1.137e+06  1.844e+06  1.403e+06  7.268e+05 -1.796e+05  1.524e+06 -2.788e+06 -2.893e+05 -6.212e+05  9.349e+05 -1.233e+06  1.281e+06  1.966e+06 -1.879e+06  6.953e+05  1.061e+06
  2.362e+06  2.296e+06  2.634e+06   2.53e+06  1.969e+06  1.987e+06 -1.964e+07 -6.291e+07  1.274e+06 -1.254e+08  7.813e+05  1.073e+06  7.703e+05  1.128e+06  7.498e+05     -1e+07  -5.71e+06 -4.191e+05   9.18e+05  9.613e+05 -8.033e+06 -2.454e+06  6.298e+05  1.898e+05  -1.02e+07 -2.585e+06 -1.565e+06 -1.624e+06 -1.965e+06  1.685e+06 -4.545e+06 -3.553e+06 -1.312e+06 -2.914e+06 -8.851e+05 -2.222e+05  -7.69e+06  2.892e+04 -4.193e+06  8.055e+05 -5.704e+06 -6.527e+05   -3.6e+06  7.798e+05 -1.682e+06  7.428e+05 -5.569e+05  1.383e+06 -2.755e+05 -5.848e+06 -8.965e+06  6.437e+05 -6.663e+06 -1.264e+06  6.504e+05  1.228e+06 -3.738e+06 -4.295e+04 -5.831e+06 -9.201e+05   2.37e+05  1.393e+06  1.368e+06 -4.696e+05  1.029e+06   3.21e+06  2.721e+06 -2.634e+05  4.791e+05  1.087e+06 -4.001e+06  8.092e+05 -1.241e+06  1.235e+06 -3.165e+05  1.246e+06  2.179e+06  1.857e+06  1.677e+06  2.013e+06  1.938e+06  1.167e+06  1.596e+06  1.987e+06  1.302e+06  1.571e+06  2.572e+06  3.299e+06   3.02e+06  2.429e+06  1.926e+06  4.361e+06  2.177e+06 -4.995e+06 -2.969e+06  2.688e+05 -1.802e+06  9.188e+05 -4.742e+05 -4.947e+06  5.108e+04  -2.01e+06 -1.786e+05 -5.363e+06  1.362e+06  4.193e+05 -7.648e+05  3.094e+05  8.118e+05 -7.724e+05   7.95e+05 -7.644e+04 -1.246e+06   6.94e+05  1.266e+06  1.777e+06 -1.771e+06  3.676e+05  1.494e+06 -7.928e+06  2.739e+06  1.068e+06  1.569e+06 -1.401e+06  2.622e+06  1.616e+06  1.003e+06  1.493e+06  3.694e+06 -1.341e+06   1.13e+06  1.248e+06  1.025e+06 -6.849e+05  7.655e+05  1.115e+06 -1.067e+06 -3.511e+06  1.494e+06  1.035e+06  1.526e+06
 -7.236e+05   1.62e+06  7.817e+05  1.048e+06  2.665e+06 -9.753e+05 -1.235e+08 -1.706e+06 -2.507e+05  7.813e+05 -5.619e+08 -4.139e+06 -1.563e+08 -9.368e+06 -2.292e+07 -6.078e+07 -1.652e+07 -9.109e+06 -2.413e+06 -2.721e+06 -2.675e+07 -1.565e+07 -5.908e+06 -2.304e+06 -3.659e+07 -1.369e+07 -9.465e+06 -6.426e+06 -6.415e+06  4.794e+06  1.085e+05 -1.291e+07 -5.396e+06 -9.193e+06 -5.368e+06 -1.937e+06 -2.684e+07 -5.245e+06 -1.883e+07 -2.445e+06 -2.054e+07 -6.867e+06 -1.638e+07 -3.523e+06 -1.122e+07 -7.049e+05 -3.964e+06  3.033e+06   1.66e+06 -1.852e+07 -3.081e+07 -3.983e+06   -3.1e+07 -9.957e+06 -1.473e+06 -3.123e+06 -2.182e+07 -7.655e+06 -2.652e+07 -9.696e+06 -4.344e+06 -7.495e+05 -8.049e+05  -8.77e+06 -3.447e+06  2.284e+06  4.808e+06 -7.749e+06  -2.82e+06 -1.676e+06 -1.872e+07 -2.432e+06 -1.582e+07 -2.933e+06 -1.111e+07 -2.264e+06 -6.523e+06 -3.746e+06 -3.375e+06  5.884e+05  8.036e+04 -4.053e+06 -1.678e+06  -2.02e+06 -4.085e+06 -3.776e+06 -1.758e+06 -2.697e+06 -1.267e+06 -2.552e+06  9.188e+05  4.616e+05  5.688e+05 -1.736e+07 -1.626e+07 -4.403e+06 -1.038e+07 -3.026e+06 -4.181e+06 -2.261e+07 -3.704e+06 -1.084e+07 -7.558e+06 -3.026e+06  1.768e+06 -3.008e+06 -7.329e+06 -2.428e+06  1.195e+06 -8.161e+06 -5.794e+06 -2.456e+06 -2.201e+06  2.374e+06 -8.201e+06  4.429e+06 -4.318e+06  4.745e+06  4.242e+06  2.929e+06  3.961e+06  2.474e+06  4.415e+06    1.1e+06 -1.783e+06  2.592e+04 -4.882e+05  2.966e+06  5.239e+06 -7.175e+06  7.865e+05 -7.615e+06  6.617e+05 -3.249e+06  1.925e+06 -4.371e+06  1.983e+06   2.77e+06  5.084e+06 -1.231e+05  1.283e+06
  1.283e+06  1.999e+06  1.698e+06  1.715e+06  2.208e+06  8.496e+05  -2.61e+06  4.348e+04  6.996e+05  1.073e+06 -4.139e+06 -6.793e+07 -1.508e+05  -6.65e+05  1.138e+06 -2.658e+06 -2.153e+06 -3.103e+06 -2.768e+05 -8.177e+04 -1.336e+06 -1.592e+06 -1.849e+04  7.519e+05  -3.07e+06  -1.42e+06 -1.039e+06  3.546e+05  -2.71e+05  3.041e+06 -2.121e+05 -2.058e+06 -1.141e+05  -2.43e+06  2.446e+05  7.296e+05  -3.61e+06  3.661e+05 -2.392e+06  1.475e+05 -2.871e+06 -3.518e+05 -2.354e+06  7.499e+05 -1.229e+06  1.675e+06  1.754e+05  2.623e+06  2.149e+06 -2.073e+06 -7.298e+06 -4.136e+05 -4.749e+06 -1.914e+06  5.646e+05  9.197e+04 -2.313e+06 -3.184e+04 -4.188e+06 -1.344e+06 -2.381e+05  1.199e+06  1.252e+06 -7.481e+05  6.124e+05  1.995e+06  2.723e+06  1.621e+05  4.198e+05  6.814e+05 -3.614e+06  6.146e+05 -1.905e+06  5.104e+05 -1.242e+06  5.566e+05 -3.847e+05  4.776e+05  1.724e+05  1.343e+06  7.848e+05 -1.473e+05  7.511e+05  8.921e+05 -2.344e+05       6367  9.997e+05  8.328e+04  3.303e+05  3.097e+05  1.469e+06  2.309e+06  1.353e+06 -2.056e+06 -1.589e+06    8.8e+05 -2.402e+05  1.353e+06  1.413e+05 -3.302e+06 -1.834e+05 -1.051e+06 -1.167e+04 -7.283e+05  1.854e+06  5.758e+05   1.03e+05   1.09e+06  1.715e+06 -1.188e+06  1.084e+06   6.57e+05   1.85e+06  1.598e+06  1.255e+06  2.441e+06  5.144e+06  2.517e+06   2.75e+06 -9.133e+05  1.796e+06  7.332e+04  3.216e+06  2.519e+06  6.295e+05  1.639e+06  1.835e+06  3.239e+06  2.539e+06 -6.182e+05  1.828e+06  -9.29e+05  2.044e+06  1.653e+06  1.941e+06 -9.215e+05  2.434e+06  1.942e+05  2.271e+06  1.523e+06  9.996e+05
   5.15e+05  1.423e+06   9.69e+05  1.239e+06    2.4e+06 -4.245e+04 -6.423e+07 -1.065e+06 -1.526e+05  7.703e+05 -1.563e+08 -1.508e+05 -6.055e+08   -2.2e+07 -5.401e+07 -2.995e+07  -1.28e+07 -4.702e+06 -6.676e+05 -9.186e+05 -2.652e+07 -9.691e+06 -3.275e+06 -8.384e+05 -2.874e+07 -9.889e+06 -7.479e+06 -2.275e+06 -7.187e+06   4.67e+06 -6.837e+06 -9.099e+06 -4.099e+06 -7.917e+06 -2.097e+06 -1.762e+06 -3.425e+07 -4.582e+06 -1.258e+07 -1.978e+06 -1.469e+07 -4.186e+06 -1.229e+07  -3.49e+06  -6.34e+06 -1.974e+06  -3.37e+06  1.954e+06  3.659e+05 -1.462e+07 -2.015e+07 -1.369e+06 -1.651e+07 -6.231e+06 -3.947e+05 -1.073e+06 -1.401e+07 -5.523e+06 -2.017e+07 -6.551e+06 -2.913e+06 -1.586e+05  2.722e+05 -3.909e+06 -2.531e+06  7.237e+05  4.041e+06 -7.318e+06 -1.765e+06 -6.588e+05 -1.252e+07 -1.506e+06  -9.22e+06 -1.284e+06 -7.651e+06 -1.729e+06 -3.192e+06 -2.726e+06  -1.21e+06  3.979e+05  1.713e+06  8.637e+05 -5.277e+05 -1.888e+06 -3.347e+06 -1.273e+06  -6.47e+05  4.641e+05 -1.503e+06  -3.21e+06 -1.537e+06   1.72e+06  6.997e+04 -1.784e+07 -1.098e+07 -2.883e+06 -8.863e+06 -3.542e+06 -2.578e+06 -1.874e+07 -2.277e+06 -9.037e+06 -6.445e+06 -1.252e+07  4.124e+05 -1.613e+06 -3.398e+06 -5.856e+05 -2.036e+06 -7.912e+06 -6.614e+06 -2.708e+06 -1.016e+06 -1.092e+06 -8.784e+06  6.037e+05 -6.463e+06  1.697e+06  3.362e+06 -4.966e+06    1.9e+06 -3.843e+06 -9.629e+05  1.077e+06 -4.089e+06  1.353e+06  6.836e+05  5.753e+06  3.517e+06 -7.382e+06 -7.721e+05 -6.488e+06  1.412e+05 -3.445e+06  4.785e+05 -1.113e+07 -4.161e+06 -3.105e+06 -7.304e+05 -3.355e+05  1.445e+06
  1.033e+06  1.913e+06  1.097e+06  8.708e+05  2.128e+06  7.136e+05  -7.29e+06  1.134e+05 -2.301e+05  1.128e+06 -9.368e+06  -6.65e+05   -2.2e+07 -1.462e+08  6.143e+05 -6.524e+06 -3.311e+06 -2.328e+06 -2.026e+05 -1.457e+05 -5.157e+06 -4.448e+06 -3.177e+06  7.368e+05 -7.575e+06 -4.118e+06 -3.058e+06 -4.973e+05 -1.081e+06  4.537e+06  1.495e+06 -3.732e+06 -2.383e+05 -1.916e+06 -5.862e+05  5.369e+05 -9.713e+06 -4.472e+05 -6.396e+06  -1.05e+06 -6.353e+06 -1.395e+06 -4.173e+06  -2.45e+06 -3.058e+06  9.469e+05 -2.395e+06  2.568e+06  8.679e+05 -3.793e+06 -9.089e+06 -5.856e+05 -8.529e+06 -3.115e+06  7.764e+05 -7.536e+05 -4.846e+06 -1.171e+06 -1.018e+07 -3.151e+06 -1.035e+06  7.672e+05  1.048e+06 -1.096e+06  1.694e+04  2.421e+06    3.2e+06 -1.924e+06 -8.128e+05 -1.656e+05 -4.184e+06  5.262e+05 -3.556e+06 -4.132e+05 -3.733e+06 -3.193e+05 -1.205e+06  -4.36e+05 -5.997e+05  1.493e+06  7.075e+05 -1.451e+06  2.659e+05  -8.23e+04 -1.884e+06 -8.086e+05  -2.78e+05 -1.114e+06  -3.96e+05  4.671e+05 -2.496e+05  4.644e+05   3.82e+05  -4.91e+06 -3.672e+06 -7.268e+05 -2.207e+06  1.758e+05 -4.331e+05 -5.255e+06 -5.347e+05 -3.168e+06 -2.197e+06 -2.068e+06   7.18e+05 -6.037e+05 -2.411e+06  4.354e+05   1.06e+06 -2.453e+06 -2.173e+06 -2.125e+06 -9.816e+05  4.018e+05 -6.716e+05  1.963e+06  4.134e+05  3.311e+06   2.99e+06  1.476e+06  3.861e+06 -4.631e+05  2.368e+06   1.71e+06  1.521e+06  1.266e+06  4.435e+05  3.281e+06  3.829e+06 -2.624e+06  1.553e+06 -2.401e+06 -1.076e+06 -1.318e+06  1.117e+06 -7.641e+05  9.349e+05  3.373e+06  2.938e+06 -7.123e+05  1.282e+06
   2.48e+06  2.183e+06  2.479e+06   2.58e+06  2.008e+06  2.261e+06 -1.436e+07       2499  8.374e+05  7.498e+05 -2.292e+07  1.138e+06 -5.401e+07  6.143e+05 -2.097e+08 -7.266e+06 -2.334e+06  3.384e+05  1.141e+06  1.356e+06 -5.696e+06 -8.055e+05  1.214e+06 -2.259e+05 -1.251e+07 -2.257e+06 -7.952e+05  1.952e+05 -1.887e+06  5.995e+05 -1.907e+06 -5.315e+06 -1.079e+06 -3.086e+06  6.241e+05 -2.818e+06 -1.072e+07 -2.606e+06 -2.847e+06  4.557e+05 -2.825e+06 -7.436e+04 -2.234e+06  7.893e+05 -7.928e+05 -2.067e+06 -8.652e+05 -1.235e+06 -1.219e+06 -3.229e+06 -5.781e+06  7.291e+05 -3.731e+06 -1.155e+05  3.045e+05  1.531e+06 -4.925e+06 -2.094e+05 -6.995e+06  3.771e+05  3.743e+05  7.371e+05  1.476e+06  8.984e+05  8.284e+05    2.1e+06  2.089e+06 -9.109e+05  6.646e+05  1.521e+06 -1.555e+06  1.262e+06 -1.027e+06  1.328e+06 -7.752e+05  1.768e+06  1.726e+06  1.232e+06  2.006e+06  1.619e+06  2.131e+06 -2.477e+06  1.844e+06  8.506e+05  1.505e+06  1.935e+06  2.952e+06  1.774e+06  3.555e+06  1.983e+06 -2.779e+06  3.176e+06  1.354e+06 -4.852e+06 -2.646e+06 -8.045e+05 -1.385e+06 -7.885e+04    6.4e+05 -4.997e+06  5.241e+05 -1.165e+06  3.834e+05 -1.057e+07  8.476e+05 -5.295e+05 -1.367e+06 -7.584e+05 -9.552e+05 -1.121e+06 -8.977e+04  -1.07e+06   -4.5e+06  -1.63e+06 -4.341e+06 -4.807e+06 -1.521e+06  1.169e+05  -7.26e+05 -7.185e+06   2.63e+05  2.194e+05 -4.764e+06 -1.149e+06 -2.107e+06  1.953e+06  5.236e+04 -1.185e+06  2.524e+06 -1.551e+06  2.289e+06 -1.632e+06  6.118e+05 -1.032e+06  1.533e+06  1.058e+06  -4.55e+06 -9.221e+05  1.883e+05 -2.341e+06   1.61e+06
     -2e+06  1.724e+06 -6.311e+05  6.627e+05  1.518e+06 -3.626e+06 -4.691e+08  -2.57e+07  -3.79e+06     -1e+07 -6.078e+07 -2.658e+06 -2.995e+07 -6.524e+06 -7.266e+06 -1.455e+09 -3.061e+07 -1.124e+07 -2.599e+06 -3.895e+06 -3.607e+07 -1.771e+07 -7.916e+06 -3.031e+06 -6.533e+07 -2.045e+07 -1.402e+07 -7.238e+06 -9.863e+06  2.752e+06 -1.053e+07 -1.831e+07 -8.007e+06 -1.564e+07  -7.27e+06 -4.028e+06 -4.551e+07 -1.046e+07 -2.842e+07 -3.015e+06 -2.738e+07 -1.024e+07 -2.062e+07   -5.6e+06 -1.392e+07 -8.041e+05 -5.279e+06 -3.372e+04  1.906e+06 -3.428e+07 -3.592e+07 -5.184e+06 -3.942e+07 -1.281e+07 -3.227e+06 -4.309e+06 -2.417e+07  -8.33e+06 -3.237e+07 -1.523e+07 -7.569e+06 -1.633e+06 -1.858e+06 -1.087e+07 -3.325e+06  7.138e+05  4.591e+06 -6.266e+06 -5.321e+06 -1.541e+06 -2.147e+07 -4.989e+06 -1.577e+07 -2.794e+06 -1.468e+07 -4.394e+06 -7.587e+06 -8.379e+06 -5.839e+06 -1.453e+06 -2.003e+06 -6.571e+06 -3.918e+06 -3.791e+06 -8.543e+06 -9.092e+06 -2.791e+06 -5.145e+06 -1.034e+06 -7.485e+06 -4.677e+06  3.531e+05 -2.326e+06 -2.919e+07 -2.082e+07 -6.896e+06 -1.321e+07 -5.646e+06 -6.177e+06 -3.291e+07 -5.784e+06 -2.144e+07 -9.844e+06 -1.222e+07  1.737e+06 -5.863e+06 -2.859e+06 -4.513e+06 -1.331e+06 -1.433e+07 -6.665e+06 -6.778e+05 -1.481e+06 -2.113e+06 -6.079e+06   1.04e+06  1.048e+06  1.536e+06  2.218e+06 -1.546e+06  4.547e+06 -4.566e+06  3.264e+06  8.126e+06  1.357e+06  5.428e+05 -5.277e+06  4.316e+06  2.097e+06 -1.063e+07  2.764e+06 -6.633e+06 -4.555e+06   -7.1e+06 -2.737e+06 -8.559e+06 -1.199e+06   1.18e+06  3.003e+05  -5.33e+06  9.315e+05
 -6.439e+05  1.238e+06 -1.945e+06  1.327e+06  2.598e+06 -1.581e+06 -2.579e+07 -1.382e+07 -1.862e+06  -5.71e+06 -1.652e+07 -2.153e+06  -1.28e+07 -3.311e+06 -2.334e+06 -3.061e+07 -1.579e+09 -1.584e+06 -7.006e+05 -1.168e+06 -5.607e+08 -1.591e+07 -7.341e+06 -1.687e+06 -2.093e+08 -3.884e+07 -2.101e+07 -5.792e+06 -1.114e+07  3.842e+06 -1.375e+07 -2.673e+07 -1.132e+07 -2.012e+07 -7.973e+06 -4.491e+06 -8.137e+07  -1.21e+07 -3.581e+07 -3.501e+06 -3.373e+07   -1.2e+07 -2.294e+07 -7.128e+06 -1.278e+07 -2.938e+06 -1.031e+07  3.208e+06 -6.006e+05 -1.107e+08 -4.294e+07 -6.059e+06 -4.031e+07 -1.541e+07  -5.27e+06 -3.894e+06 -3.179e+07 -1.128e+07 -3.751e+07 -1.684e+07 -6.172e+06 -1.475e+06 -4.101e+05 -6.801e+06 -4.375e+06  3.292e+06  4.907e+06 -8.939e+06 -4.375e+06 -4.294e+06 -2.423e+07 -5.113e+06   -1.9e+07 -3.464e+06 -1.061e+07 -3.374e+06 -4.768e+06 -4.532e+06 -4.711e+06  4.149e+05 -2.331e+06 -6.243e+06  -2.41e+06 -5.255e+06 -5.459e+06  -5.79e+06 -6.202e+05   2.89e+05  8.082e+05 -1.587e+05 -7.199e+06  4.716e+06 -9.892e+05 -4.012e+07 -2.685e+07 -6.446e+06 -1.875e+07 -5.491e+06  -8.63e+06 -4.276e+07 -5.984e+06 -2.758e+07 -1.165e+07  -1.41e+07 -6.306e+04   -7.4e+06 -1.649e+07 -2.794e+06  -2.55e+06 -1.371e+07 -7.085e+06 -8.728e+06 -2.265e+06 -4.781e+06 -9.315e+06  2.155e+05  2.777e+06 -4.046e+05  2.457e+06 -8.463e+06 -3.219e+06 -1.213e+07  1.034e+06 -6.814e+06 -3.149e+06 -1.874e+06 -2.619e+06  3.598e+06  7.873e+05  -1.03e+07 -5.024e+05 -2.375e+07 -2.397e+05  -1.01e+07  6.301e+05 -1.847e+07  1.351e+06 -1.084e+07  5.698e+05 -6.069e+06  1.503e+06
  1.636e+05  1.638e+06  7.414e+05  1.156e+06   2.09e+06 -1.216e+06 -1.378e+07 -3.083e+06 -1.524e+05 -4.191e+05 -9.109e+06 -3.103e+06 -4.702e+06 -2.328e+06  3.384e+05 -1.124e+07 -1.584e+06 -2.471e+08 -2.385e+07  -3.39e+07 -2.139e+07 -9.154e+06 -4.345e+06 -2.248e+06 -1.491e+07 -1.005e+07 -6.552e+06 -1.357e+06 -2.404e+06  3.832e+06 -1.222e+07 -1.052e+07  -5.12e+06 -1.062e+07 -4.204e+06 -2.041e+06 -1.479e+07 -4.278e+06 -1.322e+07 -5.149e+06 -1.651e+07 -4.515e+06 -8.991e+06 -2.741e+06 -8.416e+06 -3.144e+05 -2.697e+06  2.498e+06  1.873e+06 -8.224e+06 -2.749e+07 -4.437e+06 -2.317e+07 -8.071e+06 -1.251e+06 -2.571e+06 -1.249e+07 -4.306e+06 -2.412e+07 -7.063e+06 -6.865e+06 -7.519e+05 -2.646e+06 -4.555e+06 -1.991e+06  2.448e+06  3.635e+06  -5.98e+06  -1.98e+06  -1.55e+06 -1.499e+07 -2.518e+06 -9.565e+06 -1.519e+06 -6.917e+06 -1.974e+06 -4.357e+06 -3.641e+06 -7.161e+06 -5.468e+06 -7.667e+05 -9.806e+06 -2.201e+06 -1.385e+06 -3.932e+06 -4.447e+06 -9.935e+05 -3.326e+06 -2.523e+06 -8.946e+05 -1.758e+06  1.516e+05  -5.51e+05  -8.33e+06 -7.458e+06 -1.575e+06 -6.717e+06 -2.682e+05 -3.604e+06 -1.063e+07 -3.406e+06 -6.447e+06 -3.897e+06 -3.516e+06 -2.505e+05 -1.596e+06 -4.371e+05 -1.953e+06  6.225e+05 -4.515e+06 -1.867e+07 -1.644e+07 -3.368e+05 -1.754e+07 -9.257e+05  2.363e+06 -4.139e+05 -4.819e+05  2.005e+06 -1.444e+07  4.706e+06  2.038e+06  4.651e+06  1.374e+06  7.313e+04  5.122e+05  1.228e+06  2.098e+06  4.389e+06 -7.013e+06  1.245e+06 -3.767e+06  9.254e+05 -1.216e+06  1.205e+06  -2.57e+06  2.987e+05  -1.01e+07  2.754e+06 -2.105e+06  9.976e+05
  8.522e+05  1.333e+06  1.147e+06   1.29e+06  1.648e+06  4.144e+05 -4.631e+06 -4.293e+05  7.455e+05   9.18e+05 -2.413e+06 -2.768e+05 -6.676e+05 -2.026e+05  1.141e+06 -2.599e+06 -7.006e+05 -2.385e+07 -6.127e+07  1.773e+06 -3.896e+06 -2.809e+06 -6.291e+05      531.2 -3.924e+06 -2.642e+06 -2.008e+06 -2.356e+05 -1.316e+06  2.328e+06  1.848e+06 -3.263e+06 -8.237e+05 -2.512e+06 -5.659e+05  3.996e+05 -5.328e+06 -4.383e+05   -4.7e+06 -1.761e+05 -4.757e+06 -1.395e+06 -3.291e+06  7.019e+04 -2.535e+06  1.124e+06   -3.4e+05  1.852e+06  2.077e+06 -2.522e+06 -9.386e+06 -7.572e+05  -6.73e+06 -2.825e+06 -3.311e+04 -5.423e+05 -3.396e+06 -6.754e+05  -7.31e+06 -2.243e+06 -1.051e+06  4.641e+05  1.248e+06 -2.078e+06 -2.549e+05  2.298e+06   2.46e+06 -5.472e+05 -4.167e+05  1.268e+05  -4.14e+06 -5.882e+05 -2.723e+06  -1.17e+05 -1.917e+06 -1.351e+05 -1.015e+06 -3.266e+05 -2.369e+05   5.21e+05  9.741e+05 -2.744e+06 -3.074e+05  -4.75e+04 -1.027e+06 -1.442e+06  1.325e+05 -9.624e+05   -4.2e+05  7.685e+04  9.289e+05 -2.123e+05    4.3e+05 -1.791e+06 -1.878e+06  7.901e+04 -7.689e+05   8.72e+05 -4.787e+05 -3.267e+06  -4.66e+05 -2.159e+06 -1.136e+06  -4.56e+05  1.798e+06  2.354e+05 -5.329e+05  6.977e+05  1.545e+06 -8.248e+05  1.935e+05 -1.121e+06  1.181e+06  4.443e+05 -1.394e+05   2.48e+06  1.644e+06  3.117e+06  1.722e+06  1.378e+06  2.849e+06  2.776e+06  3.128e+06  1.882e+06  5.811e+05  1.255e+06  1.265e+06  3.148e+06  3.394e+06  6.446e+05  1.642e+06  1.556e+05  1.806e+06  6.371e+05  2.042e+06  3.551e+05  2.044e+06  1.357e+06  2.946e+06  1.371e+06  8.427e+05
  7.862e+05  1.541e+06  1.422e+06  1.142e+06  1.946e+06  3.998e+05 -4.327e+06 -3.615e+05  7.087e+05  9.613e+05 -2.721e+06 -8.177e+04 -9.186e+05 -1.457e+05  1.356e+06 -3.895e+06 -1.168e+06  -3.39e+07  1.773e+06 -7.291e+07 -6.208e+06 -2.771e+06 -6.631e+05       3040 -6.175e+06 -3.829e+06  -2.27e+06  5.099e+05 -1.231e+06  2.863e+06  1.677e+06 -3.309e+06 -1.181e+06 -1.934e+06 -5.156e+05  1.401e+05 -6.144e+06 -5.038e+05 -4.695e+06 -2.026e+05 -4.825e+06 -1.152e+06 -3.182e+06 -5.827e+05 -2.253e+06  1.107e+06  -5.24e+05    2.6e+06  2.118e+06 -3.764e+06 -7.027e+06 -5.898e+05 -6.473e+06 -2.589e+06  4.472e+05 -3.747e+05 -3.973e+06 -1.465e+06 -6.478e+06 -2.552e+06 -1.169e+06  3.811e+05  5.607e+05 -1.026e+06  9.092e+04  1.685e+06  2.729e+06 -5.112e+05 -1.548e+05  1.804e+05 -4.638e+06 -4.016e+05 -3.589e+06  -7.31e+04 -2.679e+06 -1.593e+04 -1.732e+06 -7.575e+05 -1.077e+06  6.451e+05  7.951e+05 -2.371e+06  2.214e+04 -1.621e+05 -1.049e+06  -1.13e+06  5.206e+05 -9.447e+04 -5.225e+05 -1.182e+05  8.417e+05  5.208e+05  1.068e+06 -3.764e+06  -2.72e+06  3.182e+05 -1.308e+06  6.767e+05 -3.668e+05 -4.927e+06 -7.208e+05   -2.9e+06  -1.15e+06 -5.565e+05  1.482e+06  1.946e+05  4.083e+05  7.383e+05  1.458e+06 -2.144e+06 -1.131e+06 -9.445e+05   1.13e+06  8.445e+05  2.047e+06  2.752e+06  1.967e+06  3.509e+06  2.977e+06  1.287e+06   2.56e+06  5.188e+05   3.27e+06   2.22e+06 -1.158e+05  1.511e+06  9.091e+05  2.598e+06  3.708e+06 -3.842e+05  1.537e+06 -1.747e+06  1.386e+06  1.317e+05  1.332e+06  5.555e+05  1.382e+06  1.762e+06  3.112e+06 -2.688e+05  9.907e+05
 -2.381e+06  9.855e+05 -1.393e+06  3.619e+05  1.399e+06 -3.378e+06 -3.683e+07 -2.255e+07 -3.785e+06 -8.033e+06 -2.675e+07 -1.336e+06 -2.652e+07 -5.157e+06 -5.696e+06 -3.607e+07 -5.607e+08 -2.139e+07 -3.896e+06 -6.208e+06 -3.471e+09 -3.348e+07  -9.32e+06 -5.284e+06 -5.416e+08 -5.693e+07 -3.177e+07 -1.529e+07 -2.065e+07  2.805e+06 -1.202e+07 -3.801e+07 -1.902e+07 -3.086e+07 -1.771e+07  -1.09e+07  -1.49e+08 -2.264e+07 -6.109e+07 -6.154e+06 -6.956e+07  -1.53e+07 -3.931e+07 -1.361e+07 -2.545e+07 -1.139e+07 -1.236e+07 -2.552e+06 -3.089e+06 -1.058e+08 -8.164e+07 -6.892e+06 -6.819e+07 -1.415e+07  -7.13e+06  -5.07e+06 -4.485e+07 -1.618e+07 -5.219e+07 -2.118e+07 -8.953e+06 -1.184e+06 -4.241e+06 -1.521e+07 -4.784e+06  1.028e+06  2.249e+06 -9.142e+06 -4.582e+06 -5.751e+06 -2.854e+07 -7.599e+06 -2.067e+07 -4.763e+06 -1.145e+07 -5.359e+06 -1.004e+07 -7.469e+06  -6.43e+06 -1.555e+06 -1.016e+06 -2.946e+07  -3.81e+06 -7.127e+06 -8.037e+06 -7.581e+06 -1.468e+06 -2.251e+06 -2.527e+06 -2.664e+05 -2.442e+07  4.047e+06 -5.517e+06  -6.65e+07 -3.999e+07  -1.22e+07 -2.934e+07 -8.672e+06 -8.876e+06 -6.846e+07 -1.119e+07 -3.001e+07 -1.622e+07  -9.99e+06 -6.126e+06 -1.127e+07 -3.763e+06 -5.047e+06 -3.936e+06  -1.71e+07  -6.95e+06 -1.552e+07 -1.988e+07 -7.679e+06 -1.752e+07 -1.175e+05 -6.517e+06 -1.239e+07  5.658e+06 -2.464e+07 -4.584e+06 -1.841e+07  2.738e+06 -4.891e+07 -1.472e+07  -1.37e+06 -1.905e+06  9.416e+05  5.058e+06 -1.797e+07 -6.637e+06 -2.061e+07 -1.021e+07 -1.099e+07 -2.415e+06 -3.214e+05 -2.755e+07 -2.031e+06 -7.621e+05 -3.339e+05  1.429e+06
   3.67e+05  2.505e+06  1.931e+06  1.341e+06  2.897e+06 -4.842e+05 -2.451e+07 -8.226e+06 -1.533e+06 -2.454e+06 -1.565e+07 -1.592e+06 -9.691e+06 -4.448e+06 -8.055e+05 -1.771e+07 -1.591e+07 -9.154e+06 -2.809e+06 -2.771e+06 -3.348e+07 -7.119e+08 -6.974e+07 -2.456e+07 -9.096e+07 -2.197e+07 -1.481e+07 -5.615e+06 -5.829e+06  3.679e+06 -1.154e+07 -1.886e+07 -6.798e+06 -1.678e+07 -7.986e+06 -5.709e+06 -3.805e+07 -9.177e+06 -3.412e+07 -3.962e+06 -2.858e+07 -9.612e+06 -2.213e+07 -7.415e+06 -1.078e+07 -2.823e+06 -6.517e+06  1.366e+06 -4.773e+06 -1.929e+07 -3.923e+07  -5.34e+06 -3.238e+07 -1.095e+07 -2.572e+06 -2.156e+06 -2.158e+07 -8.428e+06 -4.444e+07  -1.02e+07 -5.295e+06 -1.867e+06 -5.302e+05  -7.03e+06 -1.891e+06  2.134e+06  4.969e+06 -6.929e+06 -2.787e+06  -3.42e+06 -2.092e+07 -3.746e+06 -1.483e+07   -2.3e+06 -1.012e+07 -1.662e+06  -4.65e+06 -1.467e+06 -2.637e+06  6.859e+04  1.168e+06 -1.119e+07 -1.871e+06 -1.995e+06 -6.417e+06 -5.394e+06 -8.566e+05 -5.818e+06  9.933e+05 -5.643e+05  2.444e+06 -1.151e+06 -6.487e+05  -2.25e+07 -1.737e+07 -4.613e+06  -1.55e+07   -3.6e+06 -9.236e+06 -2.442e+07 -4.686e+06 -1.453e+07 -8.981e+06 -2.516e+07  -2.21e+06 -4.033e+06 -7.584e+06 -3.736e+06  4.864e+05 -7.928e+06 -6.655e+06 -7.178e+06 -5.419e+06  1.088e+06  8.381e+05 -2.891e+06  -1.56e+07  2.458e+06  8.265e+05  6.699e+05  2.201e+06  4.154e+06 -3.033e+06 -7.356e+05 -3.889e+06 -1.214e+06 -3.448e+06  1.268e+06  2.726e+05 -4.047e+06  -1.72e+06 -2.355e+07 -5.094e+06 -3.722e+06 -4.747e+05 -3.486e+06 -2.021e+06  1.554e+06   1.88e+06 -2.866e+06  1.306e+06
