
 72

((monodelphis_domestica: 0.073509, (notamacropus_eugenii: 0.058716, sarcophilus_harrisii: 0.067075): 0.016212): 0.127391, (((choloepus_hoffmanni: 0.055015, dasypus_novemcinctus: 0.072329): 0.030791, (echinops_telfairi: 0.132359, (procavia_capensis: 0.083518, loxodonta_africana: 0.046558): 0.016485): 0.030162): 0.003155, (((sorex_araneus: 0.155108, erinaceus_europaeus: 0.133473): 0.026240, ((pteropus_vampyrus: 0.062720, myotis_lucifugus: 0.085350): 0.017942, (((felis_catus: 0.005049, (panthera_tigris_altaica: 0.002508, panthera_pardus: 0.001814): 0.003460): 0.039179, (canis_familiaris: 0.044836, (mustela_putorius_furo: 0.042642, ailuropoda_melanoleuca: 0.030067): 0.009229): 0.010438): 0.027699, (equus_caballus: 0.058776, (vicugna_pacos: 0.056180, (sus_scrofa: 0.061800, (tursiops_truncatus: 0.040157, (bos_taurus: 0.014935, (ovis_aries: 0.006560, capra_hircus: 0.005135): 0.011580): 0.049892): 0.008996): 0.004724): 0.019948): 0.002282): 0.001267): 0.003587): 0.011870, (((oryctolagus_cuniculus: 0.057569, ochotona_princeps: 0.099932): 0.055197, (ictidomys_tridecemlineatus: 0.081941, (((fukomys_damarensis: 0.041885, heterocephalus_glaber_female: 0.033420): 0.018799, ((cavia_porcellus: 0.002471, cavia_aperea: 0.005025): 0.060753, (chinchilla_lanigera: 0.038260, octodon_degus: 0.059564): 0.007377): 0.013286): 0.060377, (dipodomys_ordii: 0.122926, (jaculus_jaculus: 0.098935, (nannospalax_galili: 0.070005, (((mesocricetus_auratus: 0.029647, cricetulus_griseus_chok1gshd: 0.027175): 0.017773, (peromyscus_maniculatus_bairdii: 0.039774, microtus_ochrogaster: 0.049672): 0.002998): 0.013172, ((mus_pahari: 0.017483, (mus_caroli: 0.008542, (mus_musculus: 0.003869, mus_spretus: 0.004048): 0.004988): 0.009495): 0.020556, rattus_norvegicus: 0.039094): 0.033559): 0.043348): 0.023021): 0.023069): 0.011825): 0.004014): 0.014347): 0.008144, (tupaia_belangeri: 0.099404, ((otolemur_garnettii: 0.071421, (propithecus_coquereli: 0.021966, microcebus_murinus: 0.032697): 0.020822): 0.019307, (carlito_syrichta: 0.074283, (((aotus_nancymaae: 0.013142, callithrix_jacchus: 0.016553): 0.000672, (saimiri_boliviensis_boliviensis: 0.014423, cebus_capucinus: 0.012142): 0.002171): 0.022207, (((chlorocebus_sabaeus: 0.005840, ((papio_anubis: 0.003068, (cercocebus_atys: 0.003026, mandrillus_leucophaeus: 0.002832): 0.000740): 0.000793, (macaca_nemestrina: 0.001838, (macaca_mulatta: 0.001439, macaca_fascicularis: 0.000827): 0.000564): 0.002066): 0.001677): 0.003072, (colobus_angolensis_palliatus: 0.006298, (rhinopithecus_roxellana: 0.001161, rhinopithecus_bieti: 0.001448): 0.004805): 0.003121): 0.010300, (nomascus_leucogenys: 0.011555, (pongo_abelii: 0.009199, (gorilla_gorilla: 0.004482, ((pan_troglodytes: 0.001134, pan_paniscus: 0.001233): 0.002401, homo_sapiens: 0.003617): 0.000967): 0.004469): 0.001598): 0.005275): 0.010582): 0.035409): 0.006119): 0.008286): 0.001963): 0.012150): 0.012159): 0.155548, ornithorhynchus_anatinus: 0.313526);

  0.127391  0.073509  0.016212  0.058716  0.067075  0.155548  0.003155  0.030791  0.055015  0.072329  0.030162  0.132359  0.016485  0.083518  0.046558  0.012159  0.011870  0.026240  0.155108  0.133473  0.003587  0.017942  0.062720  0.085350  0.001267  0.027699  0.039179  0.005049  0.003460  0.002508  0.001814  0.010438  0.044836  0.009229  0.042642  0.030067  0.002282  0.058776  0.019948  0.056180  0.004724  0.061800  0.008996  0.040157  0.049892  0.014935  0.011580  0.006560  0.005135  0.012150  0.008144  0.055197  0.057569  0.099932  0.014347  0.081941  0.004014  0.060377  0.018799  0.041885  0.033420  0.013286  0.060753  0.002471  0.005025  0.007377  0.038260  0.059564  0.011825  0.122926  0.023069  0.098935  0.023021  0.070005  0.043348  0.013172  0.017773  0.029647  0.027175  0.002998  0.039774  0.049672  0.033559  0.020556  0.017483  0.009495  0.008542  0.004988  0.003869  0.004048  0.039094  0.001963  0.099404  0.008286  0.019307  0.071421  0.020822  0.021966  0.032697  0.006119  0.074283  0.035409  0.022207  0.000672  0.013142  0.016553  0.002171  0.014423  0.012142  0.010582  0.010300  0.003072  0.005840  0.001677  0.000793  0.003068  0.000740  0.003026  0.002832  0.002066  0.001838  0.000564  0.001439  0.000827  0.003121  0.006298  0.004805  0.001161  0.001448  0.005275  0.011555  0.001598  0.009199  0.004469  0.004482  0.000967  0.002401  0.001134  0.001233  0.003617  0.313526

 -6.691300 -10.167686 -14.645112  6.861438 -3.630769  2.562944 -18.605007 -12.630969  6.249925 -10.943160 -0.289298 15.676133 -16.950039 -3.317808 33.993822 11.667311 -3.920893 -28.405057  6.321115  6.803295 13.047595 -23.348424 23.118314 -3.964353 -10.436220  8.192235 15.773290 27.317475 -5.661478  5.443895 16.640480 -12.295507 36.848730 -20.375556 26.493288 16.292564 -55.770699  7.036978  9.861561  1.199226 43.288291 12.332264 -18.792664 26.019369 11.727006 -5.634175  7.494180  6.051157 11.804437  1.987508  9.053229  6.796064 -4.050877  4.995583  2.680999  1.497772  8.255633 -2.020075  1.188379 46.428230  0.486650 -7.444801  2.370553  1.003349  5.615594 -26.792077 -1.291684 16.331227 -30.981945  4.213207  1.583961 -15.254589 -18.371175 -6.893496 41.364418  5.662363 16.214848 26.556314 27.001042 -32.034600 37.099778 26.102918 33.988857 25.424019 23.432191 25.130616 79.156843 38.958489 41.191359 38.957844 28.860333 -80.438788 -13.553852  1.736498  6.742972 13.177691 -9.761888 13.049887 27.433818 -55.983830 11.061964 23.494232 34.949415 -37.674628 16.914056 34.539119 11.672076 22.052316 19.764820 33.526734 35.545661 79.309949 79.091709 84.478295 58.068476 92.086043 58.481030 21.225801 84.901046 21.134612 29.078325 173.519237 23.193798 73.048390 66.920867 72.854889 88.460353 22.846747 90.133295 74.337170 53.344410 56.775831 72.977700 33.712234 29.038857 19.203933 15.311426 19.107694 24.724079 84.983142  1.545674


Hessian

 -6.568e+06 -6.147e+05 -1.495e+06 -3.928e+05 -4.579e+05 -3.537e+06  2.147e+05  2.954e+05  1.652e+05  3.194e+05    2.7e+05      2e+05  2.935e+05  2.564e+05  2.987e+05 -1.792e+05  4.825e+05  2.634e+05  1.384e+05  1.694e+05   5.58e+05  5.078e+05   4.06e+05  3.663e+05  6.155e+05  5.221e+05  4.715e+05  5.312e+05  5.171e+05  5.106e+05  4.948e+05  5.407e+05  4.486e+05  5.047e+05  4.451e+05  4.792e+05  6.664e+05  4.035e+05   5.84e+05   2.79e+05  6.141e+05  4.829e+05  6.033e+05  4.717e+05  4.619e+05  4.912e+05  5.074e+05  5.584e+05  5.379e+05   4.11e+05  5.507e+05  4.352e+05  4.096e+05   2.71e+05  4.868e+05  3.254e+05  5.454e+05  4.576e+05  4.725e+05  3.477e+05  4.225e+05  4.799e+05  3.739e+05  4.398e+05   3.66e+05  5.352e+05  4.409e+05  3.245e+05  4.394e+05  2.376e+05   4.13e+05  2.679e+05  3.892e+05  3.275e+05  4.062e+05  4.643e+05  4.779e+05  4.152e+05  3.788e+05  5.656e+05  4.592e+05  4.026e+05  4.072e+05  4.648e+05  4.777e+05  5.366e+05  5.428e+05  5.941e+05  5.846e+05  4.631e+05  4.131e+05  5.311e+05  2.564e+05  5.143e+05  5.172e+05   3.56e+05  5.224e+05    4.9e+05  4.172e+05  5.378e+05  3.314e+05  4.726e+05   4.85e+05   5.23e+05  4.888e+05  5.262e+05  5.074e+05  5.134e+05  5.161e+05  4.702e+05  5.403e+05  5.555e+05  5.498e+05  5.995e+05  6.674e+05  6.071e+05  6.981e+05  6.348e+05  6.453e+05  6.197e+05  6.035e+05  5.785e+05  4.751e+05  5.156e+05  6.088e+05  5.734e+05  5.532e+05  5.639e+05  6.661e+05  5.406e+05  5.887e+05  6.534e+05  5.142e+05  5.713e+05  5.766e+05  7.512e+05  5.389e+05    6.9e+05  7.019e+05  5.799e+05 -1.435e+05
 -6.147e+05 -1.995e+07 -8.636e+06 -1.428e+06 -2.863e+06 -2.873e+05  7.427e+05   5.02e+05  2.593e+05  4.505e+05  5.987e+05  2.904e+05  5.068e+05  3.667e+05  3.842e+05  6.453e+05  8.775e+05   4.12e+05  1.988e+05  2.682e+05  9.584e+05  7.253e+05  5.333e+05  4.648e+05  1.134e+06  8.433e+05  6.732e+05  6.082e+05  7.536e+05  5.389e+05  8.392e+05  7.942e+05   5.59e+05  7.646e+05  6.158e+05  5.762e+05   1.01e+06  5.512e+05   9.08e+05  3.629e+05  8.843e+05  6.486e+05  8.442e+05  5.266e+05  6.707e+05   5.05e+05  5.841e+05  6.383e+05  5.538e+05   8.88e+05  1.007e+06  6.356e+05  5.065e+05  3.693e+05  8.708e+05  4.822e+05  9.236e+05  6.915e+05  5.474e+05  4.442e+05  4.791e+05   6.23e+05  4.951e+05  4.114e+05   2.55e+05  6.363e+05  4.785e+05    3.9e+05  7.574e+05  3.283e+05  6.876e+05  3.348e+05  6.289e+05  3.831e+05   5.69e+05  5.136e+05  5.215e+05  4.184e+05  3.701e+05  5.515e+05  4.592e+05  4.335e+05  4.853e+05  4.425e+05  4.756e+05  5.352e+05  5.712e+05  5.344e+05   6.57e+05  4.071e+05  3.961e+05  9.523e+05  3.689e+05  9.135e+05  7.695e+05  4.553e+05  6.578e+05  6.215e+05   5.29e+05  1.017e+06  4.927e+05   7.56e+05  6.801e+05  8.143e+05   6.33e+05  6.579e+05  6.383e+05  5.881e+05  6.254e+05  6.483e+05  6.529e+05  6.335e+05  6.045e+05  8.997e+05  8.551e+05  7.739e+05   8.47e+05  7.348e+05  5.898e+05  7.322e+05  7.933e+05  5.042e+05  5.901e+05  6.622e+05  6.769e+05   5.84e+05  6.724e+05  4.742e+05  4.625e+05  7.451e+05  6.715e+05  6.199e+05  5.594e+05  6.595e+05  8.686e+05  7.877e+05  7.724e+05  6.028e+05  6.802e+05   7.33e+05       -885
 -1.495e+06 -8.636e+06  -3.64e+07 -3.427e+06 -7.187e+06 -8.656e+05  7.036e+05  5.721e+05  2.888e+05   5.24e+05  6.455e+05  3.338e+05  5.253e+05  4.032e+05  4.604e+05  6.028e+05  9.178e+05  4.517e+05  2.208e+05  3.023e+05   9.38e+05  7.385e+05  5.659e+05  5.113e+05  1.102e+06  8.886e+05  7.843e+05  6.187e+05   9.02e+05   5.64e+05  7.498e+05  8.263e+05  6.104e+05  8.157e+05   6.97e+05  6.283e+05  1.132e+06  6.172e+05  1.031e+06  3.973e+05  9.951e+05  6.962e+05  8.914e+05  5.997e+05  7.421e+05  5.492e+05  6.924e+05  6.649e+05  6.697e+05      9e+05  1.112e+06  7.232e+05   5.59e+05  4.205e+05  1.024e+06  5.185e+05   1.02e+06  7.599e+05  6.231e+05  5.382e+05    5.6e+05  6.901e+05  5.311e+05  5.323e+05  3.285e+05  7.756e+05   5.77e+05  4.439e+05   8.12e+05  3.682e+05    7.7e+05   4.16e+05  7.313e+05  4.646e+05  6.297e+05  5.873e+05  6.145e+05  5.028e+05  4.867e+05  6.025e+05  5.416e+05  5.162e+05  5.965e+05  6.004e+05  6.068e+05  5.848e+05  6.378e+05  4.705e+05  7.481e+05  5.335e+05   4.65e+05   1.04e+06  3.936e+05  9.504e+05  8.325e+05    5.2e+05  7.526e+05  6.682e+05  5.644e+05    9.6e+05  5.418e+05  7.541e+05  8.052e+05  7.563e+05  6.991e+05  7.362e+05  5.874e+05  7.051e+05  6.694e+05  7.436e+05   7.14e+05  7.403e+05  6.597e+05  8.567e+05  1.066e+06  8.509e+05  7.627e+05  9.016e+05  7.666e+05  9.543e+05  1.072e+06  4.612e+05   6.27e+05  7.373e+05  6.227e+05   7.01e+05  8.117e+05   8.32e+05  9.612e+05  8.213e+05  6.758e+05  7.988e+05  6.767e+05  7.717e+05  7.788e+05  8.443e+05  8.792e+05  7.714e+05  8.401e+05  7.794e+05      -2915
 -3.928e+05 -1.428e+06 -3.427e+06 -1.953e+07 -2.246e+06  -2.18e+05   6.86e+05  4.072e+05  1.901e+05  3.687e+05  4.837e+05  2.365e+05  3.953e+05  2.869e+05  2.991e+05  5.231e+05  6.475e+05  3.555e+05   1.92e+05  2.248e+05  6.741e+05  5.773e+05  3.409e+05  3.885e+05  8.625e+05  6.367e+05   4.73e+05  3.798e+05  4.509e+05   3.04e+05  6.051e+05  6.681e+05  4.289e+05  5.792e+05   4.57e+05  4.578e+05  7.734e+05  3.992e+05  6.457e+05  2.361e+05  6.496e+05  4.748e+05  6.093e+05   3.31e+05  5.238e+05  3.459e+05  4.255e+05  4.628e+05  4.107e+05  5.919e+05  6.885e+05  5.133e+05  3.866e+05  2.802e+05  6.679e+05  3.408e+05  7.124e+05  5.455e+05  4.105e+05  3.513e+05  3.658e+05  4.756e+05   3.88e+05  3.333e+05  2.354e+05  4.767e+05  3.703e+05  2.814e+05  5.492e+05  2.733e+05  4.678e+05  2.731e+05   4.11e+05  3.004e+05  4.398e+05  4.208e+05  3.825e+05  3.414e+05  3.161e+05  3.981e+05  3.713e+05  3.401e+05  3.698e+05  3.617e+05  3.947e+05  4.116e+05  4.831e+05  4.159e+05  4.555e+05  3.609e+05   3.06e+05  6.523e+05  2.986e+05   6.14e+05  6.102e+05  3.896e+05  4.967e+05  4.065e+05  4.365e+05  5.613e+05  3.776e+05  4.349e+05   4.95e+05  5.543e+05  4.579e+05  4.688e+05  4.839e+05  4.653e+05  4.757e+05  3.129e+05  4.375e+05  4.505e+05  3.902e+05  5.856e+05  6.151e+05  4.433e+05  4.832e+05  4.414e+05  4.144e+05  4.466e+05  5.644e+05  2.671e+05  3.793e+05  3.851e+05  4.723e+05  5.038e+05  4.717e+05  4.646e+05  4.926e+05  4.987e+05   3.84e+05  4.852e+05  4.636e+05  3.865e+05  5.244e+05  4.336e+05  4.333e+05  5.199e+05   5.18e+05   4.68e+05  2.073e+04
 -4.579e+05 -2.863e+06 -7.187e+06 -2.246e+06 -2.122e+07 -2.071e+05  7.353e+05  5.384e+05  2.398e+05  4.533e+05  5.955e+05  2.828e+05  4.834e+05  3.704e+05  4.263e+05  7.184e+05  9.108e+05  3.837e+05  2.042e+05  2.531e+05  9.409e+05  7.332e+05  5.251e+05  4.264e+05  1.085e+06  7.819e+05  6.044e+05   5.36e+05  5.592e+05  5.467e+05  6.622e+05   7.13e+05  5.205e+05   6.93e+05  5.486e+05  5.373e+05  1.001e+06  5.681e+05  8.988e+05  3.411e+05  9.344e+05  6.244e+05  8.375e+05   4.98e+05  6.157e+05  5.537e+05  5.786e+05   4.83e+05  3.944e+05  8.968e+05  9.631e+05   6.33e+05  4.857e+05  3.685e+05  9.117e+05  4.757e+05  9.314e+05  6.825e+05  5.632e+05  4.096e+05  4.874e+05  5.982e+05  4.685e+05  4.397e+05  2.243e+05  6.294e+05   4.67e+05  4.016e+05   7.53e+05  3.253e+05   6.83e+05  3.589e+05  6.482e+05  4.128e+05   5.56e+05  5.437e+05  5.038e+05  4.491e+05   4.01e+05   6.21e+05  4.794e+05  4.544e+05  4.947e+05  4.448e+05  5.035e+05  5.319e+05  4.565e+05   3.64e+05  7.086e+05  5.247e+05  4.314e+05  9.825e+05  3.627e+05  9.519e+05  7.231e+05  4.859e+05  6.928e+05  5.806e+05  5.256e+05  9.284e+05  4.945e+05  7.796e+05  7.158e+05  8.818e+05  6.496e+05  6.441e+05  7.991e+05  6.454e+05  6.238e+05  7.195e+05  6.119e+05  7.002e+05  6.358e+05  7.265e+05  7.912e+05  6.501e+05  6.837e+05  6.993e+05  5.938e+05  6.299e+05  6.622e+05  5.588e+05   3.33e+05  7.145e+05   5.31e+05  5.992e+05   7.07e+05  4.946e+05  4.822e+05  7.932e+05  6.242e+05  6.538e+05  5.394e+05  7.419e+05  7.027e+05  9.225e+05  7.926e+05  5.285e+05   6.49e+05   6.36e+05  1.574e+04
 -3.537e+06 -2.873e+05 -8.656e+05  -2.18e+05 -2.071e+05 -6.261e+06  3.601e+04  2.429e+05   1.59e+05  2.867e+05  1.881e+05  1.762e+05  2.511e+05  2.536e+05  2.839e+05  -5.22e+05  3.589e+05  2.145e+05  1.241e+05  1.567e+05  4.159e+05  4.607e+05  3.888e+05  3.268e+05  4.231e+05  4.769e+05  4.511e+05  4.879e+05  4.874e+05  4.825e+05  5.322e+05  5.133e+05  4.414e+05  4.684e+05  4.454e+05  4.753e+05  5.741e+05  3.636e+05  5.264e+05  2.599e+05  5.691e+05   4.55e+05  5.203e+05   4.58e+05  4.299e+05  5.179e+05  5.002e+05  5.738e+05  5.689e+05  2.556e+05  4.179e+05   3.81e+05  3.815e+05  2.555e+05  3.978e+05  3.123e+05  4.203e+05  4.146e+05  4.708e+05  3.679e+05  4.393e+05  4.862e+05  3.776e+05  4.584e+05  4.187e+05  5.359e+05  4.444e+05  3.261e+05  3.773e+05  2.227e+05  3.533e+05  2.652e+05  3.494e+05  3.318e+05   3.95e+05  4.756e+05  4.833e+05  4.169e+05   4.29e+05   5.51e+05  4.466e+05  4.238e+05  4.142e+05  4.834e+05  5.242e+05  5.638e+05  5.559e+05  5.923e+05  6.106e+05  5.376e+05  4.574e+05  4.353e+05  2.434e+05  4.351e+05  4.755e+05  3.495e+05  4.813e+05  4.715e+05  4.024e+05  4.365e+05  3.195e+05  4.363e+05  4.655e+05   5.29e+05  5.392e+05  5.379e+05  5.379e+05   5.03e+05   5.09e+05  4.831e+05  5.603e+05  5.682e+05  5.882e+05  6.913e+05  8.672e+05  6.365e+05  7.833e+05  7.147e+05  6.642e+05  6.283e+05  6.753e+05  6.062e+05  4.868e+05  6.239e+05  6.729e+05  6.257e+05   5.87e+05  6.968e+05  6.598e+05  5.318e+05  6.179e+05  5.976e+05  5.314e+05  6.031e+05  6.242e+05  8.243e+05  6.552e+05  7.536e+05  7.607e+05  6.787e+05 -1.993e+05
  2.147e+05  7.427e+05  7.036e+05   6.86e+05  7.353e+05  3.601e+04  -1.98e+08 -1.259e+07  -1.76e+06 -5.396e+06   -1.7e+07 -3.769e+05 -9.565e+06 -7.082e+05 -3.249e+06 -7.832e+07 -4.034e+06  1.356e+04  1.609e+05  1.825e+05 -3.736e+06 -5.528e+05  1.123e+05  1.251e+05 -3.315e+06 -6.435e+05  2.091e+05  6.894e+05  7.584e+05  8.939e+05  1.615e+06 -4.328e+05  2.895e+05 -1.139e+05  4.026e+05  4.023e+05 -2.219e+06  -2.66e+05 -1.411e+06  1.788e+05 -9.568e+05  3.084e+05  -7.02e+05  4.188e+05  4.924e+04  6.665e+05  7.579e+05  1.109e+06  6.496e+05 -4.977e+06 -1.497e+06  3.772e+04  4.465e+05  3.759e+05 -8.443e+05  2.236e+05 -8.216e+05  1.703e+05  8.292e+05  9.007e+05   1.01e+06  9.207e+05   9.32e+05  1.088e+06  9.283e+05  1.081e+06  9.562e+05  8.177e+05  5.831e+04  2.805e+05  3.331e+05   6.99e+05  6.895e+05  8.821e+05  1.089e+06  1.446e+06  1.418e+06  1.331e+06  1.184e+06  1.286e+06  1.281e+06  1.116e+06  1.259e+06  1.426e+06  1.623e+06  1.557e+06  1.747e+06  1.622e+06  1.745e+06  2.037e+06  1.303e+06 -2.556e+06     -122.8 -2.044e+06 -5.278e+05  3.196e+05 -3.003e+05   3.58e+05  1.729e+05 -1.166e+06  1.927e+05 -4.976e+05   5.17e+05  3.277e+05  1.102e+06   1.18e+06  4.635e+05  9.944e+05  1.201e+06  1.861e+05  1.262e+06  1.066e+06  1.031e+06  1.246e+06  1.084e+06  1.773e+06  1.193e+06  1.087e+06  1.433e+06  1.325e+06  1.402e+06  1.513e+06  1.151e+06  1.594e+06  7.545e+05  1.127e+06  1.211e+06  1.116e+06  1.229e+06  1.009e+06  1.403e+06  8.186e+05  1.044e+06  1.305e+06  1.665e+06  8.335e+05  1.395e+06  1.601e+06  2.058e+06  1.516e+06  2.293e+05
  2.954e+05   5.02e+05  5.721e+05  4.072e+05  5.384e+05  2.429e+05 -1.259e+07 -4.116e+07 -4.726e+06 -1.312e+07  5.571e+04  2.399e+05  2.623e+05  3.341e+05  2.658e+05 -8.859e+06 -1.199e+06  2.134e+05  1.551e+05  2.027e+05 -1.256e+06 -4.644e+04  2.506e+05  2.889e+05 -1.367e+06  -1.48e+05   1.99e+05  3.764e+05  4.857e+05  4.725e+05  5.097e+05  1.309e+05  3.478e+05  1.946e+05  3.566e+05   3.93e+05 -7.658e+05  3.101e+04 -3.662e+05  2.012e+05 -2.928e+05  3.363e+05  1.051e+05  3.378e+05  3.057e+05  5.361e+05  6.512e+05  5.819e+05   7.74e+05 -1.413e+06 -5.213e+05  2.358e+05  3.492e+05  3.643e+05 -9.667e+04  2.757e+05  1.439e+05  2.702e+05  6.472e+05  5.889e+05   6.78e+05  6.709e+05   6.02e+05  7.248e+05  4.941e+05  6.765e+05  6.406e+05  5.413e+05  3.886e+05   3.13e+05  4.927e+05  4.725e+05  6.439e+05  6.435e+05  8.506e+05  9.856e+05  9.263e+05  8.572e+05  9.511e+05  9.303e+05  9.001e+05  8.318e+05  9.674e+05  9.784e+05  1.012e+06  1.135e+06  1.116e+06   1.07e+06  1.377e+06   1.31e+06  8.951e+05 -1.095e+06  1.257e+05 -8.318e+05 -1.664e+05   4.04e+05  1.598e+04  3.984e+05  2.541e+05 -4.614e+05  2.344e+05  2.917e+04  5.673e+05  4.164e+04  8.302e+05  6.703e+05  6.804e+05  6.264e+05  7.009e+05  3.954e+05  6.847e+05  3.558e+05  8.114e+05  5.163e+05  5.778e+05  9.442e+05  7.983e+05  8.164e+05  6.424e+05   9.52e+05  1.129e+06  6.075e+05  7.485e+05  1.142e+06  7.413e+05  8.078e+05  7.596e+05  6.464e+05  1.035e+06  7.065e+05  8.207e+05  7.355e+05  7.346e+05  7.541e+05  9.567e+05  8.684e+05  9.859e+05  1.018e+06  6.353e+05  9.325e+05  1.647e+05
  1.652e+05  2.593e+05  2.888e+05  1.901e+05  2.398e+05   1.59e+05  -1.76e+06 -4.726e+06  -2.19e+07 -5.586e+05  1.192e+05  1.628e+05  1.356e+05  1.404e+05  1.328e+05 -1.304e+06 -1.367e+05  2.028e+05  1.382e+05  1.703e+05 -1.123e+05  1.736e+05  1.512e+05  2.595e+05 -2.505e+05  1.199e+05  2.207e+05   2.19e+05  3.235e+05  1.585e+05  3.403e+05  2.609e+05  2.854e+05  3.188e+05  3.019e+05  3.152e+05 -1.151e+05  1.212e+05  3.978e+04  1.484e+05  2.434e+05  2.598e+05  1.831e+05  1.419e+05  2.802e+05  2.198e+05  3.117e+05  3.159e+05  4.283e+05 -1.602e+05  1.445e+05    2.5e+05  2.739e+05  2.441e+05  2.058e+05  1.994e+05  2.323e+05  2.846e+05  3.502e+05  2.958e+05  2.945e+05  3.318e+05   3.19e+05   2.49e+05  2.911e+05  3.611e+05  3.382e+05  2.687e+05  3.418e+05  2.123e+05  3.443e+05  2.508e+05  3.946e+05  2.903e+05  4.105e+05  4.894e+05  5.579e+05  4.469e+05  4.637e+05  6.299e+05  4.665e+05  4.342e+05  4.896e+05  4.966e+05  4.596e+05  5.611e+05  5.935e+05   6.68e+05  5.587e+05  5.306e+05  4.573e+05 -1.362e+05   1.63e+05 -1.509e+05  8.643e+04  2.452e+05  1.788e+05  1.935e+05  2.737e+05  5.795e+04  2.239e+05  1.763e+05  3.306e+05   3.69e+05    3.1e+05  3.495e+05  2.807e+05  3.168e+05  3.596e+05  3.049e+05  2.981e+05   3.83e+05  3.777e+05  5.227e+05  9.576e+04  3.284e+05  6.153e+05   5.54e+05  5.292e+05  5.536e+05  4.922e+05  1.405e+05  5.208e+05  3.438e+05  2.697e+05  3.041e+05  3.522e+05  2.383e+05  3.475e+05  2.722e+05  3.718e+05  3.336e+05  2.262e+05  1.789e+05  2.723e+05  2.769e+05  4.914e+05  2.497e+05  4.933e+05  3.163e+05   1.06e+05
  3.194e+05  4.505e+05   5.24e+05  3.687e+05  4.533e+05  2.867e+05 -5.396e+06 -1.312e+07 -5.586e+05 -2.577e+07  2.996e+05  2.236e+05  3.169e+05  3.089e+05   2.77e+05 -3.853e+06 -5.038e+05  2.288e+05  1.665e+05  2.009e+05 -5.398e+05   1.64e+05  3.193e+05  2.901e+05 -5.042e+05  1.459e+05  2.715e+05  3.544e+05  2.428e+05   4.06e+05  4.564e+05  2.611e+05  2.868e+05  3.127e+05   3.75e+05  3.827e+05 -2.938e+05    1.9e+05  1.222e+04  2.218e+05   2.44e+04  3.321e+05  2.715e+05  3.831e+05  3.203e+05  4.743e+05  5.015e+05  4.878e+05  6.013e+05 -5.787e+05 -1.343e+05  2.655e+05  3.137e+05  3.111e+05  3.038e+04  3.775e+05  3.113e+05  3.632e+05  5.667e+05  4.956e+05  5.249e+05  5.777e+05  5.699e+05  6.451e+05  4.501e+05  5.477e+05  5.679e+05  4.725e+05  5.045e+05  2.945e+05  5.616e+05  4.599e+05  7.047e+05  5.763e+05  8.135e+05  8.932e+05  8.637e+05  7.175e+05  8.409e+05  9.827e+05  7.533e+05  7.398e+05  8.295e+05  8.466e+05   9.01e+05  1.029e+06      1e+06  9.524e+05  1.059e+06  9.493e+05  7.891e+05 -3.539e+05   1.86e+05 -1.783e+05  1.072e+05  4.468e+05  1.795e+05  4.007e+05    2.9e+05  8.293e+04  2.861e+05  2.776e+05  5.064e+05  4.575e+05  7.372e+05  7.086e+05  5.576e+05  5.416e+05  6.039e+05  4.368e+05  6.991e+05  3.627e+05  7.903e+05  6.468e+05  4.919e+05  5.692e+05  9.304e+05  8.022e+05   5.22e+05  1.124e+06  9.528e+05  7.172e+05  8.982e+05  6.897e+05  6.659e+05  7.419e+05  7.415e+05  3.278e+05  7.007e+05  8.249e+05  7.189e+05  7.578e+05  6.309e+05  7.433e+05  8.797e+05  7.674e+05  8.343e+05  9.395e+05  1.239e+06  8.814e+05  1.482e+05
    2.7e+05  5.987e+05  6.455e+05  4.837e+05  5.955e+05  1.881e+05   -1.7e+07  5.571e+04  1.192e+05  2.996e+05 -5.032e+07 -1.344e+06 -2.179e+07 -2.007e+06 -6.662e+06 -1.166e+07 -1.452e+06  6.408e+04   1.19e+05  1.268e+05 -1.438e+06 -2.503e+05  1.261e+05  1.728e+05 -1.288e+06  -2.51e+05  1.877e+05  4.822e+05  4.871e+05  8.775e+05   7.68e+05 -1.113e+05  4.167e+05  6.178e+04  3.591e+05  5.215e+05 -1.052e+06  4.263e+04  -6.75e+05   1.96e+05 -4.912e+05  2.169e+05 -3.862e+04  4.513e+05  1.664e+05  7.038e+05  6.208e+05  9.122e+05  6.973e+05 -1.626e+06 -9.686e+05  8.549e+04  3.652e+05  3.104e+05 -5.484e+05  2.512e+05 -3.936e+05  1.851e+05  6.585e+05  6.017e+05  7.847e+05  6.446e+05  6.226e+05  7.927e+05   7.95e+05  7.635e+05  7.496e+05  5.593e+05  5.045e+04   3.01e+05  1.662e+05  4.434e+05  4.834e+05  6.105e+05  7.395e+05  1.048e+06  1.009e+06  9.453e+05  9.324e+05  1.105e+06  9.173e+05  9.189e+05  9.463e+05  1.062e+06  1.171e+06  1.213e+06  1.172e+06  1.186e+06  1.299e+06  1.244e+06  9.591e+05 -1.348e+06  6.927e+04 -1.024e+06 -2.834e+05   3.45e+05  9.086e+04  4.263e+05  3.303e+05 -5.725e+05  1.925e+05 -1.204e+05  5.282e+05  9.423e+05  8.204e+05  9.339e+05  5.759e+05  7.872e+05    9.1e+05  3.179e+05  7.253e+05  6.523e+05  9.579e+05  9.138e+05   9.09e+05  1.126e+06  3.073e+05  1.017e+06  1.118e+06  9.944e+05   1.05e+06  7.645e+05  1.125e+06  7.855e+05  1.143e+06  9.172e+05  9.279e+05  1.089e+06  1.159e+06  7.525e+05  1.082e+06  7.302e+05  7.518e+05  1.025e+06  1.074e+06  1.097e+06  8.975e+05  1.318e+06  1.266e+06  1.353e+06  1.766e+05
      2e+05  2.904e+05  3.338e+05  2.365e+05  2.828e+05  1.762e+05 -3.769e+05  2.399e+05  1.628e+05  2.236e+05 -1.344e+06 -1.082e+07 -5.494e+05      -9930      -5869 -2.421e+05  2.033e+05  1.439e+05  1.035e+05   1.41e+05  2.798e+05  2.653e+05  2.647e+05  2.024e+05  2.069e+05  2.767e+05   2.91e+05   3.03e+05  2.819e+05  4.035e+05  3.431e+05  2.884e+05  3.512e+05  3.437e+05  3.266e+05  3.723e+05  2.451e+05  2.838e+05  2.786e+05  1.854e+05   2.65e+05  2.688e+05  3.067e+05  3.615e+05  2.948e+05  4.194e+05  3.484e+05  5.332e+05  4.074e+05  1.457e+05  1.324e+05  1.895e+05    2.2e+05  1.734e+05  2.156e+05  2.999e+05  2.201e+05  3.116e+05  3.854e+05  3.229e+05  4.119e+05  3.864e+05  3.346e+05  3.791e+05  2.767e+05  3.944e+05  3.666e+05  2.749e+05  3.188e+05   1.74e+05  3.125e+05  2.278e+05  3.362e+05  3.184e+05  3.471e+05  4.728e+05  4.647e+05  3.979e+05  4.575e+05  4.139e+05  4.025e+05  3.922e+05  4.685e+05   4.95e+05   4.65e+05  5.338e+05   5.38e+05  5.217e+05  5.731e+05  5.122e+05  4.158e+05   2.84e+05  1.786e+05  2.207e+05  3.688e+05  3.193e+05  3.349e+05    4.2e+05  2.981e+05  2.993e+05  2.444e+05  2.935e+05  3.918e+05  4.874e+05  5.377e+05   4.97e+05  5.115e+05  4.504e+05  5.096e+05  3.742e+05  5.484e+05  5.337e+05  5.697e+05    5.5e+05  6.842e+05  6.891e+05  5.889e+05   4.88e+05  6.117e+05   6.71e+05  5.276e+05   4.99e+05  6.801e+05  3.614e+05  6.572e+05  6.098e+05   4.75e+05  5.773e+05  5.022e+05  4.976e+05  5.486e+05  5.585e+05   5.57e+05  6.099e+05  6.241e+05  8.074e+05  5.532e+05  6.309e+05  6.029e+05  5.075e+05  9.307e+04
  2.935e+05  5.068e+05  5.253e+05  3.953e+05  4.834e+05  2.511e+05 -9.565e+06  2.623e+05  1.356e+05  3.169e+05 -2.179e+07 -5.494e+05  -5.54e+07 -4.239e+06 -1.261e+07  -6.74e+06 -7.713e+05  3.014e+05   2.27e+05  2.078e+05  -7.86e+05  6.472e+04  2.067e+05   3.23e+05 -9.298e+05  4.709e+04  3.996e+05  4.147e+05  6.168e+05  8.494e+05  1.061e+06  7.835e+04  4.662e+05  2.649e+05  5.202e+05  4.891e+05 -7.656e+05  5.716e+04 -2.371e+05  2.723e+05 -6.394e+04  3.884e+05  2.639e+05  4.196e+05  4.437e+05  4.589e+05    5.7e+05  7.694e+05  7.635e+05 -8.036e+05 -3.049e+05  3.112e+05  4.423e+05   4.07e+05 -1.158e+05  3.413e+05 -9.986e+04  3.967e+05  6.618e+05  5.451e+05  6.333e+05  7.356e+05  5.887e+05  7.348e+05  5.961e+05  8.009e+05  6.749e+05  5.031e+05  3.543e+05  3.235e+05   4.24e+05  4.817e+05   5.64e+05  5.567e+05  7.068e+05  9.429e+05  1.062e+06  8.603e+05  1.031e+06  1.075e+06  8.586e+05  7.939e+05  9.385e+05  1.029e+06  9.421e+05  1.052e+06  1.079e+06  1.023e+06  1.098e+06  1.009e+06  9.131e+05 -5.109e+05  1.647e+05 -4.134e+05  5.864e+04  3.792e+05  2.257e+05  3.708e+05  4.272e+05  5.308e+04  3.715e+05  1.915e+05  5.647e+05  4.182e+05  7.609e+05  7.157e+05  6.851e+05   6.78e+05  7.564e+05  2.879e+05  5.263e+05  6.152e+05  5.575e+05   9.41e+05  1.333e+06  1.185e+06  5.351e+05  1.084e+06  9.938e+05  7.421e+05  1.051e+06  9.646e+05   9.26e+05  1.055e+06  7.743e+05  7.123e+05  8.237e+05  6.061e+05  1.175e+06  5.035e+05   9.11e+05  5.169e+05  5.932e+05  7.547e+05  8.131e+05  9.946e+05  8.702e+05  8.968e+05  8.723e+05   1.08e+06  1.855e+05
  2.564e+05  3.667e+05  4.032e+05  2.869e+05  3.704e+05  2.536e+05 -7.082e+05  3.341e+05  1.404e+05  3.089e+05 -2.007e+06      -9930 -4.239e+06 -2.048e+07 -1.176e+06 -4.045e+05  3.475e+05  2.657e+05  1.704e+05  1.975e+05  4.379e+05  3.493e+05  2.635e+05  3.262e+05  4.179e+05   4.05e+05  3.594e+05  3.842e+05  5.093e+05  5.914e+05  5.259e+05  4.113e+05  4.364e+05  5.332e+05  4.249e+05  3.678e+05  2.612e+05  2.609e+05  3.356e+05  1.899e+05   3.73e+05  3.855e+05  3.909e+05  3.205e+05  3.599e+05  3.278e+05  3.768e+05  5.134e+05  5.405e+05  2.738e+05  3.805e+05  3.352e+05  3.458e+05  2.488e+05  3.985e+05  3.642e+05  3.087e+05  3.951e+05  4.948e+05  3.922e+05  4.293e+05  4.516e+05  3.688e+05  3.862e+05  3.713e+05  4.852e+05  4.128e+05  3.255e+05  4.664e+05  2.691e+05  4.585e+05  3.281e+05  4.715e+05  3.762e+05  4.851e+05   6.21e+05  6.229e+05  4.891e+05  6.166e+05  6.472e+05  5.636e+05  5.275e+05  5.764e+05   6.24e+05  6.439e+05  6.626e+05  7.252e+05  6.787e+05  7.477e+05  7.198e+05  5.568e+05  2.711e+05  2.212e+05  3.293e+05  4.352e+05  3.583e+05  3.799e+05  3.502e+05  4.044e+05  2.696e+05  3.203e+05  2.959e+05  4.343e+05  4.475e+05   5.14e+05  3.484e+05  5.887e+05  4.894e+05  4.901e+05  3.631e+05   4.47e+05  5.312e+05   4.91e+05  6.089e+05  1.864e+05  5.847e+05  4.445e+05  7.447e+05  7.298e+05  6.188e+05  4.936e+05  6.563e+05  6.828e+05  6.305e+05  3.862e+05   3.66e+05  4.905e+05  4.855e+05  6.838e+05  3.625e+05  5.548e+05  3.941e+05  5.563e+05  5.211e+05  5.087e+05  5.355e+05  5.906e+05  6.218e+05  6.047e+05  5.383e+05  1.298e+05
  2.987e+05  3.842e+05  4.604e+05  2.991e+05  4.263e+05  2.839e+05 -3.249e+06  2.658e+05  1.328e+05   2.77e+05 -6.662e+06      -5869 -1.261e+07 -1.176e+06 -3.811e+07 -2.363e+06  6.447e+04  4.096e+05   2.57e+05  2.551e+05 -1.051e+05  3.418e+05  3.241e+05  3.257e+05 -2.113e+05  2.418e+05   4.47e+05  2.875e+05  4.965e+05  4.602e+05  5.037e+05  2.854e+05  4.139e+05  3.962e+05  4.597e+05  2.726e+05 -1.556e+05  8.941e+04  3.127e+05  1.904e+05  3.001e+05  4.262e+05  4.976e+05  3.358e+05  5.283e+05  2.425e+05  4.373e+05   4.21e+05  4.402e+05 -5.109e+04  3.796e+05  4.906e+05   4.08e+05  3.802e+05  3.025e+05  3.799e+05  3.933e+05   5.21e+05  5.812e+05  4.912e+05  5.371e+05  6.019e+05  4.565e+05  3.742e+05  3.063e+05  5.448e+05  5.532e+05  3.959e+05  5.263e+05   3.55e+05  5.074e+05  4.199e+05  6.122e+05  5.065e+05  6.521e+05  7.839e+05  8.205e+05  6.312e+05  7.926e+05  9.045e+05  7.554e+05  6.893e+05  7.674e+05  8.259e+05   8.36e+05  9.217e+05  8.888e+05  8.701e+05  7.679e+05  1.047e+06  7.058e+05  2.259e+05  2.566e+05  2.707e+05  3.182e+05  3.661e+05  4.229e+05  3.863e+05  5.076e+05  3.547e+05  3.978e+05  4.273e+05  6.178e+05  5.514e+05  4.912e+05  5.691e+05  3.452e+05  6.841e+05  4.583e+05  3.587e+05  5.347e+05  2.024e+05   3.13e+05  5.008e+05  8.835e+05  5.518e+05  3.606e+05  7.027e+05  4.348e+05   3.43e+05  4.537e+05  3.949e+05  4.854e+05  6.476e+05  5.647e+05  4.895e+05  5.038e+05  9.171e+05  6.917e+05  3.029e+05  5.987e+05  3.793e+05  3.523e+05  4.318e+05  6.247e+05  6.216e+05  7.774e+05  5.425e+05  4.433e+05  7.059e+05  1.618e+05
 -1.792e+05  6.453e+05  6.028e+05  5.231e+05  7.184e+05  -5.22e+05 -7.832e+07 -8.859e+06 -1.304e+06 -3.853e+06 -1.166e+07 -2.421e+05  -6.74e+06 -4.045e+05 -2.363e+06 -1.348e+08 -5.047e+06 -3.202e+04  1.209e+05  1.069e+05 -4.514e+06 -4.901e+05  1.011e+05  1.045e+05 -4.005e+06 -7.421e+05  1.659e+05  7.123e+05  8.278e+05  5.938e+05  1.486e+06 -4.074e+05  1.859e+05 -4.059e+05  3.306e+05  4.136e+05 -2.227e+06 -3.727e+05 -1.311e+06  1.631e+05  -9.05e+05  2.839e+05 -4.808e+05  4.452e+05  1.252e+05  6.542e+05  7.908e+05  9.968e+05  9.959e+05 -6.112e+06  -1.56e+06  3.203e+04  4.417e+05  3.595e+05  -1.13e+06  1.798e+05 -7.836e+05  7.898e+04  8.268e+05  8.204e+05  1.008e+06   7.33e+05   8.49e+05  1.092e+06  1.063e+06    9.7e+05  8.627e+05  7.899e+05 -1.024e+05  2.399e+05  1.932e+05  5.951e+05  4.727e+05   8.34e+05  8.658e+05  1.323e+06  1.246e+06  1.171e+06  1.085e+06  1.284e+06  1.099e+06  1.105e+06  1.121e+06  1.356e+06  1.505e+06  1.526e+06    1.5e+06  1.666e+06  1.745e+06   2.04e+06  1.198e+06 -3.079e+06   -3.6e+04 -2.382e+06 -6.398e+05  2.246e+05 -2.312e+05  3.491e+05  2.291e+05 -1.478e+06  9.275e+04 -5.867e+05  4.483e+05  5.326e+05  1.082e+06  1.135e+06  4.845e+05  8.428e+05  1.069e+06  1.522e+04  1.193e+06   1.21e+06  1.061e+06   1.09e+06  1.627e+06  1.738e+06   1.41e+06  1.458e+06  1.193e+06  1.567e+06  1.284e+06  1.111e+06  1.028e+06  1.839e+06  1.108e+06  1.169e+06  1.083e+06  1.103e+06  1.352e+06  1.089e+06  1.356e+06  8.422e+05   8.99e+05  1.178e+06  1.289e+06   9.52e+05  9.034e+05  1.325e+06  1.978e+06  1.652e+06  1.845e+05
  4.825e+05  8.775e+05  9.178e+05  6.475e+05  9.108e+05  3.589e+05 -4.034e+06 -1.199e+06 -1.367e+05 -5.038e+05 -1.452e+06  2.033e+05 -7.713e+05  3.475e+05  6.447e+04 -5.047e+06 -1.903e+08  2.823e+05  2.085e+05  2.337e+05 -1.122e+08 -2.064e+06 -4.477e+05 -2.303e+05 -5.297e+07 -4.943e+06 -5.711e+05  6.996e+05  2.222e+05  8.769e+05  8.493e+05 -2.426e+06 -2.266e+05 -1.092e+06  -1.41e+05  1.863e+05 -1.277e+07 -2.084e+06 -4.957e+06 -6.165e+04 -3.926e+06 -3.318e+05 -1.879e+06 -8.312e+04 -6.077e+05  6.665e+05  4.853e+05  1.341e+06  8.736e+05 -2.969e+07 -3.787e+06 -3.751e+05  2.078e+05  3.813e+05  -2.26e+06 -1.251e+05 -1.834e+06 -1.355e+05  8.959e+05   9.34e+05  9.878e+05  7.362e+05  9.815e+05  1.331e+06  9.709e+05  8.959e+05  9.452e+05  7.922e+05 -6.099e+05   2.43e+05  -7.59e+04  5.616e+05  4.181e+05  9.444e+05  1.111e+06  1.519e+06  1.456e+06  1.306e+06  1.441e+06  1.445e+06  1.175e+06  1.336e+06  1.388e+06   1.61e+06  1.536e+06  1.728e+06  1.643e+06  1.865e+06  2.077e+06  2.184e+06  1.458e+06 -1.001e+07 -2.422e+05 -6.929e+06 -2.052e+06  3.153e+04 -9.196e+05  2.198e+04 -3.295e+04 -3.173e+06 -2.368e+05 -1.613e+06  5.439e+05  1.064e+06  1.227e+06  1.284e+06   2.41e+05   8.18e+05  1.143e+06  -3.35e+05   5.94e+05  7.481e+05  1.388e+06  3.915e+05  6.649e+05  1.568e+06  1.669e+06  1.404e+06  1.285e+06  1.141e+06  1.761e+06  2.911e+05  1.939e+06  2.153e+06  8.589e+05  1.624e+06  1.303e+06  1.913e+06  1.233e+06  6.821e+05  1.116e+06  6.344e+05  1.217e+06  1.103e+06   1.72e+06  1.248e+06  1.021e+06  2.134e+06  1.923e+06  1.649e+06  2.934e+05
  2.634e+05   4.12e+05  4.517e+05  3.555e+05  3.837e+05  2.145e+05  1.356e+04  2.134e+05  2.028e+05  2.288e+05  6.408e+04  1.439e+05  3.014e+05  2.657e+05  4.096e+05 -3.202e+04  2.823e+05 -2.285e+07 -3.508e+06 -5.959e+06 -3.057e+06 -1.372e+05  1.036e+05  8.566e+04 -1.149e+06 -2.276e+05  1.524e+05  4.542e+05  4.028e+05  5.316e+05   5.81e+05 -5.937e+04  2.187e+05  4.964e+04  2.026e+05  2.898e+05 -7.925e+05       4554 -5.769e+05  8.751e+04 -4.531e+05  1.337e+05 -9.591e+04  3.525e+05  7.507e+04  5.034e+05  3.497e+05  5.795e+05  6.171e+05 -8.454e+04 -2.984e+05  6.637e+04  2.667e+05  2.189e+05       1203   2.59e+05 -1.315e+04  2.852e+05  4.868e+05  4.246e+05  5.601e+05  4.839e+05  4.143e+05  6.707e+05  5.811e+05  5.073e+05  4.783e+05  3.577e+05  1.493e+05  1.883e+05  2.602e+05   3.13e+05  3.346e+05  4.255e+05  5.275e+05  6.774e+05  5.971e+05  5.304e+05  6.568e+05  6.436e+05  5.451e+05  5.366e+05  6.008e+05  6.388e+05  7.071e+05  7.366e+05  8.126e+05  7.632e+05  8.687e+05  8.291e+05  5.974e+05 -1.179e+05  1.125e+05 -1.004e+05  2.064e+05  3.153e+05   2.29e+05  4.362e+05  2.307e+05 -3.986e+04  2.417e+05  1.226e+05  4.302e+05  7.989e+05  7.391e+05  6.843e+05  5.363e+05  5.858e+05  7.299e+05  4.127e+05  7.767e+05  5.644e+05  7.953e+05  6.019e+05  9.026e+05   8.96e+05   6.48e+05  6.803e+05  7.047e+05  8.707e+05  8.763e+05  7.082e+05  8.573e+05  7.721e+05  7.152e+05  7.793e+05   8.72e+05  8.702e+05  7.651e+05  6.738e+05  7.548e+05  7.698e+05  6.654e+05  5.236e+05  8.641e+05  4.773e+05  8.537e+05  1.092e+06  1.072e+06   7.92e+05  1.439e+05
  1.384e+05  1.988e+05  2.208e+05   1.92e+05  2.042e+05  1.241e+05  1.609e+05  1.551e+05  1.382e+05  1.665e+05   1.19e+05  1.035e+05   2.27e+05  1.704e+05   2.57e+05  1.209e+05  2.085e+05 -3.508e+06 -6.499e+06  2.484e+05 -5.521e+05   1.09e+05  1.568e+05  8.642e+04 -1.863e+05  6.922e+04  1.516e+05   3.06e+05  2.661e+05  4.008e+05  2.368e+05  1.156e+05  1.964e+05  1.039e+05  1.318e+05  1.957e+05 -7.106e+04   1.05e+05 -4.849e+04  1.182e+05 -5.267e+04  1.447e+05  9.549e+04  2.186e+05  1.105e+05   3.11e+05  2.445e+05  3.615e+05  3.634e+05  1.066e+05  1.405e+04  1.057e+05  1.789e+05   1.22e+05  1.248e+05  1.649e+05  1.445e+05  1.806e+05  2.906e+05  2.415e+05  2.986e+05  2.872e+05  2.313e+05  3.685e+05  3.085e+05  2.971e+05  2.565e+05  1.768e+05  1.558e+05  1.219e+05  2.087e+05  1.753e+05  2.297e+05  2.335e+05  2.717e+05  3.426e+05  3.476e+05  2.516e+05  3.395e+05  3.491e+05  2.752e+05  2.922e+05  3.376e+05  3.397e+05  3.552e+05  3.914e+05  4.006e+05  4.179e+05  4.523e+05  4.794e+05  3.028e+05  1.567e+05  1.178e+05  9.194e+04  2.076e+05  2.188e+05  1.924e+05  2.609e+05  1.464e+05  1.658e+05  1.716e+05  1.992e+05  3.051e+05  5.003e+05  3.927e+05  3.965e+05  3.802e+05  3.344e+05   3.69e+05  2.989e+05  3.914e+05  3.397e+05  4.107e+05  2.487e+05  5.593e+05  4.897e+05  4.376e+05  4.218e+05  3.873e+05  5.297e+05  4.569e+05  3.322e+05  4.602e+05  4.777e+05  3.881e+05   5.13e+05   4.56e+05  3.584e+05  4.361e+05  3.851e+05  4.312e+05  3.575e+05  3.993e+05  3.278e+05   4.47e+05  4.542e+05  3.819e+05  4.879e+05  4.752e+05  3.999e+05  7.119e+04
  1.694e+05  2.682e+05  3.023e+05  2.248e+05  2.531e+05  1.567e+05  1.825e+05  2.027e+05  1.703e+05  2.009e+05  1.268e+05   1.41e+05  2.078e+05  1.975e+05  2.551e+05  1.069e+05  2.337e+05 -5.959e+06  2.484e+05 -9.172e+06 -1.137e+06  3.388e+04  1.484e+05    1.3e+05 -4.107e+05  6.148e+04  1.883e+05  3.025e+05  3.023e+05  3.881e+05  4.386e+05  1.037e+05  1.905e+05  1.565e+05  2.001e+05  2.732e+05 -1.961e+05  1.224e+05 -1.091e+05  1.317e+05 -2.586e+04  1.666e+05  7.749e+04  2.923e+05  1.338e+05  3.257e+05  3.111e+05   3.96e+05  4.163e+05  8.969e+04  2.712e+04  1.643e+05  2.432e+05  1.752e+05  1.243e+05  2.067e+05  2.124e+05  2.713e+05  3.411e+05  3.031e+05  3.587e+05  3.429e+05   3.11e+05  4.652e+05  3.421e+05  3.911e+05  3.297e+05  2.608e+05  2.059e+05  1.419e+05   2.29e+05  2.097e+05  2.737e+05   2.65e+05  3.474e+05  4.485e+05   3.89e+05  3.412e+05  3.991e+05   4.36e+05  3.759e+05  3.639e+05  4.024e+05  4.174e+05  4.727e+05  5.049e+05  4.937e+05  4.996e+05  5.665e+05  5.018e+05  3.952e+05  1.154e+05  1.278e+05  1.099e+05  2.523e+05  2.538e+05  2.565e+05  3.438e+05  2.474e+05  1.332e+05  1.928e+05  1.951e+05   3.53e+05  5.854e+05  4.383e+05  4.692e+05  4.316e+05  3.981e+05  4.302e+05  3.449e+05   4.71e+05  4.362e+05  5.482e+05  4.462e+05  7.104e+05  4.356e+05  3.122e+05  4.452e+05  4.595e+05  5.501e+05  5.862e+05  7.261e+05  5.407e+05  5.265e+05  4.336e+05  4.863e+05   4.75e+05  4.115e+05  6.449e+05  4.562e+05  4.815e+05  4.126e+05  4.663e+05  3.587e+05  5.421e+05  3.439e+05  6.141e+05  6.476e+05    7.4e+05   5.54e+05      1e+05
   5.58e+05  9.584e+05   9.38e+05  6.741e+05  9.409e+05  4.159e+05 -3.736e+06 -1.256e+06 -1.123e+05 -5.398e+05 -1.438e+06  2.798e+05  -7.86e+05  4.379e+05 -1.051e+05 -4.514e+06 -1.122e+08 -3.057e+06 -5.521e+05 -1.137e+06 -3.336e+08 -3.624e+06 -7.556e+05 -3.735e+05 -9.112e+07 -6.951e+06 -9.289e+05  6.098e+04 -5.943e+04  1.019e+06  1.373e+06 -3.505e+06 -5.622e+05 -1.836e+06 -3.673e+05 -2.937e+05 -2.008e+07 -3.082e+06  -6.99e+06 -2.639e+05 -5.653e+06 -6.592e+05 -3.082e+06 -5.921e+05 -9.862e+05  9.606e+04  6.715e+04  1.205e+06  6.021e+05 -2.527e+07 -3.834e+06 -3.367e+05  2.148e+05  5.848e+05 -2.214e+06 -1.901e+04 -1.816e+06 -1.494e+04   7.98e+05  1.017e+06  1.088e+06   1.06e+06   1.04e+06  1.529e+06  1.337e+06  1.231e+06  1.121e+06  9.005e+05 -2.333e+05  3.613e+05  9.648e+04  6.625e+05  6.616e+05  1.064e+06   1.35e+06    1.8e+06  1.462e+06   1.49e+06  1.634e+06  1.811e+06  1.372e+06  1.481e+06  1.698e+06  1.447e+06  1.453e+06  1.983e+06   1.87e+06  2.205e+06  2.364e+06  2.386e+06  1.634e+06 -9.587e+06 -2.064e+05  -7.28e+06 -2.268e+06  9.523e+04 -1.077e+06       3400      -3354  -3.36e+06 -6.821e+04 -1.443e+06   2.11e+05  5.022e+05  1.421e+06  1.298e+06  9.925e+05  8.873e+05  9.814e+05 -4.557e+05  4.866e+05  7.282e+05  1.221e+06  7.787e+05  1.199e+06  1.933e+06  1.882e+06  1.273e+06  1.038e+06   1.13e+06  1.862e+06  1.051e+06  1.919e+06  2.534e+06  6.558e+05  1.862e+06  1.827e+06  1.968e+06  9.156e+05  6.635e+05  1.176e+06  1.079e+06  1.319e+06  1.418e+06  1.489e+06  1.582e+06  1.471e+06  2.004e+06  2.189e+06  1.879e+06  3.172e+05
  5.078e+05  7.253e+05  7.385e+05  5.773e+05  7.332e+05  4.607e+05 -5.528e+05 -4.644e+04  1.736e+05   1.64e+05 -2.503e+05  2.653e+05  6.472e+04  3.493e+05  3.418e+05 -4.901e+05 -2.064e+06 -1.372e+05   1.09e+05  3.388e+04 -3.624e+06 -8.583e+07 -1.409e+07 -7.676e+06 -1.795e+07 -2.512e+06 -4.421e+05  2.782e+05 -2.833e+04  8.426e+05  7.324e+05 -1.418e+06 -1.351e+04 -8.441e+05 -1.442e+04  7.459e+04 -4.571e+06 -8.839e+05 -2.533e+06 -1.582e+05 -2.002e+06 -1.679e+05  -1.06e+06  5.058e+04 -1.366e+05  4.079e+05  2.864e+05  6.179e+05  6.677e+05 -1.417e+06  -1.31e+06  9.623e+04  4.456e+05  4.137e+05 -6.798e+05  3.002e+05 -3.618e+05  2.484e+05  7.486e+05  8.771e+05   8.55e+05  7.975e+05  7.591e+05  9.616e+05  8.488e+05   8.05e+05  8.145e+05  6.478e+05      -5667  3.292e+05  3.049e+05  5.604e+05  5.388e+05  7.397e+05   9.05e+05  1.132e+06  1.203e+06  1.019e+06  1.161e+06  1.289e+06  1.091e+06  1.119e+06  1.178e+06  1.381e+06  1.376e+06  1.373e+06  1.597e+06  1.397e+06  1.367e+06  1.495e+06  1.166e+06 -1.238e+06  6.786e+04 -1.208e+06 -2.919e+05  3.599e+05  2.011e+04  4.604e+05  3.024e+05  -7.83e+05  2.903e+05 -1.742e+05  4.726e+05  1.106e+06  9.681e+05  8.073e+05  7.724e+05  8.385e+05  9.962e+05  2.894e+05  8.007e+05  7.633e+05  1.046e+06  9.522e+05  1.219e+06  1.137e+06  8.541e+05  1.228e+06  9.245e+05  1.148e+06  1.215e+06  1.082e+06  1.253e+06    9.5e+05  1.162e+06  1.158e+06  9.124e+05   1.66e+06  1.155e+06  6.513e+05  1.207e+06  9.164e+05  6.824e+05  1.021e+06   1.62e+06   8.22e+05  1.509e+06  9.884e+05  1.504e+06  9.864e+05  2.522e+05
