
 72

((monodelphis_domestica: 0.073513, (notamacropus_eugenii: 0.058719, sarcophilus_harrisii: 0.067077): 0.016215): 0.127405, (((choloepus_hoffmanni: 0.055012, dasypus_novemcinctus: 0.072335): 0.030794, (echinops_telfairi: 0.132371, (procavia_capensis: 0.083525, loxodonta_africana: 0.046561): 0.016485): 0.030165): 0.003146, (((sorex_araneus: 0.155115, erinaceus_europaeus: 0.133489): 0.026230, ((vicugna_pacos: 0.056179, (sus_scrofa: 0.061831, (tursiops_truncatus: 0.040165, (bos_taurus: 0.014936, (ovis_aries: 0.006560, capra_hircus: 0.005135): 0.011582): 0.049916): 0.009010): 0.004788): 0.021356, ((pteropus_vampyrus: 0.062707, myotis_lucifugus: 0.085374): 0.018103, (equus_caballus: 0.059207, ((felis_catus: 0.005048, (panthera_tigris_altaica: 0.002509, panthera_pardus: 0.001814): 0.003460): 0.039171, (canis_familiaris: 0.044833, (mustela_putorius_furo: 0.042643, ailuropoda_melanoleuca: 0.030063): 0.009226): 0.010413): 0.026664): 0.001533): 0.001184): 0.003813): 0.011978, ((tupaia_belangeri: 0.099287, ((oryctolagus_cuniculus: 0.057573, ochotona_princeps: 0.099921): 0.055159, (ictidomys_tridecemlineatus: 0.081944, (((fukomys_damarensis: 0.041886, heterocephalus_glaber_female: 0.033421): 0.018800, ((cavia_porcellus: 0.002472, cavia_aperea: 0.005025): 0.060755, (chinchilla_lanigera: 0.038262, octodon_degus: 0.059564): 0.007377): 0.013286): 0.060377, (dipodomys_ordii: 0.122932, (jaculus_jaculus: 0.098938, (nannospalax_galili: 0.070009, (((mesocricetus_auratus: 0.029648, cricetulus_griseus_chok1gshd: 0.027176): 0.017774, (peromyscus_maniculatus_bairdii: 0.039775, microtus_ochrogaster: 0.049674): 0.002998): 0.013174, ((mus_pahari: 0.017484, (mus_caroli: 0.008542, (mus_musculus: 0.003869, mus_spretus: 0.004048): 0.004988): 0.009495): 0.020556, rattus_norvegicus: 0.039095): 0.033558): 0.043348): 0.023020): 0.023063): 0.011826): 0.004008): 0.014309): 0.006986): 0.001681, ((otolemur_garnettii: 0.071428, (propithecus_coquereli: 0.021966, microcebus_murinus: 0.032700): 0.020822): 0.019322, (carlito_syrichta: 0.074293, (((aotus_nancymaae: 0.013142, callithrix_jacchus: 0.016554): 0.000672, (saimiri_boliviensis_boliviensis: 0.014423, cebus_capucinus: 0.012143): 0.002171): 0.022209, (((chlorocebus_sabaeus: 0.005840, ((papio_anubis: 0.003068, (cercocebus_atys: 0.003026, mandrillus_leucophaeus: 0.002832): 0.000740): 0.000793, (macaca_nemestrina: 0.001838, (macaca_mulatta: 0.001439, macaca_fascicularis: 0.000827): 0.000564): 0.002066): 0.001677): 0.003072, (colobus_angolensis_palliatus: 0.006298, (rhinopithecus_roxellana: 0.001162, rhinopithecus_bieti: 0.001448): 0.004806): 0.003121): 0.010301, (nomascus_leucogenys: 0.011556, (pongo_abelii: 0.009200, (gorilla_gorilla: 0.004483, ((pan_troglodytes: 0.001134, pan_paniscus: 0.001233): 0.002402, homo_sapiens: 0.003617): 0.000967): 0.004469): 0.001598): 0.005275): 0.010582): 0.035422): 0.006134): 0.009714): 0.012275): 0.012173): 0.155575, ornithorhynchus_anatinus: 0.313563);

  0.127405  0.073513  0.016215  0.058719  0.067077  0.155575  0.003146  0.030794  0.055012  0.072335  0.030165  0.132371  0.016485  0.083525  0.046561  0.012173  0.011978  0.026230  0.155115  0.133489  0.003813  0.021356  0.056179  0.004788  0.061831  0.009010  0.040165  0.049916  0.014936  0.011582  0.006560  0.005135  0.001184  0.018103  0.062707  0.085374  0.001533  0.059207  0.026664  0.039171  0.005048  0.003460  0.002509  0.001814  0.010413  0.044833  0.009226  0.042643  0.030063  0.012275  0.001681  0.099287  0.006986  0.055159  0.057573  0.099921  0.014309  0.081944  0.004008  0.060377  0.018800  0.041886  0.033421  0.013286  0.060755  0.002472  0.005025  0.007377  0.038262  0.059564  0.011826  0.122932  0.023063  0.098938  0.023020  0.070009  0.043348  0.013174  0.017774  0.029648  0.027176  0.002998  0.039775  0.049674  0.033558  0.020556  0.017484  0.009495  0.008542  0.004988  0.003869  0.004048  0.039095  0.009714  0.019322  0.071428  0.020822  0.021966  0.032700  0.006134  0.074293  0.035422  0.022209  0.000672  0.013142  0.016554  0.002171  0.014423  0.012143  0.010582  0.010301  0.003072  0.005840  0.001677  0.000793  0.003068  0.000740  0.003026  0.002832  0.002066  0.001838  0.000564  0.001439  0.000827  0.003121  0.006298  0.004806  0.001162  0.001448  0.005275  0.011556  0.001598  0.009200  0.004469  0.004483  0.000967  0.002402  0.001134  0.001233  0.003617  0.313563

 -4.791244  9.820629  2.492778 14.479355 15.133989 11.105834  1.002674  1.264901 -0.670898  3.560847 -3.019532 -0.328982 -1.136112  5.621327 -19.452970 -4.563805 -7.620077 -5.844417 -7.224084  4.535466 36.313495 -7.787194 -3.227332 10.955772  5.227461 -12.608262  0.465587  2.944989  7.689630 14.656905 15.229665 11.433808 22.567161 -15.166758 16.388079  0.102968 -18.132993 17.532518 -1.705414  5.646168 14.770712 38.795040 32.737685 53.621400 24.573179 29.272257  7.456297 23.366965 10.469960 15.327685 -72.074996 13.233354  4.827775  4.519101 17.365875 10.482364 13.993127 13.359400  2.931230 11.207028 -15.357494 10.655072  9.696951 10.349191 10.553332 16.369441 -1.464133 -36.148054 -9.203233 -7.559123 -27.962901 -2.637386  7.045936 23.508966 -8.721303 30.010963 -4.480997  4.338685  4.154367 13.820855 12.784227 -18.775061 -5.768284 -13.663642  0.306369  5.511886 -5.729900 18.340551 33.243652 34.324984 42.230417 46.712308 -9.177929 -1.033046 -9.429062 24.425500  0.930573  5.085079 26.640133 -21.382388  7.212746 23.242103 24.599391 -38.884535 18.403219 35.052156 15.630918 26.881416 26.849967 26.983572 17.514707 61.427614  2.425898 84.905997 -21.403446  1.615544 -10.218360 76.806572  3.436162  1.654336 107.110124 79.694864 91.343018 103.793852 71.303007  4.386841  1.501527 -5.041912 97.424307 11.043110 21.286193 36.765744 13.214967 13.091770 30.448148 76.592433  0.910509 13.879591 20.277837 28.674156  0.184341


Hessian

 -6.566e+06 -6.146e+05 -1.495e+06 -3.928e+05 -4.581e+05 -3.536e+06  2.134e+05  2.953e+05  1.652e+05  3.193e+05  2.694e+05      2e+05  2.936e+05  2.562e+05   2.98e+05 -1.778e+05  4.886e+05  2.632e+05  1.382e+05  1.693e+05  5.682e+05  6.004e+05  2.797e+05  6.254e+05  4.837e+05  6.057e+05  4.708e+05  4.629e+05  4.903e+05  5.074e+05  5.581e+05  5.372e+05  5.159e+05  5.052e+05   4.05e+05   3.66e+05  5.813e+05   4.08e+05  5.176e+05  4.713e+05  5.309e+05  5.153e+05  5.092e+05  4.936e+05  5.391e+05  4.485e+05  5.033e+05  4.447e+05  4.785e+05  4.145e+05  5.779e+05  2.558e+05  5.385e+05  4.336e+05  4.088e+05  2.712e+05  4.847e+05  3.249e+05  5.446e+05  4.572e+05  4.723e+05  3.472e+05  4.222e+05  4.796e+05  3.739e+05  4.396e+05  3.656e+05  5.354e+05  4.408e+05  3.239e+05  4.392e+05  2.375e+05  4.127e+05  2.681e+05  3.885e+05  3.275e+05  4.058e+05  4.641e+05   4.78e+05  4.151e+05  3.785e+05  5.649e+05   4.59e+05  4.027e+05  4.071e+05  4.644e+05  4.774e+05  5.367e+05  5.426e+05  5.943e+05  5.847e+05  4.625e+05   4.13e+05  5.212e+05  5.181e+05  3.561e+05  5.231e+05  4.902e+05  4.171e+05  5.391e+05  3.316e+05  4.731e+05  4.852e+05  5.213e+05  4.887e+05  5.255e+05  5.053e+05  5.133e+05  5.157e+05  4.699e+05  5.399e+05  5.541e+05  5.502e+05  5.984e+05  6.672e+05  6.066e+05  6.943e+05  6.341e+05  6.449e+05    6.2e+05  6.024e+05   5.79e+05  4.744e+05  5.182e+05  6.085e+05  5.728e+05  5.532e+05  5.624e+05  6.659e+05    5.4e+05  5.881e+05  6.515e+05  5.135e+05  5.716e+05  5.758e+05  7.497e+05  5.376e+05  6.921e+05  7.028e+05  5.793e+05 -1.434e+05
 -6.146e+05 -1.995e+07 -8.636e+06 -1.428e+06 -2.863e+06 -2.872e+05  7.422e+05  5.021e+05  2.592e+05  4.501e+05  5.986e+05  2.902e+05  5.077e+05  3.664e+05  3.844e+05  6.472e+05  8.819e+05   4.13e+05  1.992e+05  2.682e+05  9.695e+05  9.128e+05  3.628e+05  8.917e+05  6.481e+05  8.459e+05  5.262e+05  6.713e+05  5.044e+05  5.861e+05  6.383e+05  5.531e+05  1.089e+06  7.303e+05  5.338e+05  4.654e+05  1.028e+06  5.538e+05  8.381e+05  6.723e+05  6.072e+05   7.54e+05  5.391e+05  8.376e+05  7.936e+05   5.59e+05  7.655e+05  6.157e+05  5.759e+05   8.85e+05  1.143e+06   3.66e+05  9.832e+05  6.343e+05  5.059e+05  3.692e+05  8.654e+05  4.816e+05  9.188e+05  6.912e+05  5.465e+05   4.44e+05  4.788e+05  6.228e+05  4.947e+05   4.11e+05  2.542e+05  6.357e+05  4.784e+05  3.897e+05  7.563e+05  3.281e+05   6.87e+05  3.347e+05  6.285e+05  3.831e+05  5.682e+05  5.135e+05  5.214e+05  4.183e+05  3.699e+05  5.518e+05  4.589e+05  4.335e+05  4.852e+05  4.434e+05  4.754e+05  5.347e+05  5.706e+05   5.34e+05  6.571e+05  4.064e+05  3.957e+05  9.173e+05  7.695e+05  4.557e+05  6.577e+05  6.216e+05  5.286e+05   1.02e+06  4.924e+05  7.577e+05  6.804e+05  8.146e+05  6.326e+05   6.57e+05   6.37e+05  5.877e+05  6.249e+05  6.483e+05  6.527e+05  6.355e+05  6.042e+05   9.03e+05  8.564e+05  7.738e+05  8.498e+05  7.352e+05  5.918e+05  7.319e+05   7.93e+05  5.035e+05  5.894e+05  6.628e+05  6.756e+05  5.842e+05  6.714e+05  4.721e+05  4.626e+05  7.452e+05  6.708e+05  6.193e+05  5.588e+05  6.613e+05  8.688e+05  7.885e+05  7.724e+05  6.037e+05  6.798e+05  7.348e+05     -933.2
 -1.495e+06 -8.636e+06 -3.639e+07 -3.426e+06 -7.186e+06 -8.654e+05  7.014e+05  5.719e+05  2.888e+05  5.234e+05  6.452e+05  3.335e+05  5.261e+05  4.027e+05  4.607e+05   6.04e+05  9.199e+05  4.518e+05  2.208e+05  3.023e+05  9.347e+05  1.038e+06   3.97e+05  1.004e+06  6.961e+05  8.949e+05  5.991e+05  7.425e+05  5.445e+05  6.948e+05  6.655e+05  6.678e+05  1.115e+06  7.386e+05  5.653e+05  5.117e+05  1.099e+06  6.219e+05  8.809e+05  7.834e+05  6.204e+05   8.96e+05  5.631e+05  7.516e+05  8.265e+05  6.098e+05  8.162e+05  6.963e+05  6.279e+05  8.955e+05  1.266e+06  3.911e+05  1.088e+06  7.208e+05  5.577e+05  4.208e+05  1.017e+06   5.18e+05  1.015e+06  7.587e+05   6.23e+05  5.378e+05  5.595e+05  6.899e+05  5.312e+05  5.318e+05  3.282e+05  7.756e+05  5.768e+05  4.433e+05  8.127e+05   3.68e+05  7.692e+05  4.157e+05  7.308e+05  4.643e+05  6.293e+05  5.871e+05  6.147e+05  5.026e+05  4.868e+05  6.016e+05  5.417e+05  5.159e+05  5.962e+05   6.01e+05  6.063e+05  5.851e+05  6.374e+05  4.705e+05  7.478e+05  5.322e+05  4.631e+05  9.658e+05   8.34e+05  5.196e+05  7.528e+05  6.684e+05  5.645e+05  9.641e+05  5.415e+05  7.547e+05  8.052e+05  7.584e+05  6.992e+05   7.36e+05  5.877e+05  7.048e+05  6.697e+05  7.426e+05  7.134e+05  7.388e+05  6.599e+05  8.549e+05  1.065e+06  8.493e+05   7.62e+05  9.008e+05  7.657e+05  9.539e+05  1.071e+06  4.597e+05  6.272e+05  7.363e+05  6.174e+05  6.996e+05  8.062e+05   8.27e+05  9.602e+05   8.22e+05  6.755e+05  7.987e+05  6.717e+05  7.714e+05  7.779e+05  8.455e+05   8.79e+05   7.72e+05  8.414e+05  7.791e+05      -2977
 -3.928e+05 -1.428e+06 -3.426e+06 -1.953e+07 -2.246e+06  -2.18e+05  6.864e+05  4.069e+05    1.9e+05  3.687e+05  4.837e+05  2.365e+05  3.955e+05  2.866e+05  2.988e+05  5.257e+05  6.531e+05  3.547e+05  1.917e+05  2.246e+05  6.704e+05   6.54e+05  2.361e+05  6.503e+05  4.757e+05  6.079e+05  3.306e+05  5.245e+05  3.458e+05   4.26e+05  4.625e+05  4.107e+05  8.707e+05  5.808e+05  3.404e+05  3.886e+05  7.552e+05   4.02e+05  6.352e+05  4.722e+05  3.797e+05  4.498e+05  3.035e+05  6.049e+05  6.704e+05  4.287e+05  5.801e+05  4.566e+05  4.579e+05  5.855e+05  8.507e+05  2.957e+05  6.695e+05  5.133e+05  3.865e+05    2.8e+05  6.622e+05   3.41e+05  7.094e+05  5.445e+05    4.1e+05  3.511e+05  3.657e+05  4.752e+05  3.879e+05   3.33e+05  2.351e+05  4.768e+05  3.701e+05  2.811e+05   5.49e+05  2.731e+05  4.677e+05   2.73e+05  4.106e+05  3.004e+05  4.396e+05  4.202e+05  3.825e+05  3.414e+05  3.161e+05  3.974e+05  3.711e+05  3.398e+05    3.7e+05  3.616e+05  3.945e+05  4.115e+05  4.828e+05  4.162e+05  4.551e+05  3.602e+05  3.058e+05  6.176e+05  6.103e+05  3.895e+05  4.966e+05  4.071e+05  4.361e+05  5.641e+05  3.777e+05  4.351e+05  4.941e+05  5.556e+05  4.581e+05  4.683e+05  4.831e+05  4.647e+05   4.76e+05   3.15e+05  4.379e+05    4.5e+05    3.9e+05  5.854e+05  6.171e+05  4.416e+05  4.832e+05  4.416e+05  4.143e+05  4.465e+05  5.649e+05  2.672e+05  3.796e+05   3.84e+05  4.721e+05  5.038e+05  4.713e+05  4.642e+05  4.936e+05  4.988e+05  3.836e+05  4.849e+05  4.632e+05  3.855e+05  5.238e+05  4.341e+05  4.334e+05  5.205e+05  5.175e+05  4.676e+05  2.069e+04
 -4.581e+05 -2.863e+06 -7.186e+06 -2.246e+06 -2.122e+07 -2.072e+05  7.342e+05  5.382e+05  2.394e+05  4.533e+05  5.961e+05  2.827e+05  4.841e+05  3.705e+05  4.265e+05  7.185e+05  9.101e+05  3.846e+05   2.04e+05  2.536e+05  9.388e+05   9.02e+05   3.41e+05  9.337e+05  6.245e+05  8.361e+05  4.978e+05  6.166e+05  5.534e+05  5.794e+05  4.832e+05  3.939e+05  1.132e+06  7.359e+05  5.249e+05  4.267e+05   1.04e+06  5.688e+05  7.749e+05  6.041e+05  5.362e+05  5.579e+05  5.453e+05  6.633e+05  7.122e+05  5.197e+05   6.94e+05  5.481e+05  5.371e+05  8.916e+05  1.083e+06  3.601e+05  9.484e+05  6.319e+05  4.847e+05  3.685e+05  9.086e+05   4.76e+05  9.274e+05  6.818e+05  5.633e+05  4.094e+05  4.871e+05  5.979e+05  4.684e+05  4.396e+05  2.239e+05  6.294e+05   4.67e+05  4.014e+05   7.51e+05   3.25e+05  6.825e+05  3.588e+05  6.474e+05  4.125e+05  5.555e+05  5.435e+05   5.04e+05  4.488e+05  4.011e+05   6.21e+05  4.793e+05  4.541e+05  4.944e+05  4.446e+05  5.034e+05  5.318e+05  4.559e+05  3.637e+05  7.078e+05  5.243e+05  4.313e+05  9.586e+05  7.234e+05  4.857e+05  6.923e+05   5.82e+05  5.248e+05    9.3e+05  4.946e+05  7.796e+05  7.156e+05  8.832e+05  6.495e+05  6.437e+05  7.981e+05  6.455e+05  6.236e+05  7.192e+05  6.113e+05  6.993e+05  6.356e+05   7.26e+05  7.902e+05  6.501e+05  6.844e+05  6.987e+05  5.928e+05  6.293e+05  6.621e+05  5.582e+05  3.333e+05  7.142e+05  5.306e+05  5.988e+05  7.066e+05   4.95e+05  4.805e+05  7.938e+05  6.237e+05  6.545e+05  5.396e+05  7.417e+05  7.024e+05  9.217e+05  7.922e+05  5.291e+05  6.496e+05  6.352e+05  1.576e+04
 -3.536e+06 -2.872e+05 -8.654e+05  -2.18e+05 -2.072e+05 -6.259e+06  3.401e+04  2.429e+05  1.589e+05  2.865e+05  1.876e+05  1.761e+05  2.513e+05  2.534e+05  2.833e+05 -5.208e+05  3.621e+05  2.147e+05  1.241e+05  1.566e+05  4.221e+05  5.452e+05  2.607e+05  5.812e+05  4.562e+05  5.211e+05  4.572e+05  4.308e+05  5.166e+05  5.001e+05  5.731e+05  5.678e+05  3.557e+05  4.553e+05  3.875e+05   3.26e+05  5.007e+05  3.683e+05  4.702e+05  4.509e+05  4.884e+05  4.849e+05  4.819e+05  5.324e+05  5.113e+05  4.412e+05  4.678e+05  4.451e+05  4.746e+05  2.597e+05  4.086e+05  2.431e+05  4.052e+05  3.798e+05  3.808e+05  2.556e+05  3.938e+05  3.119e+05  4.198e+05  4.142e+05  4.706e+05  3.676e+05  4.391e+05  4.856e+05  3.777e+05  4.585e+05  4.182e+05  5.358e+05  4.444e+05  3.257e+05  3.771e+05  2.226e+05  3.531e+05  2.654e+05  3.487e+05  3.316e+05  3.948e+05  4.754e+05  4.837e+05  4.169e+05  4.288e+05  5.502e+05  4.464e+05  4.239e+05  4.142e+05  4.832e+05  5.237e+05  5.639e+05  5.556e+05  5.924e+05  6.106e+05  5.377e+05  4.575e+05  4.455e+05  4.771e+05  3.496e+05   4.82e+05  4.715e+05  4.022e+05  4.377e+05  3.196e+05  4.366e+05  4.654e+05  5.259e+05  5.388e+05   5.37e+05  5.353e+05   5.03e+05  5.086e+05  4.833e+05  5.598e+05  5.664e+05  5.888e+05  6.891e+05  8.656e+05  6.354e+05  7.802e+05  7.145e+05  6.637e+05  6.289e+05  6.745e+05  6.055e+05  4.857e+05  6.274e+05  6.719e+05  6.259e+05  5.868e+05  6.957e+05  6.598e+05   5.31e+05  6.175e+05  5.962e+05  5.306e+05  6.031e+05  6.241e+05  8.238e+05  6.543e+05  7.556e+05  7.606e+05  6.781e+05 -1.992e+05
  2.134e+05  7.422e+05  7.014e+05  6.864e+05  7.342e+05  3.401e+04 -1.981e+08  -1.26e+07 -1.758e+06 -5.396e+06   -1.7e+07 -3.783e+05 -9.574e+06 -7.123e+05  -3.25e+06 -7.831e+07 -3.958e+06   2.13e+04  1.613e+05  1.835e+05 -3.593e+06 -1.165e+06  1.872e+05 -8.101e+05  3.274e+05 -6.617e+05  4.283e+05  6.344e+04  6.704e+05  7.639e+05  1.116e+06  6.653e+05 -3.653e+06 -6.736e+05  7.847e+04  1.048e+05 -2.058e+06 -2.621e+05 -7.179e+05  2.024e+05  6.911e+05  7.657e+05  9.061e+05  1.599e+06 -4.652e+05  2.817e+05 -1.397e+05  4.007e+05  4.005e+05 -4.968e+06 -1.697e+06       4600 -1.748e+06   2.93e+04  4.407e+05  3.719e+05 -9.113e+05   2.23e+05 -8.545e+05  1.725e+05  8.271e+05  8.989e+05   1.01e+06  9.151e+05   9.35e+05  1.101e+06  9.337e+05  1.086e+06   9.55e+05  8.196e+05  5.237e+04   2.82e+05  3.286e+05  6.959e+05  6.817e+05  8.808e+05  1.088e+06  1.444e+06  1.413e+06  1.329e+06  1.182e+06  1.293e+06  1.279e+06  1.115e+06  1.264e+06  1.425e+06  1.624e+06  1.564e+06  1.744e+06  1.606e+06  1.743e+06  2.031e+06  1.304e+06 -1.846e+06 -5.085e+05  3.254e+05 -2.913e+05  3.586e+05  1.711e+05 -1.142e+06  1.962e+05 -4.817e+05  5.229e+05  3.573e+05  1.102e+06  1.186e+06  4.834e+05  9.995e+05  1.206e+06  1.926e+05  1.268e+06  1.067e+06  1.032e+06  1.248e+06  1.104e+06  1.762e+06  1.191e+06  1.087e+06  1.426e+06  1.303e+06  1.409e+06  1.547e+06  1.152e+06  1.586e+06   7.43e+05  1.122e+06  1.225e+06  1.113e+06  1.222e+06  1.015e+06  1.406e+06  8.363e+05  1.044e+06   1.31e+06  1.659e+06  8.139e+05  1.386e+06  1.599e+06  2.058e+06  1.515e+06   2.29e+05
  2.953e+05  5.021e+05  5.719e+05  4.069e+05  5.382e+05  2.429e+05  -1.26e+07 -4.116e+07 -4.726e+06 -1.312e+07  5.443e+04  2.396e+05  2.617e+05  3.332e+05  2.655e+05 -8.861e+06 -1.191e+06  2.145e+05  1.546e+05  2.027e+05 -1.236e+06 -3.098e+05  2.025e+05  -2.44e+05  3.395e+05  1.215e+05  3.371e+05  3.125e+05  5.352e+05  6.558e+05  5.798e+05   7.78e+05 -1.332e+06 -7.883e+04   2.43e+05   2.83e+05 -7.332e+05  3.306e+04 -1.691e+05  2.007e+05  3.816e+05  4.861e+05  4.763e+05  5.135e+05  1.194e+05  3.459e+05  1.894e+05  3.556e+05  3.936e+05 -1.401e+06 -6.935e+05  1.256e+05 -5.708e+05  2.325e+05  3.467e+05  3.644e+05 -1.142e+05  2.747e+05  1.317e+05  2.683e+05  6.477e+05  5.896e+05  6.777e+05  6.661e+05  6.011e+05  7.288e+05  4.981e+05  6.779e+05  6.402e+05   5.41e+05   3.87e+05  3.132e+05  4.911e+05  4.713e+05   6.42e+05  6.425e+05  8.505e+05  9.844e+05  9.222e+05  8.577e+05  9.504e+05  9.284e+05   8.99e+05  8.301e+05  9.674e+05  9.774e+05  1.013e+06  1.135e+06  1.114e+06   1.07e+06   1.38e+06  1.309e+06  8.945e+05 -7.894e+05 -1.592e+05  4.053e+05  2.152e+04  3.985e+05   2.55e+05 -4.515e+05  2.347e+05  2.952e+04  5.693e+05  4.829e+04  8.304e+05  6.733e+05  6.752e+05  6.278e+05  7.029e+05  3.941e+05  6.844e+05  3.518e+05   8.13e+05  5.128e+05  5.836e+05  9.428e+05  7.914e+05  8.222e+05  6.415e+05  9.512e+05  1.134e+06  6.063e+05  7.546e+05  1.137e+06  7.399e+05  8.113e+05  7.578e+05  6.417e+05  1.025e+06  7.054e+05  8.194e+05  7.413e+05  7.327e+05  7.568e+05  9.534e+05  8.596e+05  9.877e+05   1.02e+06  6.316e+05  9.326e+05  1.647e+05
  1.652e+05  2.592e+05  2.888e+05    1.9e+05  2.394e+05  1.589e+05 -1.758e+06 -4.726e+06  -2.19e+07 -5.584e+05  1.205e+05  1.626e+05  1.368e+05  1.406e+05  1.328e+05 -1.302e+06 -1.354e+05  2.039e+05  1.379e+05  1.709e+05 -9.739e+04  5.455e+04  1.486e+05  2.544e+05  2.607e+05  1.866e+05  1.417e+05  2.821e+05  2.209e+05  3.113e+05  3.165e+05  4.288e+05 -2.045e+05  1.663e+05  1.483e+05  2.581e+05 -1.829e+05  1.217e+05  1.189e+05   2.19e+05   2.19e+05  3.241e+05  1.597e+05  3.411e+05  2.603e+05  2.868e+05  3.181e+05  3.009e+05  3.144e+05  -1.59e+05  5.721e+04  1.628e+05  1.241e+05  2.493e+05  2.736e+05  2.442e+05  1.996e+05  1.996e+05  2.301e+05  2.836e+05    3.5e+05  2.955e+05  2.943e+05  3.309e+05   3.19e+05  2.495e+05  2.912e+05   3.62e+05  3.382e+05  2.687e+05  3.425e+05  2.123e+05  3.435e+05  2.507e+05  3.935e+05  2.901e+05  4.098e+05  4.886e+05  5.565e+05  4.468e+05  4.632e+05  6.283e+05  4.664e+05  4.334e+05  4.886e+05  4.964e+05  4.592e+05  5.638e+05   5.92e+05  6.672e+05  5.586e+05  5.302e+05  4.578e+05 -1.203e+05  8.847e+04  2.453e+05  1.816e+05  1.939e+05  2.744e+05  6.275e+04  2.246e+05  1.758e+05  3.313e+05  3.644e+05  3.089e+05  3.489e+05  2.779e+05  3.172e+05   3.59e+05  3.046e+05  2.993e+05  3.817e+05  3.803e+05  5.266e+05  9.804e+04  3.266e+05  6.125e+05  5.521e+05  5.273e+05  5.542e+05  4.939e+05   1.36e+05   5.21e+05  3.442e+05  2.682e+05  3.047e+05  3.523e+05  2.358e+05  3.426e+05  2.725e+05  3.721e+05  3.367e+05  2.261e+05  1.797e+05  2.743e+05  2.766e+05  4.912e+05  2.493e+05  4.924e+05  3.159e+05   1.06e+05
  3.193e+05  4.501e+05  5.234e+05  3.687e+05  4.533e+05  2.865e+05 -5.396e+06 -1.312e+07 -5.584e+05 -2.577e+07      3e+05  2.238e+05  3.176e+05  3.081e+05  2.767e+05 -3.851e+06 -5.031e+05    2.3e+05  1.665e+05  2.017e+05 -5.338e+05  4.023e+04  2.238e+05  4.376e+04  3.333e+05  2.782e+05   3.83e+05  3.243e+05  4.723e+05  5.021e+05  4.864e+05   6.01e+05 -4.429e+05  1.456e+05  3.159e+05  2.863e+05 -1.609e+05  1.874e+05  1.298e+05  2.725e+05  3.556e+05  2.416e+05  4.049e+05  4.618e+05  2.532e+05  2.859e+05  3.087e+05  3.749e+05  3.841e+05 -5.779e+05 -2.066e+05  1.871e+05 -1.602e+05  2.645e+05  3.133e+05  3.108e+05  2.018e+04  3.762e+05  3.045e+05  3.625e+05  5.665e+05  4.958e+05  5.246e+05  5.749e+05  5.696e+05  6.466e+05  4.517e+05   5.47e+05  5.677e+05  4.722e+05  5.016e+05  2.948e+05  5.596e+05  4.595e+05  7.035e+05  5.762e+05  8.133e+05  8.936e+05  8.632e+05  7.175e+05  8.403e+05  9.832e+05  7.538e+05  7.394e+05  8.304e+05  8.454e+05  9.016e+05  1.027e+06      1e+06  9.523e+05  1.058e+06  9.487e+05  7.882e+05 -1.582e+05  1.094e+05  4.471e+05  1.811e+05  3.995e+05  2.906e+05  8.898e+04  2.876e+05  2.787e+05  5.068e+05  4.586e+05  7.394e+05  7.095e+05   5.63e+05   5.42e+05   6.05e+05  4.365e+05  6.978e+05  3.622e+05  7.892e+05    6.4e+05  4.938e+05  5.672e+05  9.257e+05  8.069e+05    5.2e+05  1.122e+06  9.533e+05  7.174e+05  8.965e+05  6.825e+05  6.611e+05  7.432e+05  7.376e+05   3.24e+05   7.01e+05  8.236e+05  7.191e+05  7.545e+05  6.274e+05  7.434e+05  8.746e+05  7.627e+05  8.372e+05  9.385e+05   1.24e+06  8.829e+05  1.482e+05
  2.694e+05  5.986e+05  6.452e+05  4.837e+05  5.961e+05  1.876e+05   -1.7e+07  5.443e+04  1.205e+05      3e+05  -5.03e+07 -1.344e+06 -2.179e+07 -2.007e+06 -6.661e+06 -1.165e+07 -1.432e+06  6.318e+04  1.189e+05  1.269e+05 -1.433e+06 -5.755e+05  1.993e+05 -4.268e+05  2.233e+05 -2.404e+04  4.533e+05  1.697e+05   7.06e+05  6.188e+05  9.201e+05  6.983e+05 -1.598e+06 -2.949e+05  1.156e+05  1.652e+05 -9.625e+05  4.537e+04 -2.824e+05  1.854e+05  4.748e+05  4.899e+05  8.755e+05  7.629e+05 -1.262e+05  4.163e+05  5.903e+04  3.581e+05  5.171e+05 -1.614e+06 -1.272e+06  7.108e+04 -1.063e+06  8.129e+04  3.637e+05  3.091e+05 -5.715e+05  2.512e+05 -4.002e+05  1.833e+05  6.576e+05  6.009e+05  7.842e+05  6.477e+05  6.231e+05  7.896e+05  7.925e+05  7.628e+05  7.505e+05  5.601e+05  4.985e+04  3.015e+05  1.651e+05  4.436e+05  4.826e+05    6.1e+05  7.398e+05  1.049e+06  1.014e+06   9.45e+05  9.308e+05   1.11e+06  9.182e+05  9.199e+05  9.464e+05  1.064e+06  1.171e+06  1.213e+06  1.174e+06  1.188e+06  1.297e+06  1.241e+06  9.582e+05 -9.554e+05 -2.764e+05  3.451e+05   9.02e+04  4.255e+05  3.316e+05 -5.588e+05  1.944e+05 -1.189e+05  5.274e+05  9.388e+05  8.193e+05   9.33e+05  5.859e+05  7.886e+05  9.092e+05  3.207e+05  7.274e+05  6.485e+05  9.551e+05  9.151e+05   9.09e+05  1.118e+06  2.951e+05   1.01e+06  1.116e+06  9.858e+05  1.048e+06  7.796e+05  1.125e+06  7.748e+05  1.139e+06  9.143e+05  9.351e+05  1.092e+06  1.159e+06  7.568e+05  1.081e+06   7.35e+05  7.541e+05  1.028e+06  1.079e+06  1.099e+06  8.946e+05  1.325e+06  1.264e+06  1.349e+06  1.766e+05
      2e+05  2.902e+05  3.335e+05  2.365e+05  2.827e+05  1.761e+05 -3.783e+05  2.396e+05  1.626e+05  2.238e+05 -1.344e+06 -1.082e+07 -5.496e+05 -1.009e+04      -5576 -2.426e+05  1.991e+05  1.436e+05  1.032e+05  1.412e+05  2.719e+05  2.851e+05  1.852e+05  2.795e+05  2.697e+05  3.074e+05  3.628e+05  2.954e+05  4.206e+05  3.487e+05  5.341e+05  4.085e+05  3.406e+05  2.583e+05  2.627e+05  2.019e+05  3.515e+05  2.816e+05  2.651e+05  2.908e+05   3.02e+05  2.819e+05  4.039e+05  3.417e+05  2.836e+05  3.507e+05  3.425e+05  3.259e+05  3.725e+05  1.482e+05  1.046e+05  1.808e+05  1.258e+05  1.889e+05  2.197e+05  1.734e+05   2.11e+05  2.998e+05  2.185e+05  3.111e+05  3.856e+05  3.228e+05   4.12e+05  3.859e+05  3.344e+05  3.793e+05   2.77e+05  3.944e+05  3.666e+05  2.746e+05  3.188e+05  1.741e+05  3.125e+05  2.279e+05  3.367e+05  3.183e+05  3.474e+05  4.727e+05  4.642e+05  3.974e+05  4.572e+05  4.134e+05  4.025e+05  3.923e+05  4.682e+05  4.954e+05  4.652e+05  5.344e+05  5.381e+05  5.217e+05   5.73e+05  5.116e+05  4.156e+05  2.478e+05  3.709e+05  3.198e+05  3.352e+05  4.197e+05  2.974e+05  3.037e+05  2.442e+05  2.953e+05  3.911e+05  4.854e+05  5.372e+05  4.967e+05  5.103e+05  4.507e+05  5.105e+05  3.746e+05  5.487e+05  5.324e+05  5.699e+05  5.508e+05   6.87e+05  6.866e+05  5.901e+05  4.865e+05  6.125e+05  6.705e+05  5.279e+05  5.027e+05  6.781e+05  3.627e+05  6.569e+05  6.098e+05  4.752e+05  5.762e+05  5.015e+05  4.983e+05  5.488e+05  5.575e+05   5.57e+05  6.103e+05  6.245e+05  8.082e+05   5.53e+05  6.319e+05  6.013e+05  5.084e+05  9.297e+04
  2.936e+05  5.077e+05  5.261e+05  3.955e+05  4.841e+05  2.513e+05 -9.574e+06  2.617e+05  1.368e+05  3.176e+05 -2.179e+07 -5.496e+05  -5.54e+07 -4.238e+06 -1.261e+07 -6.741e+06   -7.7e+05  3.011e+05  2.273e+05  2.079e+05 -7.913e+05 -1.993e+05  2.731e+05 -4.102e+04  3.935e+05  2.627e+05    4.2e+05  4.434e+05  4.596e+05  5.669e+05   7.72e+05  7.579e+05 -7.254e+05  3.485e+04  1.995e+05  3.175e+05 -6.677e+05  5.368e+04  3.331e+04  3.989e+05  4.107e+05  6.217e+05  8.515e+05  1.055e+06  6.698e+04  4.656e+05  2.662e+05  5.201e+05  4.876e+05 -8.059e+05 -4.129e+05  1.656e+05 -3.687e+05  3.094e+05  4.407e+05  4.065e+05 -1.361e+05  3.409e+05 -1.127e+05  3.945e+05   6.62e+05   5.45e+05  6.324e+05  7.374e+05  5.891e+05  7.317e+05  5.937e+05  8.008e+05  6.758e+05  5.043e+05  3.509e+05  3.234e+05  4.215e+05  4.818e+05  5.629e+05  5.561e+05  7.061e+05  9.432e+05  1.066e+06  8.613e+05  1.031e+06   1.08e+06  8.595e+05  7.937e+05  9.393e+05  1.028e+06  9.417e+05  1.049e+06   1.08e+06  1.024e+06  1.095e+06   1.01e+06  9.128e+05 -3.582e+05  6.503e+04  3.786e+05  2.275e+05  3.717e+05   4.28e+05  5.724e+04  3.723e+05  1.948e+05  5.678e+05  4.195e+05  7.599e+05   7.15e+05  6.955e+05  6.768e+05  7.561e+05  2.895e+05  5.295e+05  6.155e+05  5.576e+05   9.39e+05  1.329e+06  1.182e+06  5.355e+05  1.082e+06  9.928e+05  7.362e+05  1.049e+06  9.615e+05  9.338e+05  1.056e+06  7.708e+05  7.121e+05  8.255e+05   6.09e+05  1.186e+06  5.081e+05  9.094e+05   5.24e+05  5.964e+05  7.576e+05  8.124e+05  9.978e+05  8.671e+05  9.022e+05  8.761e+05  1.073e+06  1.856e+05
  2.562e+05  3.664e+05  4.027e+05  2.866e+05  3.705e+05  2.534e+05 -7.123e+05  3.332e+05  1.406e+05  3.081e+05 -2.007e+06 -1.009e+04 -4.238e+06 -2.048e+07 -1.176e+06 -4.073e+05  3.485e+05  2.659e+05  1.706e+05  1.971e+05  4.317e+05  3.531e+05  1.901e+05  3.778e+05  3.868e+05  3.906e+05  3.207e+05  3.616e+05  3.252e+05   3.78e+05  5.146e+05  5.402e+05  4.675e+05  3.417e+05  2.622e+05  3.247e+05  4.251e+05  2.595e+05  3.927e+05  3.588e+05  3.812e+05  5.113e+05  5.928e+05  5.254e+05  4.071e+05   4.37e+05  5.308e+05  4.244e+05  3.673e+05   2.74e+05  3.192e+05  2.214e+05  3.694e+05  3.339e+05  3.456e+05  2.488e+05  3.948e+05  3.642e+05  3.061e+05  3.951e+05  4.949e+05  3.922e+05  4.291e+05  4.521e+05  3.687e+05  3.839e+05  3.701e+05   4.86e+05  4.126e+05  3.252e+05  4.647e+05  2.687e+05  4.585e+05  3.279e+05  4.709e+05  3.759e+05  4.847e+05  6.203e+05  6.229e+05  4.894e+05  6.165e+05  6.483e+05  5.635e+05  5.271e+05  5.763e+05  6.237e+05  6.437e+05  6.609e+05  7.258e+05  6.798e+05   7.48e+05  7.187e+05  5.557e+05  3.379e+05  4.357e+05  3.581e+05  3.806e+05  3.511e+05  4.045e+05  2.697e+05  3.198e+05   2.98e+05  4.356e+05   4.47e+05  5.137e+05  3.481e+05   5.89e+05  4.882e+05  4.893e+05  3.621e+05  4.464e+05  5.295e+05  4.915e+05  6.069e+05  1.884e+05  5.835e+05   4.41e+05  7.442e+05  7.256e+05   6.19e+05  4.914e+05  6.573e+05   6.82e+05  6.303e+05  3.829e+05  3.665e+05  4.854e+05  4.829e+05  6.866e+05  3.629e+05  5.543e+05  3.972e+05  5.546e+05  5.204e+05   5.09e+05  5.403e+05  5.891e+05  6.228e+05  6.052e+05  5.353e+05  1.297e+05
   2.98e+05  3.844e+05  4.607e+05  2.988e+05  4.265e+05  2.833e+05  -3.25e+06  2.655e+05  1.328e+05  2.767e+05 -6.661e+06      -5576 -1.261e+07 -1.176e+06  -3.81e+07 -2.363e+06  6.697e+04  4.087e+05  2.572e+05  2.548e+05 -9.443e+04   3.19e+05  1.916e+05   3.05e+05  4.267e+05  4.985e+05  3.358e+05  5.297e+05  2.515e+05  4.333e+05  4.218e+05  4.351e+05 -2.617e+05  3.301e+05  3.209e+05  3.241e+05 -3.031e+05  9.155e+04  2.465e+05  4.499e+05  2.896e+05  4.923e+05    4.6e+05  5.021e+05  2.795e+05  4.122e+05  3.985e+05  4.591e+05   2.74e+05 -4.557e+04  3.733e+05  2.564e+05  3.458e+05  4.882e+05  4.061e+05  3.798e+05    2.9e+05  3.793e+05  3.888e+05  5.205e+05  5.807e+05  4.909e+05  5.376e+05  6.005e+05  4.567e+05  3.719e+05  3.054e+05  5.448e+05  5.531e+05  3.967e+05  5.246e+05  3.547e+05   5.05e+05  4.201e+05  6.109e+05  5.065e+05  6.513e+05  7.844e+05  8.217e+05  6.317e+05  7.934e+05   9.06e+05  7.557e+05  6.895e+05  7.675e+05  8.278e+05  8.349e+05  9.222e+05   8.88e+05  8.678e+05  7.645e+05  1.047e+06  7.063e+05  3.093e+05  3.214e+05  3.669e+05  4.242e+05  3.858e+05  5.076e+05  3.608e+05  3.983e+05  4.299e+05  6.188e+05  5.539e+05  4.917e+05  5.684e+05  3.463e+05  6.845e+05  4.586e+05   3.58e+05  5.351e+05  2.102e+05  3.099e+05  5.111e+05  8.841e+05   5.52e+05  3.681e+05  7.016e+05   4.41e+05  3.397e+05  4.556e+05  3.864e+05  4.916e+05  6.461e+05  5.628e+05  4.872e+05  5.088e+05  9.202e+05  6.905e+05  3.049e+05  5.971e+05   3.75e+05  3.528e+05  4.361e+05  6.232e+05  6.172e+05  7.777e+05  5.438e+05  4.437e+05  7.109e+05  1.618e+05
 -1.778e+05  6.472e+05   6.04e+05  5.257e+05  7.185e+05 -5.208e+05 -7.831e+07 -8.861e+06 -1.302e+06 -3.851e+06 -1.165e+07 -2.426e+05 -6.741e+06 -4.073e+05 -2.363e+06 -1.347e+08 -4.976e+06 -3.002e+04  1.187e+05  1.063e+05 -4.418e+06 -1.036e+06  1.736e+05 -7.251e+05  2.999e+05 -4.434e+05  4.531e+05  1.418e+05   6.46e+05   7.89e+05  9.978e+05  9.964e+05 -3.893e+06 -6.415e+05  6.097e+04   7.91e+04 -2.528e+06   -3.6e+05  -8.25e+05  1.604e+05  7.136e+05  8.307e+05  6.109e+05  1.482e+06  -4.47e+05  1.817e+05 -4.307e+05   3.31e+05  4.064e+05 -6.116e+06 -1.839e+06 -3.455e+04 -1.867e+06  1.685e+04  4.396e+05  3.551e+05  -1.22e+06  1.764e+05 -8.287e+05  7.164e+04  8.223e+05  8.178e+05  1.007e+06    7.3e+05  8.478e+05  1.097e+06  1.069e+06  9.772e+05  8.605e+05  7.906e+05  -1.13e+05  2.414e+05  1.909e+05  5.938e+05  4.658e+05  8.326e+05  8.673e+05  1.325e+06  1.251e+06  1.168e+06  1.078e+06  1.286e+06  1.099e+06  1.105e+06  1.127e+06  1.357e+06   1.51e+06  1.535e+06  1.498e+06  1.665e+06  1.742e+06  2.042e+06    1.2e+06 -2.204e+06 -6.193e+05  2.291e+05 -2.185e+05  3.511e+05  2.254e+05 -1.447e+06  9.663e+04 -5.755e+05  4.524e+05   5.27e+05   1.08e+06  1.135e+06  4.989e+05  8.469e+05  1.075e+06  2.575e+04  1.193e+06  1.176e+06   1.07e+06  1.092e+06  1.642e+06  1.716e+06  1.388e+06  1.451e+06  1.185e+06  1.549e+06  1.279e+06  1.128e+06  1.013e+06  1.832e+06  1.091e+06  1.168e+06  1.099e+06    1.1e+06  1.329e+06  1.097e+06  1.358e+06  8.452e+05  8.978e+05  1.177e+06  1.288e+06  9.331e+05  9.001e+05  1.337e+06  1.968e+06  1.651e+06  1.849e+05
  4.886e+05  8.819e+05  9.199e+05  6.531e+05  9.101e+05  3.621e+05 -3.958e+06 -1.191e+06 -1.354e+05 -5.031e+05 -1.432e+06  1.991e+05   -7.7e+05  3.485e+05  6.697e+04 -4.976e+06  -1.89e+08  2.954e+05  2.183e+05  2.359e+05 -1.117e+08  -4.47e+06       6303 -3.456e+06 -2.072e+05 -1.525e+06 -1.516e+04     -5e+05  6.641e+05  5.126e+05  1.345e+06  8.622e+05 -3.318e+07 -3.025e+06 -7.681e+05 -4.269e+05  -1.32e+07 -2.083e+06 -5.026e+06 -6.139e+05  6.712e+05  1.821e+05  8.821e+05  8.016e+05 -2.541e+06  -2.55e+05 -1.161e+06 -1.325e+05   1.85e+05 -2.967e+07 -5.582e+06 -2.442e+05 -4.061e+06  -4.04e+05  1.968e+05  3.696e+05  -2.42e+06 -1.354e+05 -1.953e+06 -1.588e+05  8.864e+05  9.296e+05  9.869e+05  7.426e+05  9.599e+05  1.344e+06   9.82e+05  9.032e+05   9.48e+05  7.903e+05 -6.318e+05  2.429e+05 -8.495e+04  5.585e+05  4.024e+05  9.507e+05  1.114e+06  1.535e+06  1.469e+06  1.296e+06  1.443e+06   1.45e+06  1.158e+06   1.34e+06  1.387e+06  1.623e+06  1.557e+06   1.73e+06   1.66e+06  1.922e+06   2.14e+06  2.221e+06  1.473e+06 -6.962e+06 -1.953e+06  4.302e+04 -8.806e+05  4.039e+04 -2.898e+04 -3.078e+06 -2.195e+05 -1.587e+06  5.651e+05  1.097e+06   1.22e+06  1.291e+06  1.847e+05  8.048e+05  1.145e+06 -3.089e+05  6.095e+05   7.17e+05  1.394e+06  4.213e+05   6.07e+05  1.584e+06  1.785e+06  1.411e+06  1.306e+06  1.131e+06  1.815e+06  3.682e+05  1.926e+06   2.25e+06  8.749e+05  1.593e+06  1.311e+06  1.889e+06  1.328e+06  6.637e+05  1.116e+06  5.832e+05  1.215e+06   1.11e+06  1.775e+06  1.239e+06  1.004e+06  2.123e+06  1.927e+06  1.634e+06  2.942e+05
  2.632e+05   4.13e+05  4.518e+05  3.547e+05  3.846e+05  2.147e+05   2.13e+04  2.145e+05  2.039e+05    2.3e+05  6.318e+04  1.436e+05  3.011e+05  2.659e+05  4.087e+05 -3.002e+04  2.954e+05 -2.285e+07 -3.508e+06 -5.957e+06 -3.004e+06 -4.609e+05  9.362e+04 -3.745e+05  1.398e+05 -6.473e+04  3.575e+05  8.036e+04  5.074e+05   3.53e+05  5.761e+05  6.207e+05 -1.083e+06 -1.943e+05  8.738e+04  7.651e+04 -6.709e+05       3718 -2.771e+05  1.463e+05  4.558e+05  4.064e+05  5.414e+05  5.784e+05 -7.211e+04  2.151e+05  4.582e+04  2.023e+05  2.884e+05 -8.621e+04 -2.947e+05  1.161e+05 -3.325e+05  6.593e+04  2.661e+05  2.189e+05      -4933  2.588e+05 -1.461e+04  2.862e+05  4.872e+05  4.251e+05  5.592e+05  4.839e+05  4.146e+05  6.705e+05  5.779e+05  5.053e+05  4.777e+05  3.583e+05  1.473e+05  1.884e+05  2.597e+05  3.125e+05  3.316e+05  4.248e+05  5.273e+05  6.765e+05  5.979e+05  5.302e+05   6.56e+05  6.398e+05  5.465e+05   5.38e+05  6.011e+05  6.401e+05   7.09e+05  7.355e+05  8.106e+05  7.649e+05  8.657e+05  8.319e+05  5.981e+05 -6.301e+04   2.14e+05  3.158e+05  2.327e+05  4.359e+05  2.314e+05 -4.139e+04  2.409e+05  1.231e+05  4.295e+05  7.978e+05  7.385e+05  6.842e+05  5.361e+05  5.875e+05  7.291e+05  4.134e+05  7.743e+05  5.655e+05  7.943e+05  6.023e+05  8.983e+05  9.018e+05  6.578e+05  6.814e+05  7.043e+05  8.706e+05  8.754e+05  7.049e+05   8.61e+05  7.774e+05  7.199e+05  7.778e+05  8.733e+05  8.694e+05  7.625e+05  6.723e+05  7.545e+05  7.601e+05  6.648e+05  5.244e+05   8.64e+05  4.847e+05  8.557e+05  1.086e+06  1.069e+06  7.941e+05  1.438e+05
  1.382e+05  1.992e+05  2.208e+05  1.917e+05   2.04e+05  1.241e+05  1.613e+05  1.546e+05  1.379e+05  1.665e+05  1.189e+05  1.032e+05  2.273e+05  1.706e+05  2.572e+05  1.187e+05  2.183e+05 -3.508e+06 -6.498e+06  2.484e+05 -5.378e+05 -1.205e+04  1.205e+05  -3.09e+04  1.466e+05  1.046e+05  2.205e+05  1.114e+05  3.112e+05   2.45e+05  3.605e+05  3.654e+05 -1.967e+05  9.424e+04  1.525e+05   8.39e+04  1.935e+04  1.044e+05  5.225e+04  1.495e+05  3.055e+05   2.66e+05  4.054e+05   2.38e+05  1.118e+05   1.96e+05  1.023e+05  1.318e+05  1.954e+05  1.107e+05   3.54e+04  1.194e+05       2750  1.052e+05   1.79e+05  1.215e+05  1.232e+05  1.649e+05  1.436e+05  1.807e+05  2.903e+05  2.412e+05  2.983e+05  2.866e+05  2.309e+05  3.694e+05  3.081e+05  2.958e+05  2.563e+05  1.775e+05  1.558e+05  1.217e+05   2.08e+05  1.751e+05  2.289e+05  2.332e+05  2.718e+05  3.415e+05  3.479e+05  2.513e+05  3.389e+05  3.474e+05  2.751e+05  2.926e+05  3.373e+05  3.394e+05  3.548e+05  3.908e+05  3.992e+05  4.178e+05  4.522e+05  4.803e+05   3.02e+05  1.128e+05  2.102e+05  2.189e+05   1.93e+05  2.606e+05  1.475e+05  1.644e+05  1.713e+05  1.994e+05  3.052e+05  5.001e+05  3.917e+05  3.973e+05  3.815e+05  3.348e+05   3.68e+05  2.972e+05  3.917e+05   3.39e+05  4.116e+05  2.477e+05  5.616e+05  4.907e+05   4.41e+05  4.227e+05  3.902e+05  5.295e+05  4.539e+05  3.332e+05  4.585e+05  4.812e+05  3.896e+05  5.132e+05  4.556e+05    3.6e+05  4.358e+05  3.853e+05  4.318e+05  3.541e+05  3.989e+05  3.251e+05  4.489e+05  4.602e+05  3.809e+05  4.857e+05  4.755e+05  3.995e+05  7.112e+04
  1.693e+05  2.682e+05  3.023e+05  2.246e+05  2.536e+05  1.566e+05  1.835e+05  2.027e+05  1.709e+05  2.017e+05  1.269e+05  1.412e+05  2.079e+05  1.971e+05  2.548e+05  1.063e+05  2.359e+05 -5.957e+06  2.484e+05  -9.17e+06 -1.122e+06  -5.91e+04  1.325e+05  1.024e+04  1.707e+05  9.055e+04  2.934e+05  1.373e+05  3.276e+05  3.123e+05  3.948e+05   4.16e+05 -2.681e+05       8023   1.41e+05  1.259e+05 -1.388e+05  1.225e+05  3.905e+04  1.865e+05  3.035e+05  3.044e+05  3.869e+05  4.351e+05  9.729e+04  1.897e+05   1.55e+05  1.997e+05  2.721e+05   8.96e+04  3.483e+04  1.295e+05  1.285e+04  1.642e+05  2.429e+05  1.752e+05  1.205e+05  2.063e+05  2.132e+05  2.702e+05  3.413e+05  3.034e+05   3.59e+05  3.424e+05  3.117e+05  4.647e+05  3.394e+05   3.92e+05  3.297e+05  2.603e+05  2.054e+05  1.418e+05  2.296e+05  2.094e+05  2.727e+05  2.646e+05  3.462e+05  4.489e+05  3.885e+05  3.422e+05  3.986e+05  4.356e+05   3.76e+05  3.638e+05  4.024e+05  4.181e+05  4.742e+05  5.049e+05   4.95e+05      5e+05  5.664e+05  5.023e+05  3.959e+05  1.304e+05  2.547e+05  2.539e+05  2.572e+05  3.441e+05  2.473e+05   1.33e+05   1.93e+05  1.956e+05  3.529e+05  5.836e+05  4.395e+05  4.674e+05  4.332e+05  3.985e+05  4.299e+05   3.45e+05  4.694e+05  4.367e+05  5.451e+05  4.463e+05  7.096e+05  4.357e+05   3.11e+05  4.448e+05  4.556e+05  5.496e+05  5.847e+05  7.178e+05  5.422e+05  5.249e+05  4.359e+05  4.868e+05  4.758e+05  4.103e+05  6.453e+05  4.551e+05  4.796e+05  4.117e+05  4.661e+05  3.644e+05  5.407e+05  3.404e+05  6.173e+05  6.472e+05  7.386e+05  5.565e+05      1e+05
  5.682e+05  9.695e+05  9.347e+05  6.704e+05  9.388e+05  4.221e+05 -3.593e+06 -1.236e+06 -9.739e+04 -5.338e+05 -1.433e+06  2.719e+05 -7.913e+05  4.317e+05 -9.443e+04 -4.418e+06 -1.117e+08 -3.004e+06 -5.378e+05 -1.122e+06 -3.253e+08 -7.072e+06  -1.07e+05 -5.139e+06 -4.301e+05 -2.293e+06 -4.635e+05 -7.832e+05  8.863e+04  1.108e+05  1.209e+06  6.305e+05 -5.433e+07 -4.246e+06 -1.229e+06 -7.278e+05 -2.171e+07 -3.089e+06 -7.174e+06 -1.039e+06  5.123e+04  -1.54e+05  1.123e+06  1.302e+06 -3.693e+06 -5.878e+05 -1.985e+06 -3.776e+05  -3.09e+05 -2.527e+07 -5.612e+06  -1.98e+05  -4.06e+06 -3.567e+05  2.093e+05  5.585e+05 -2.327e+06 -3.158e+04  -1.86e+06  -4.21e+04    8.3e+05  1.006e+06  1.071e+06  1.078e+06      1e+06  1.553e+06  1.288e+06   1.23e+06   1.13e+06  8.967e+05 -2.372e+05   3.69e+05  9.911e+04    6.6e+05  6.142e+05  1.067e+06  1.331e+06  1.846e+06  1.474e+06  1.488e+06  1.612e+06  1.784e+06  1.374e+06  1.517e+06  1.699e+06  1.471e+06  1.494e+06  1.987e+06  1.858e+06   2.34e+06  2.437e+06  2.451e+06  1.625e+06 -7.153e+06 -2.163e+06  1.229e+05 -1.025e+06       9979  1.468e+04 -3.262e+06 -7.836e+04 -1.433e+06  2.138e+05  5.397e+05  1.368e+06  1.299e+06  9.084e+05  8.331e+05  9.697e+05   -4.7e+05   4.96e+05  6.944e+05  1.179e+06  7.696e+05  1.011e+06   2.09e+06  1.745e+06   1.37e+06  1.027e+06  1.045e+06  1.846e+06  1.057e+06  1.821e+06  2.687e+06  8.404e+05  1.798e+06  1.831e+06  1.847e+06  1.069e+06  5.764e+05  1.195e+06  1.031e+06  1.345e+06  1.443e+06  1.606e+06  1.509e+06  1.395e+06   1.91e+06  2.229e+06  1.946e+06  3.166e+05
  6.004e+05  9.128e+05  1.038e+06   6.54e+05   9.02e+05  5.452e+05 -1.165e+06 -3.098e+05  5.455e+04  4.023e+04 -5.755e+05  2.851e+05 -1.993e+05  3.531e+05   3.19e+05 -1.036e+06  -4.47e+06 -4.609e+05 -1.205e+04  -5.91e+04 -7.072e+06 -1.134e+08 -1.067e+06 -6.587e+07 -2.861e+06 -1.466e+07 -2.145e+06 -2.982e+06 -3.149e+04 -4.709e+05  1.746e+05  1.533e+05  -2.27e+07 -2.436e+06 -7.414e+05  -4.03e+05 -8.189e+06 -2.069e+06 -3.675e+06 -7.393e+05  7.655e+04  6.193e+04  9.492e+05  7.535e+05 -2.143e+06 -4.159e+05  -1.41e+06 -3.038e+05  -1.08e+05 -3.008e+06 -2.881e+06 -1.068e+04 -2.446e+06 -2.498e+05  2.956e+05  3.758e+05  -1.31e+06  1.777e+05 -1.027e+06 -3.511e+04  7.299e+05  9.241e+05  1.013e+06  7.464e+05   7.81e+05  1.145e+06  1.125e+06  7.332e+05  8.996e+05   7.27e+05 -5.316e+04  3.807e+05  2.381e+05  6.128e+05  6.613e+05  9.099e+05  1.018e+06  1.512e+06  1.484e+06  1.262e+06  1.501e+06   1.48e+06  1.189e+06  1.209e+06  1.492e+06  1.512e+06  1.549e+06  1.613e+06  1.723e+06  1.906e+06  1.902e+06  2.019e+06  1.344e+06 -2.283e+06 -9.773e+05  1.691e+05 -5.898e+05  3.304e+05   7.65e+04 -1.316e+06   6.27e+04 -5.806e+05  6.144e+05   8.62e+05  1.216e+06  1.267e+06  4.209e+05  9.888e+05  1.221e+06    6.1e+05  8.974e+05  5.448e+05  1.235e+06   5.51e+05  7.145e+05  1.488e+06   1.16e+06  1.707e+06  1.549e+06  1.068e+06  1.342e+06  3.683e+05   1.86e+06  1.156e+06  1.264e+06  1.541e+06  1.321e+06  1.667e+06  1.992e+06  7.013e+05  1.285e+06  1.394e+06  1.395e+06  1.255e+06  1.223e+06  1.522e+06  1.583e+06  1.776e+06  1.675e+06  1.715e+06  2.903e+05
