
 72

((monodelphis_domestica: 0.013516, (notamacropus_eugenii: 0.012884, sarcophilus_harrisii: 0.017985): 0.002596): 0.021386, (((choloepus_hoffmanni: 0.015833, dasypus_novemcinctus: 0.018710): 0.004498, (echinops_telfairi: 0.028877, (procavia_capensis: 0.015792, loxodonta_africana: 0.012765): 0.002489): 0.003683): 0.000529, (((sorex_araneus: 0.025834, erinaceus_europaeus: 0.024345): 0.004459, ((vicugna_pacos: 0.012739, (sus_scrofa: 0.009059, (tursiops_truncatus: 0.008643, (bos_taurus: 0.003364, (ovis_aries: 0.003385, capra_hircus: 0.001626): 0.002057): 0.007193): 0.001357): 0.000726): 0.002716, ((pteropus_vampyrus: 0.011582, myotis_lucifugus: 0.020850): 0.002793, (equus_caballus: 0.010893, ((felis_catus: 0.000700, (panthera_tigris_altaica: 0.001442, panthera_pardus: 0.000381): 0.000446): 0.004701, (canis_familiaris: 0.006823, (mustela_putorius_furo: 0.007100, ailuropoda_melanoleuca: 0.006709): 0.001069): 0.001319): 0.003468): 0.000311): 0.000196): 0.000544): 0.001696, ((tupaia_belangeri: 0.017993, ((oryctolagus_cuniculus: 0.013505, ochotona_princeps: 0.018521): 0.007050, (ictidomys_tridecemlineatus: 0.010447, (((fukomys_damarensis: 0.008287, heterocephalus_glaber_female: 0.007294): 0.002671, ((cavia_porcellus: 0.000638, cavia_aperea: 0.005408): 0.009680, (chinchilla_lanigera: 0.006223, octodon_degus: 0.010160): 0.001204): 0.001898): 0.007529, (dipodomys_ordii: 0.019813, (jaculus_jaculus: 0.017227, (nannospalax_galili: 0.010676, (((mesocricetus_auratus: 0.006528, cricetulus_griseus_chok1gshd: 0.004222): 0.002318, (peromyscus_maniculatus_bairdii: 0.006570, microtus_ochrogaster: 0.007511): 0.000461): 0.001862, ((mus_pahari: 0.002815, (mus_caroli: 0.001384, (mus_musculus: 0.000659, mus_spretus: 0.000727): 0.000697): 0.001139): 0.002492, rattus_norvegicus: 0.007337): 0.004075): 0.006117): 0.002667): 0.002518): 0.001503): 0.000503): 0.001604): 0.000760): 0.000272, ((otolemur_garnettii: 0.012506, (propithecus_coquereli: 0.004633, microcebus_murinus: 0.005578): 0.002866): 0.002653, (carlito_syrichta: 0.014207, (((aotus_nancymaae: 0.003230, callithrix_jacchus: 0.002936): 0.000116, (saimiri_boliviensis_boliviensis: 0.003008, cebus_capucinus: 0.002608): 0.000338): 0.003079, (((chlorocebus_sabaeus: 0.001167, ((papio_anubis: 0.000858, (cercocebus_atys: 0.001174, mandrillus_leucophaeus: 0.000868): 0.000130): 0.000131, (macaca_nemestrina: 0.000683, (macaca_mulatta: 0.000672, macaca_fascicularis: 0.000247): 0.000123): 0.000404): 0.000348): 0.000416, (colobus_angolensis_palliatus: 0.001602, (rhinopithecus_roxellana: 0.000418, rhinopithecus_bieti: 0.000985): 0.000986): 0.000577): 0.001751, (nomascus_leucogenys: 0.003027, (pongo_abelii: 0.002450, (gorilla_gorilla: 0.001131, ((pan_troglodytes: 0.000403, pan_paniscus: 0.000602): 0.000546, homo_sapiens: 0.000691): 0.000146): 0.000713): 0.000221): 0.000807): 0.001319): 0.004006): 0.000806): 0.001307): 0.001626): 0.001563): 0.029375, ornithorhynchus_anatinus: 0.084743);

  0.021386  0.013516  0.002596  0.012884  0.017985  0.029375  0.000529  0.004498  0.015833  0.018710  0.003683  0.028877  0.002489  0.015792  0.012765  0.001563  0.001696  0.004459  0.025834  0.024345  0.000544  0.002716  0.012739  0.000726  0.009059  0.001357  0.008643  0.007193  0.003364  0.002057  0.003385  0.001626  0.000196  0.002793  0.011582  0.020850  0.000311  0.010893  0.003468  0.004701  0.000700  0.000446  0.001442  0.000381  0.001319  0.006823  0.001069  0.007100  0.006709  0.001626  0.000272  0.017993  0.000760  0.007050  0.013505  0.018521  0.001604  0.010447  0.000503  0.007529  0.002671  0.008287  0.007294  0.001898  0.009680  0.000638  0.005408  0.001204  0.006223  0.010160  0.001503  0.019813  0.002518  0.017227  0.002667  0.010676  0.006117  0.001862  0.002318  0.006528  0.004222  0.000461  0.006570  0.007511  0.004075  0.002492  0.002815  0.001139  0.001384  0.000697  0.000659  0.000727  0.007337  0.001307  0.002653  0.012506  0.002866  0.004633  0.005578  0.000806  0.014207  0.004006  0.003079  0.000116  0.003230  0.002936  0.000338  0.003008  0.002608  0.001319  0.001751  0.000416  0.001167  0.000348  0.000131  0.000858  0.000130  0.001174  0.000868  0.000404  0.000683  0.000123  0.000672  0.000247  0.000577  0.001602  0.000986  0.000418  0.000985  0.000807  0.003027  0.000221  0.002450  0.000713  0.001131  0.000146  0.000546  0.000403  0.000602  0.000691  0.084743

 -11.151585 -1.405921 -6.548821 -0.248259 -0.686151 -2.741379 -6.683357 -10.309934 -1.916126 -0.630810 -3.925038 -3.023313 -12.792469 10.332824 10.152212 10.051884 -4.769594 -4.227980 10.612985 12.519520  0.065157  4.904063  4.322155  9.213408  5.980793  0.799852  5.817055 13.574176 10.340149 36.832532  8.604232 58.029501  8.184720 -41.356301  7.466549 11.422013 -11.423777  5.546146  7.768232  9.399423 48.497255 36.268155 47.977769 57.301097 20.462103  7.492588 -4.642335  6.094149  8.631329  8.610045 -89.187160  2.415234  0.251266 -10.219068  3.225385  1.947645  3.328795  3.456352 -4.393633  2.070574  4.328404  2.641692  4.058901 17.243309  3.625009  5.360998 22.296367 -0.037208 37.837009  2.646014 -0.790436  5.369783  7.608371 -0.366220 -1.644056  0.534461  0.296211 21.138915 14.680871 28.433922 24.242418 -50.231025 31.310233 31.918838 25.201328 32.524538 31.529647 30.810308 30.756274 34.155727 130.020031  4.839358 26.719197 18.574237  4.486384 23.501381 17.505257 25.947500 26.034267 -6.337198 19.641936 25.397874 21.753900 -15.644403 23.839359 25.917117  8.211489 25.460284 28.554392 25.103289 21.466643 11.748401 22.883835 11.935406 13.567590 107.270790 56.551854  1.711624 106.925443 -5.362250  2.624537 36.810654 -0.558418  0.000000 -8.181601 17.043846 -1.404912  1.722227 99.125503 85.761489  2.906243 10.363333 22.222793 21.395855 24.345182 85.901965 25.820785 102.106292 107.912621 113.598697 -2.017629


Hessian

 -7.039e+07 -3.166e+06 -1.041e+07 -1.997e+06 -5.697e+05 -3.049e+07 -3.595e+05   1.15e+06  1.317e+06  2.376e+06 -7.172e+05  1.304e+06  5.401e+05  1.054e+06  2.487e+06 -1.998e+06 -5.585e+05  1.631e+05  8.863e+05  8.043e+05 -1.702e+06 -3.347e+05  1.203e+06 -1.116e+06  9.375e+05 -6.059e+04  2.105e+06  1.792e+05  2.528e+06  1.373e+06  4.189e+06  4.093e+06 -5.521e+06  3.267e+05  1.391e+06  2.171e+06 -3.349e+06  1.781e+06 -7.207e+05 -2.374e+04  2.765e+06  8.031e+05  4.311e+06  2.592e+06 -1.544e+05  7.722e+05 -1.507e+05  1.309e+06  2.637e+06 -1.219e+06 -4.092e+06  1.047e+06 -2.496e+06  2.229e+05  2.176e+06  1.134e+06 -1.685e+06  1.944e+05 -1.893e+06 -3.721e+05 -1.891e+05  1.791e+06  1.428e+06  5.618e+05  1.231e+06  3.535e+06  3.936e+06  1.305e+06  1.316e+06  1.737e+06 -1.731e+06  1.292e+06 -1.933e+06  1.143e+06 -1.024e+06   6.56e+05  1.578e+05 -1.918e+04  4.837e+05  1.971e+06  1.416e+06 -4.773e+05  1.293e+06  1.271e+06 -2.173e+04 -1.114e+05  9.702e+05  4.617e+05  8.877e+05  1.902e+05  2.692e+06  1.385e+06  2.124e+06 -1.217e+06 -5.935e+05  1.573e+06  1.131e+06  2.305e+06  1.737e+06 -1.999e+06  1.105e+06 -4.014e+05  8.145e+04  2.053e+06   2.99e+06  1.602e+06  1.788e+06  2.022e+06  3.082e+06  1.122e+05  2.015e+04  8.914e+05  2.555e+06  3.657e+06  4.837e+05  4.231e+06   4.44e+06  5.584e+06  4.179e+06   3.72e+06  3.838e+06  4.141e+06  5.814e+06  4.741e+06  1.194e+06  3.254e+06  2.137e+06  4.627e+06  5.001e+06  4.003e+05  3.252e+06  3.633e+05  3.211e+06  1.306e+06  2.571e+06   1.39e+06  3.494e+06  3.618e+06  4.571e+06   3.06e+06  4.697e+05
 -3.166e+06 -1.649e+08 -3.606e+07  -5.47e+06 -4.507e+06 -8.126e+05  1.832e+06  2.125e+06  1.579e+06  2.328e+06   1.59e+06  2.023e+06  1.453e+06   1.93e+06  2.229e+06  1.716e+06    1.3e+06  1.673e+06  1.329e+06  1.557e+06  8.329e+05  1.983e+06  1.417e+06  2.541e+06   1.35e+06  2.414e+06  2.592e+06   1.74e+06  1.499e+06   2.42e+06   3.25e+06  1.979e+06  1.025e+06  2.562e+06  2.691e+06  2.877e+06  2.643e+05  2.063e+06   6.08e+05  1.137e+06  2.026e+06 -7.157e+05      2e+06 -2.926e+05  9.438e+05  1.593e+06   3.12e+05  1.365e+06  2.161e+06  1.235e+06  1.256e+06  1.687e+06  2.269e+05  1.691e+06  2.301e+06  1.843e+06  5.484e+05  1.592e+06  5.208e+05  1.642e+06  1.888e+06  2.286e+06  2.608e+06  2.276e+06  1.678e+06  3.302e+06  2.808e+06 -2.545e+05   1.69e+06  2.218e+06  1.605e+06  2.028e+06  6.684e+05   2.13e+06  1.501e+06  1.911e+06  1.454e+06  2.036e+05  8.118e+05  2.098e+06  1.825e+06 -2.029e+06  1.481e+06  1.241e+06  7.715e+05  4.142e+05   2.18e+06  7.838e+05  1.622e+06  -1.95e+05  2.713e+05  5.792e+05  1.748e+06  1.634e+06  9.497e+05  1.898e+06   1.95e+06  1.961e+06  1.891e+06  5.267e+05  1.685e+06  1.584e+06  1.546e+06   -1.9e+06  3.132e+06  7.519e+05  1.796e+06  2.233e+06  3.293e+06  1.358e+06  2.203e+06  6.005e+04   4.39e+05  8.566e+05  -5.99e+05  1.661e+06  3.153e+06   3.64e+06  2.465e+06  1.421e+06  1.199e+06  3.737e+06 -3.899e+05  1.493e+06  2.333e+06   1.98e+06  2.572e+06  2.717e+06  3.593e+06  1.264e+05  3.368e+06  1.682e+06  2.339e+06 -2.724e+05  3.254e+06  6.092e+05   1.65e+06  4.537e+06  1.833e+06  1.783e+06  8.793e+05
 -1.041e+07 -3.606e+07 -4.139e+08 -3.013e+07 -3.165e+07 -5.612e+06  -5.82e+05  1.954e+06  1.614e+06  2.681e+06  6.823e+05  1.729e+06  8.881e+05  1.114e+06  2.493e+06 -6.394e+05  -2.09e+06  8.334e+05  1.206e+06  1.474e+06 -1.324e+06 -3.974e+05   1.05e+06  1.349e+06  2.262e+06  1.074e+06  1.804e+06  1.011e+06   8.98e+05  2.581e+06  4.148e+06  4.197e+06 -4.791e+05  1.756e+06   2.11e+06  2.815e+06  5.724e+05    1.8e+06  2.437e+05 -2.531e+05  3.509e+06 -1.408e+06  3.953e+06  2.358e+06 -1.108e+06  6.014e+05 -8.936e+04  1.591e+06  2.618e+06 -8.395e+05 -3.527e+06  1.099e+06 -1.398e+06   7.23e+05  2.399e+06  1.335e+06 -6.468e+05  1.583e+06  5.846e+04  9.985e+05  1.003e+06  2.117e+06  2.129e+06  2.459e+06  1.216e+06  3.597e+06  3.969e+06  6.536e+05  1.744e+06  2.126e+06  1.262e+06  2.055e+06  5.104e+05  1.334e+06 -5.399e+05  1.325e+06  1.277e+06  1.142e+06  1.159e+06  2.538e+06    1.2e+06   -3.5e+06 -1.004e+05   2.09e+06  -2.07e+05  7.145e+05  2.341e+06  -6.48e+05  1.096e+06 -1.744e+05  1.962e+06  9.917e+05  1.618e+06 -4.943e+05  8.341e+05  1.582e+06   1.94e+06  2.661e+06  1.804e+06 -1.292e+06  1.616e+06  1.887e+05  2.903e+05 -6.302e+05  2.908e+06  2.706e+06  3.387e+06  2.715e+06  3.352e+06 -2.598e+05  6.605e+05  2.806e+06  1.983e+06  2.174e+06 -7.567e+06  2.654e+06  3.702e+06  3.598e+06  4.954e+06  5.011e+06  1.512e+06  2.106e+06  4.286e+06  4.504e+06  1.912e+06  2.329e+06  2.978e+06  2.801e+06  3.275e+06 -9.948e+05   2.47e+06 -1.659e+04  2.571e+06  7.483e+05  3.297e+06   4.26e+06  3.088e+06  5.428e+06   3.67e+06  2.415e+06  1.074e+06
 -1.997e+06  -5.47e+06 -3.013e+07 -1.503e+08 -4.169e+06 -9.077e+05  1.125e+06  2.207e+06  9.621e+05  2.542e+06   1.11e+06  1.741e+06  1.259e+06  8.865e+05  2.607e+06  6.659e+05  1.274e+06  1.164e+06  1.307e+06  1.149e+06  7.745e+05  1.059e+06      7e+05   1.21e+06  2.052e+06  1.683e+06  2.248e+05  1.471e+06  2.487e+06  1.836e+06  2.626e+06   2.52e+06  -7.38e+04  1.281e+06   6.75e+05  2.345e+06  9.259e+05  2.144e+06  1.615e+06  1.736e+06  2.318e+06  1.421e+06  3.898e+06  1.328e+06  1.121e+06  2.039e+06  9.045e+05  2.447e+06  2.176e+06  1.999e+05  5.404e+05  1.286e+06  4.435e+05  1.429e+06  2.357e+06   9.23e+05 -6.936e+04  1.502e+06 -9.027e+05  1.308e+06      2e+06  2.042e+06  1.917e+06  1.982e+06  2.017e+06  2.735e+06  2.345e+06  1.464e+06  1.828e+06  1.115e+06    1.3e+06  2.169e+06  1.502e+06  1.836e+06  1.489e+06  1.605e+06  1.826e+06  1.264e+06   1.88e+06    2.1e+06  1.791e+06  1.232e+06  1.446e+06  1.876e+06  1.536e+06  1.258e+06  2.099e+06  9.358e+05   1.81e+06  1.654e+06  8.579e+05  1.999e+06  2.431e+06  4.924e+05  1.497e+06  2.146e+06  1.879e+06  2.012e+06  1.906e+06  8.889e+05  2.108e+06  1.602e+06  1.188e+06 -2.324e+06  2.752e+06  1.857e+06  1.718e+06   2.14e+06   2.65e+06  1.068e+06  1.632e+06  1.141e+06  1.963e+06  2.477e+06   2.39e+06  1.652e+06  4.849e+06  2.729e+06  3.434e+06  3.383e+06  2.539e+06  2.306e+06  2.995e+06  1.238e+06  2.236e+06  2.342e+06  2.212e+06  1.339e+06  2.816e+06  -6.29e+05   2.08e+06     -908.7  1.084e+06  1.034e+06  2.078e+06  4.123e+05  1.892e+06  4.589e+06  2.512e+06  1.709e+06  1.249e+06
 -5.697e+05 -4.507e+06 -3.165e+07 -4.169e+06 -1.166e+08  6.814e+05  1.989e+06  2.266e+06  1.662e+06  1.978e+06  2.696e+06   2.23e+06  2.305e+06  2.122e+06   2.04e+06  1.606e+06  2.556e+06  2.107e+06  1.667e+06  1.954e+06   1.54e+06   2.82e+06  1.498e+06  2.151e+06  2.391e+06  2.434e+06  2.965e+06  2.377e+06  1.506e+06  2.524e+06   1.22e+06  1.911e+06  2.275e+06  2.869e+06  2.876e+06  2.126e+06  2.294e+06  2.411e+06  2.115e+06  2.737e+06  1.595e+06  5.972e+05  1.768e+06  3.896e+06  1.544e+06  1.605e+06  9.689e+05  1.785e+06  1.303e+06  2.989e+06  2.123e+06  1.739e+06  1.396e+06   2.59e+06  2.255e+06  2.129e+06  2.606e+06  1.956e+06  1.094e+05   2.66e+06  2.336e+06  2.114e+06  2.213e+06  2.018e+06  2.112e+06  2.878e+06  1.628e+06  2.047e+06  2.556e+06  2.488e+06  2.065e+06   2.11e+06  2.666e+06  2.339e+06  2.351e+06  2.108e+06  2.378e+06   2.01e+06  2.157e+06  2.228e+06  1.979e+06  2.682e+06  2.213e+06  2.614e+06  2.487e+06  1.645e+06  3.365e+06   3.31e+06  2.129e+06   2.88e+06  2.365e+06  2.731e+06  2.546e+06  2.385e+06  2.049e+06  2.045e+06  2.855e+06  2.627e+06  2.117e+06  1.258e+06  1.595e+06  1.821e+06  2.609e+06 -1.341e+06  1.548e+06   2.18e+06      3e+06  1.349e+06  2.768e+06  2.669e+06  1.072e+06  2.265e+06  1.063e+06  1.513e+06 -2.447e+05  1.046e+06 -2.143e+06  3.651e+06  2.557e+04  3.804e+06   1.23e+06  1.628e+06  1.101e+06  2.991e+06  2.145e+06  2.287e+06  2.919e+06  1.386e+06  2.159e+06  2.079e+06  2.893e+06  3.452e+06  2.423e+06  3.292e+06  2.423e+06  1.968e+06  2.725e+06  4.086e+06  9.728e+05  2.724e+06  1.077e+06
 -3.049e+07 -8.126e+05 -5.612e+06 -9.077e+05  6.814e+05 -6.163e+07 -6.567e+05    4.2e+05  1.192e+06  2.004e+06 -9.546e+05   8.65e+05      -4284  7.306e+05  2.281e+06 -3.546e+06 -1.552e+06 -1.193e+06   4.54e+05  4.069e+05 -3.229e+06 -1.612e+06  9.332e+05 -2.613e+06  3.688e+05 -1.058e+06  1.732e+06 -6.243e+05  2.555e+06  1.075e+06  3.802e+06  3.606e+06 -5.144e+06 -5.886e+05    1.2e+06  1.564e+06 -5.645e+06  1.204e+06 -2.226e+06 -4.198e+05  2.187e+06  1.209e+06  4.317e+06   1.99e+06 -1.195e+06  4.091e+05 -1.247e+06  8.036e+05   2.13e+06  -2.29e+06 -5.312e+06  7.907e+05 -4.202e+06   -8.4e+05  1.729e+06  6.511e+05 -3.012e+06 -5.353e+04  -4.56e+06 -1.218e+06 -4.435e+05  1.858e+06  1.626e+06 -4.597e+05  7.172e+05  3.486e+06  4.005e+06  7.784e+05  9.391e+05  1.412e+06  -2.97e+06  9.518e+05 -2.311e+06  8.858e+05 -1.671e+06  4.522e+05 -4.141e+05  4.812e+05  5.714e+04  1.668e+06   1.26e+06 -1.744e+06  9.498e+05  7.755e+05 -7.366e+05 -4.011e+05  6.398e+05  9.383e+04  5.054e+05 -2.194e+05   2.49e+06  1.592e+06   2.13e+06 -2.161e+06 -6.574e+05  1.378e+06  2.774e+05  2.179e+06  1.386e+06 -3.284e+06   6.74e+05 -1.241e+06 -3.525e+05    2.2e+06   2.75e+06  1.719e+06  1.858e+06  1.791e+06  2.651e+06 -2.006e+04  4.956e+05   2.44e+05  2.293e+06  1.721e+06  1.534e+06  3.906e+06   2.96e+06  5.111e+06  4.619e+06  3.692e+06  4.192e+06  3.747e+06   5.49e+06  3.863e+06  1.105e+06  3.084e+06  1.689e+06  3.787e+06  4.876e+06      -1257  3.162e+06   8.98e+05  3.035e+06  1.483e+06   2.56e+06  -5.63e+04  2.932e+06  4.372e+06  4.895e+06  1.942e+06  7.187e+05
 -3.595e+05  1.832e+06  -5.82e+05  1.125e+06  1.989e+06 -6.567e+05 -2.509e+09 -5.397e+07 -6.647e+06  -1.97e+07 -1.247e+08 -2.578e+06  -6.43e+07 -7.341e+06 -1.443e+07 -4.734e+08 -2.545e+07 -1.444e+07 -4.664e+06 -4.471e+06 -3.741e+07 -3.273e+07     -5e+06 -3.326e+07 -1.237e+07 -3.038e+07 -8.932e+06 -1.649e+07  1.483e+05 -4.871e+06 -6.237e+05  1.688e+06 -6.866e+07 -2.736e+07 -1.144e+07 -4.173e+06 -5.967e+07 -1.157e+07 -2.252e+07 -1.514e+07 -9.999e+06 -1.515e+07  4.515e+06 -9.183e+06 -2.707e+07 -9.437e+06 -1.972e+07 -9.517e+06 -6.464e+06  -3.33e+07  -3.89e+07 -6.616e+06  -3.53e+07 -1.446e+07 -5.783e+06 -5.196e+06 -3.121e+07  -1.12e+07 -3.913e+07 -1.529e+07 -1.051e+07 -2.807e+06 -1.819e+06 -9.086e+06 -5.565e+06   2.22e+06  4.533e+06 -9.326e+06 -4.797e+06  -6.51e+05 -2.699e+07 -5.244e+06 -1.873e+07  -4.12e+06 -1.737e+07 -4.848e+06 -9.401e+06 -4.476e+06 -6.117e+06 -1.053e+06 -2.558e+06 -2.439e+06 -2.565e+06 -3.058e+06 -3.939e+06 -7.789e+06 -3.552e+06 -1.266e+06  -4.21e+04 -6.098e+06 -6.746e+05 -1.678e+05 -9.634e+05 -3.421e+07 -2.031e+07 -7.258e+06 -2.183e+07 -8.088e+06 -8.635e+06 -3.922e+07 -6.195e+06 -2.233e+07 -9.736e+06 -7.105e+06  1.264e+06 -5.516e+06  6.188e+05 -4.452e+06 -4.286e+06 -1.099e+07 -9.681e+06 -1.177e+07 -2.472e+06  1.963e+06 -8.918e+06 -9.777e+05  7.268e+05   6.79e+04  3.645e+06 -1.091e+07  5.216e+05  6.821e+05  4.655e+06  1.098e+07 -3.637e+06 -1.142e+06  1.828e+06  8.668e+06  4.128e+06 -1.058e+07 -3.959e+05 -1.197e+07   1.21e+06  -5.16e+06 -3.967e+06 -1.688e+07 -1.373e+07  6.596e+06  7.487e+06  3.692e+06  1.286e+06
   1.15e+06  2.125e+06  1.954e+06  2.207e+06  2.266e+06    4.2e+05 -5.397e+07 -3.167e+08 -1.887e+07 -6.334e+07 -1.642e+06  2.325e+04 -1.005e+06  1.365e+05       6700 -2.572e+07 -1.345e+07  -3.17e+06 -4.426e+05 -3.808e+05 -2.199e+07 -1.156e+07 -4.811e+05 -1.223e+07 -3.229e+06  -8.23e+06 -1.751e+06 -5.561e+06  9.199e+05 -2.721e+06  1.368e+06 -3.037e+05 -2.477e+07 -8.335e+06 -2.171e+06 -5.856e+05 -2.021e+07 -2.443e+06 -8.677e+06 -5.461e+06 -1.544e+05 -3.232e+06  2.572e+06 -3.419e+06 -5.803e+06  -1.91e+06 -7.313e+06 -2.854e+06 -1.143e+05 -1.279e+07  -1.72e+07 -1.057e+06 -1.709e+07 -4.466e+06  7.027e+04 -1.492e+05 -1.054e+07 -2.787e+06 -1.479e+07 -4.513e+06 -2.145e+06 -2.622e+05  6.564e+05 -2.038e+06 -2.597e+05  2.398e+06  3.963e+06 -2.704e+06 -3.698e+05  1.924e+05 -8.998e+06 -5.254e+05 -6.163e+06 -1.452e+05 -2.805e+06 -4.961e+05 -7.444e+05  3.262e+05 -5.343e+05  7.807e+05  8.562e+05 -3.582e+06  7.062e+04  1.106e+05 -1.381e+06 -1.417e+06  6.682e+05  7.958e+05  6.022e+05  1.504e+06  8.716e+04  3.457e+06  1.353e+06 -1.164e+07 -7.745e+06 -1.318e+06 -5.526e+06 -3.803e+05 -2.147e+06 -1.215e+07 -1.311e+06 -8.014e+06 -3.009e+06 -5.422e+06  1.829e+06 -2.081e+06 -5.464e+06  2.742e+05 -3.284e+05 -5.236e+06 -9.626e+05 -3.246e+06 -1.811e+06 -1.059e+06  4.152e+05  3.013e+06 -1.415e+05  2.968e+06   2.58e+06 -3.185e+06      8e+05  1.688e+06  3.835e+06  7.918e+05  1.751e+06  1.024e+06 -2.285e+05  2.069e+06  3.285e+06 -1.538e+06  8.492e+05 -2.466e+06  7.224e+05  -2.65e+06  1.379e+06 -7.906e+05  -1.01e+04  2.399e+06  3.288e+06 -8.637e+04  1.449e+06
  1.317e+06  1.579e+06  1.614e+06  9.621e+05  1.662e+06  1.192e+06 -6.647e+06 -1.887e+07 -9.806e+07  1.289e+06 -2.515e+05  7.125e+05   -1.4e+05 -2.259e+05  8.487e+05 -3.769e+06 -1.801e+06 -1.131e+05  7.632e+05  6.977e+05 -3.974e+06 -2.638e+06 -8.041e+05 -1.167e+06  2.908e+05 -8.836e+05 -8.364e+05 -5.087e+05  7.612e+05   1.39e+06  1.214e+06 -4.297e+05 -5.633e+06 -1.581e+06  -7.65e+05  1.126e+06 -3.674e+06  1.469e+05 -6.672e+05  3.241e+05  7.597e+05 -4.629e+05  1.605e+06       5096 -1.716e+05  7.047e+05  6.057e+05  8.481e+05  3.473e+05 -1.461e+06 -2.771e+06  6.388e+04 -1.539e+06  1.107e+05  1.187e+06  8.307e+05 -1.811e+06  5.493e+05 -5.666e+06  5.728e+05  8.631e+05  7.007e+05  1.022e+06  6.221e+05  1.304e+06  2.061e+06  2.179e+06  1.312e+06  1.433e+06  9.999e+05 -5.084e+05  1.139e+06  2.099e+05  1.233e+06  1.751e+05  9.994e+05  1.316e+06   1.78e+06  7.914e+05  1.655e+06  1.156e+06  1.044e+06   1.92e+06  1.548e+06  9.544e+05  1.223e+06  1.223e+06  1.409e+06  2.325e+06  2.845e+06  1.288e+06  6.244e+04  1.828e+06 -1.459e+06 -1.273e+06   9.34e+05 -8.536e+05  9.148e+05   9.13e+05 -1.907e+06  9.051e+05 -1.177e+06 -1.512e+05 -2.599e+06  8.748e+04  7.025e+05  3.489e+05  1.145e+06  9.833e+05 -1.095e+06  1.138e+05 -2.868e+05 -5.716e+04  2.005e+06 -1.051e+06 -2.823e+05 -9.315e+05  2.358e+06   1.56e+06  6.415e+05   -1.3e+06 -5.769e+05  1.703e+06  3.012e+06 -4.944e+05  1.122e+06  1.836e+06  1.335e+06  7.419e+05 -2.763e+05  1.476e+06 -2.773e+06 -2.472e+05 -5.473e+05  9.927e+05 -1.313e+06  1.326e+06  2.041e+06 -1.846e+06  7.491e+05  1.069e+06
  2.376e+06  2.328e+06  2.681e+06  2.542e+06  1.978e+06  2.004e+06  -1.97e+07 -6.334e+07  1.289e+06 -1.263e+08  8.158e+05  1.055e+06  7.539e+05   1.13e+06  7.688e+05     -1e+07 -5.583e+06 -5.181e+05  8.963e+05  9.493e+05 -7.748e+06 -4.233e+06  8.238e+05 -5.712e+06 -7.169e+05 -3.531e+06  7.984e+05 -1.685e+06  7.522e+05 -6.121e+05  1.399e+06 -2.329e+05 -1.158e+07 -2.568e+06   6.59e+05  1.703e+05 -7.793e+06       4845 -2.532e+06 -1.515e+06 -1.694e+06 -1.748e+06  1.714e+06 -4.577e+06 -3.565e+06 -1.312e+06 -3.032e+06 -9.246e+05 -2.527e+05 -6.012e+06 -8.734e+06   6.32e+05 -6.713e+06 -1.285e+06  6.423e+05  1.213e+06 -3.653e+06 -5.642e+04 -5.686e+06 -9.654e+05  2.172e+05  1.398e+06  1.377e+06 -4.678e+05  1.047e+06   3.26e+06  2.714e+06 -2.557e+05  4.175e+05  1.103e+06  -3.93e+06  7.902e+05  -1.29e+06  1.233e+06 -4.498e+05   1.24e+06  2.149e+06  1.865e+06  1.688e+06   2.08e+06  2.046e+06  1.029e+06    1.6e+06  1.983e+06  1.339e+06  1.596e+06  2.551e+06  3.213e+06  2.982e+06  2.296e+06   1.85e+06  4.337e+06  2.166e+06 -4.917e+06 -2.895e+06  2.723e+05 -1.768e+06  9.413e+05 -5.064e+05 -4.819e+06  6.182e+04 -1.965e+06   -1.7e+05 -5.323e+06  1.356e+06  4.507e+05 -7.086e+05  3.066e+05  8.091e+05   -7.5e+05  8.166e+05  1.745e+04 -1.343e+06  7.506e+05  1.341e+06  1.728e+06 -1.752e+06  3.052e+05  1.531e+06 -7.961e+06  2.841e+06  1.156e+06  1.613e+06 -1.265e+06   2.74e+06  1.656e+06  8.286e+05  1.585e+06  3.698e+06 -1.407e+06  1.187e+06  1.162e+06  1.096e+06 -6.316e+05  7.321e+05  6.494e+05 -1.027e+06 -3.421e+06  1.488e+06   1.05e+06  1.544e+06
 -7.172e+05   1.59e+06  6.823e+05   1.11e+06  2.696e+06 -9.546e+05 -1.247e+08 -1.642e+06 -2.515e+05  8.158e+05 -5.662e+08 -4.178e+06 -1.572e+08 -9.495e+06 -2.292e+07 -6.106e+07 -1.632e+07 -9.495e+06  -2.46e+06 -2.721e+06 -2.729e+07 -1.843e+07 -2.536e+06 -2.063e+07 -7.074e+06 -1.658e+07 -3.465e+06 -1.131e+07 -7.967e+05 -3.937e+06  3.006e+06  1.623e+06 -3.668e+07 -1.659e+07 -6.166e+06 -2.325e+06 -3.083e+07 -5.168e+06 -1.352e+07 -9.482e+06 -6.157e+06 -6.571e+06  4.864e+06  2.206e+05 -1.321e+07 -5.377e+06 -9.149e+06 -5.348e+06 -2.008e+06 -1.801e+07 -3.321e+07 -4.097e+06 -3.175e+07  -1.02e+07 -1.626e+06   -3.1e+06  -2.21e+07 -7.815e+06 -2.645e+07 -9.631e+06 -4.312e+06 -6.622e+05 -7.604e+05 -8.893e+06 -3.438e+06  2.327e+06  4.882e+06 -7.829e+06 -2.831e+06 -1.645e+06 -1.909e+07 -2.558e+06 -1.583e+07 -2.988e+06 -1.118e+07 -2.225e+06 -6.557e+06 -3.965e+06 -3.564e+06  5.396e+05  5.383e+04 -4.097e+06 -1.708e+06 -2.154e+06 -4.039e+06 -3.783e+06 -1.615e+06 -2.775e+06  -1.41e+06 -2.407e+06  7.687e+05  2.556e+05  5.986e+05 -1.843e+07  -1.62e+07 -4.357e+06  -1.05e+07 -3.027e+06 -4.326e+06 -2.259e+07 -3.741e+06  -1.11e+07 -7.428e+06 -3.465e+06  1.679e+06 -3.003e+06 -7.294e+06 -2.532e+06  8.846e+05 -8.248e+06 -5.622e+06 -2.851e+06 -2.172e+06  1.776e+06 -7.328e+06  4.519e+06 -4.109e+06  4.668e+06  4.377e+06  3.049e+06  4.102e+06  2.698e+06  4.456e+06  1.478e+06 -2.965e+06  2.335e+05 -7.238e+05  3.166e+06  5.359e+06 -7.357e+06  8.032e+05 -7.645e+06   6.01e+05 -3.474e+06  1.982e+06 -5.162e+06  2.201e+06  2.992e+06  5.223e+06  6.948e+04  1.309e+06
  1.304e+06  2.023e+06  1.729e+06  1.741e+06   2.23e+06   8.65e+05 -2.578e+06  2.325e+04  7.125e+05  1.055e+06 -4.178e+06 -6.865e+07 -1.413e+05 -6.683e+05  1.152e+06 -2.661e+06 -2.293e+06  -3.08e+06 -2.695e+05 -8.457e+04  -1.58e+06   -2.4e+06   1.54e+05 -2.944e+06 -3.636e+05 -2.244e+06  7.713e+05 -1.294e+06  1.703e+06  1.174e+05  2.627e+06  2.182e+06 -4.191e+06 -1.629e+06      -1611  7.282e+05 -2.724e+06  3.898e+05 -1.392e+06 -1.063e+06  3.761e+05 -3.344e+05  3.073e+06 -3.529e+05 -2.013e+06 -1.227e+05  -2.55e+06  2.382e+05  7.451e+05  -2.04e+06 -7.442e+06 -4.182e+05 -4.721e+06 -1.942e+06  5.369e+05   9.52e+04 -2.275e+06 -1.552e+04 -4.253e+06 -1.369e+06 -1.928e+05  1.211e+06  1.262e+06 -7.176e+05  6.329e+05  2.035e+06  2.734e+06  1.899e+05  4.264e+05  7.109e+05  -3.59e+06  5.932e+05 -1.914e+06  5.145e+05 -1.278e+06  5.781e+05 -3.662e+05  4.495e+05   1.71e+05  1.356e+06  7.321e+05 -1.307e+05  7.829e+05  9.431e+05 -2.277e+05  1.601e+04   1.01e+06  8.676e+04  3.138e+05  2.044e+05  1.599e+06  2.316e+06  1.384e+06  -2.16e+06 -1.574e+06  8.961e+05 -2.531e+05   1.34e+06  1.078e+05 -3.264e+06 -1.774e+05  -1.09e+06 -6.453e+04 -7.654e+05  1.881e+06  5.958e+05  9.504e+04  1.038e+06  1.706e+06 -1.126e+06  1.086e+06  5.442e+05  1.933e+06  1.719e+06  1.316e+06  2.535e+06  4.943e+06  2.486e+06    2.8e+06 -8.778e+05  1.747e+06 -7.397e+04  3.222e+06  2.582e+06  6.233e+05  1.596e+06  1.913e+06   3.25e+06  2.577e+06  -5.47e+05  1.851e+06 -8.567e+05  2.085e+06  1.655e+06  1.994e+06 -1.067e+06  2.488e+06  2.375e+05  2.325e+06   1.58e+06  1.014e+06
  5.401e+05  1.453e+06  8.881e+05  1.259e+06  2.305e+06      -4284  -6.43e+07 -1.005e+06   -1.4e+05  7.539e+05 -1.572e+08 -1.413e+05  -6.09e+08 -2.224e+07 -5.438e+07 -3.015e+07 -1.262e+07 -4.734e+06 -7.027e+05 -9.248e+05 -2.597e+07 -1.372e+07 -2.084e+06 -1.493e+07 -4.301e+06 -1.286e+07 -3.316e+06 -6.427e+06 -2.049e+06 -3.229e+06  1.892e+06  4.919e+05 -2.707e+07 -9.901e+06 -3.238e+06 -8.907e+05 -2.457e+07 -4.999e+06 -9.592e+06 -7.557e+06  -2.18e+06  -7.43e+06  4.695e+06   -7.3e+06 -8.817e+06 -4.133e+06 -7.724e+06 -2.092e+06 -1.699e+06 -1.438e+07 -2.009e+07 -1.389e+06 -1.678e+07 -6.202e+06 -3.874e+05 -1.031e+06 -1.431e+07 -5.451e+06 -2.031e+07 -6.562e+06 -2.874e+06 -6.887e+04   3.18e+05 -3.916e+06 -2.493e+06  7.921e+05  4.046e+06 -7.126e+06 -1.748e+06 -6.452e+05 -1.264e+07 -1.526e+06 -9.144e+06 -1.272e+06 -7.899e+06 -1.636e+06 -3.182e+06  -2.65e+06 -1.237e+06  3.242e+05   1.79e+06  1.061e+06 -4.911e+05 -1.942e+06 -3.246e+06 -1.428e+06 -5.876e+05  4.594e+05 -1.388e+06 -2.998e+06 -2.016e+06  1.325e+06  2.005e+04 -1.853e+07 -1.089e+07 -2.856e+06 -8.935e+06 -3.602e+06 -2.643e+06 -1.863e+07 -2.253e+06 -9.178e+06 -6.286e+06 -1.318e+07  4.428e+05 -1.608e+06 -3.251e+06 -6.217e+05 -1.919e+06 -7.927e+06 -6.544e+06 -2.803e+06 -1.266e+06 -1.101e+06 -8.303e+06  2.883e+05  -6.54e+06  1.838e+06  3.518e+06 -5.382e+06  1.978e+06 -3.592e+06 -9.178e+05  1.381e+06 -4.018e+06  1.494e+06   6.61e+05  5.862e+06  3.603e+06 -7.406e+06 -8.144e+05 -6.376e+06  1.412e+05 -3.786e+06  5.303e+05 -1.093e+07 -4.053e+06 -2.689e+06 -6.063e+05 -2.702e+05  1.471e+06
  1.054e+06   1.93e+06  1.114e+06  8.865e+05  2.122e+06  7.306e+05 -7.341e+06  1.365e+05 -2.259e+05   1.13e+06 -9.495e+06 -6.683e+05 -2.224e+07 -1.476e+08  6.079e+05  -6.55e+06 -3.422e+06 -2.304e+06 -1.688e+05 -1.491e+05 -5.467e+06  -6.51e+06 -1.054e+06  -6.49e+06 -1.379e+06 -4.157e+06 -2.463e+06 -3.014e+06  9.436e+05 -2.471e+06  2.585e+06  8.931e+05 -7.927e+06 -4.412e+06 -3.168e+06  7.487e+05 -7.386e+06  -5.56e+05  -4.12e+06 -3.046e+06 -4.951e+05 -1.183e+06  4.581e+06  1.635e+06 -3.711e+06 -1.916e+05 -1.965e+06 -5.759e+05   5.14e+05 -3.674e+06 -9.121e+06 -5.948e+05 -8.594e+06 -3.092e+06  7.876e+05 -7.332e+05 -4.907e+06 -1.202e+06 -1.003e+07 -3.116e+06 -1.009e+06  7.916e+05  1.068e+06 -1.263e+06 -3.331e+04  2.353e+06  3.227e+06 -1.886e+06 -8.156e+05 -1.579e+05 -4.106e+06  5.048e+05 -3.516e+06  -4.17e+05 -3.761e+06 -3.045e+05 -1.237e+06 -4.204e+05 -5.727e+05  1.494e+06  6.544e+05 -1.458e+06  2.624e+05 -1.748e+04 -1.852e+06 -8.862e+05 -2.467e+05 -1.021e+06 -3.312e+05  4.857e+05 -1.982e+05  5.076e+05  3.898e+05 -5.006e+06 -3.651e+06 -7.418e+05 -2.199e+06  1.994e+05 -4.837e+05 -5.388e+06 -4.944e+05 -3.251e+06 -2.226e+06 -2.426e+06  7.452e+05 -5.683e+05 -2.075e+06  4.855e+05  1.063e+06 -2.465e+06 -2.157e+06 -2.236e+06   -9.2e+05  5.723e+05  -7.88e+05  1.983e+06  5.715e+05  3.234e+06  3.011e+06  1.573e+06  3.789e+06 -1.626e+05  2.427e+06  1.337e+06  1.565e+06  1.312e+06  4.109e+05  3.214e+06  3.868e+06 -2.831e+06  1.591e+06 -2.596e+06 -1.035e+06 -1.304e+06   1.16e+06 -4.833e+05  1.007e+06  3.472e+06  2.962e+06 -6.941e+05  1.297e+06
  2.487e+06  2.229e+06  2.493e+06  2.607e+06   2.04e+06  2.281e+06 -1.443e+07       6700  8.487e+05  7.688e+05 -2.292e+07  1.152e+06 -5.438e+07  6.079e+05 -2.107e+08 -7.255e+06 -2.306e+06  4.123e+05  1.164e+06  1.393e+06 -5.938e+06 -3.232e+06  4.327e+05 -3.014e+06 -1.403e+05 -2.238e+06   9.07e+05 -8.297e+05 -2.085e+06 -7.635e+05 -1.263e+06 -1.109e+06 -9.933e+06 -9.246e+05  1.217e+06  -2.21e+05 -1.261e+07 -2.638e+06 -1.899e+06  -8.87e+05  3.353e+05 -1.961e+06  6.869e+05  -1.96e+06 -5.402e+06  -1.07e+06 -2.873e+06  6.218e+05 -2.813e+06 -3.304e+06 -6.015e+06      7e+05 -3.733e+06 -1.196e+05  3.288e+05  1.562e+06  -5.04e+06 -1.772e+05 -6.982e+06  3.896e+05  4.341e+05  7.838e+05  1.466e+06  8.874e+05   8.33e+05  2.143e+06  2.101e+06 -8.143e+05   7.14e+05  1.564e+06  -1.61e+06  1.303e+06  -9.63e+05  1.358e+06 -8.186e+05  1.839e+06  1.774e+06  1.314e+06  2.002e+06  1.603e+06  2.183e+06 -2.346e+06  1.864e+06  9.067e+05  1.601e+06  1.978e+06  2.974e+06  1.824e+06  3.622e+06  2.071e+06 -2.822e+06  3.328e+06   1.43e+06  -4.67e+06 -2.582e+06 -7.899e+05 -1.379e+06 -6.323e+04   6.31e+05 -4.787e+06  5.348e+05 -1.171e+06  3.998e+05 -1.072e+07  9.226e+05 -5.667e+05 -1.749e+06 -7.038e+05 -8.914e+05 -1.267e+06 -2.179e+05  -1.07e+06 -4.523e+06 -2.003e+06 -4.101e+06 -4.932e+06 -1.466e+06  6.963e+04 -6.363e+05 -7.379e+06  3.428e+05   2.44e+05 -4.769e+06 -1.337e+06 -2.095e+06  1.903e+06  1.553e+05 -9.967e+05  2.604e+06 -1.618e+06  2.326e+06 -1.452e+06  6.554e+05 -9.609e+05  1.474e+06  1.063e+06 -4.454e+06 -7.515e+05  3.113e+05 -2.389e+06  1.618e+06
 -1.998e+06  1.716e+06 -6.394e+05  6.659e+05  1.606e+06 -3.546e+06 -4.734e+08 -2.572e+07 -3.769e+06     -1e+07 -6.106e+07 -2.661e+06 -3.015e+07  -6.55e+06 -7.255e+06 -1.465e+09 -3.065e+07 -1.144e+07 -2.573e+06 -4.012e+06 -3.763e+07 -2.524e+07 -3.057e+06 -2.565e+07 -1.016e+07 -1.959e+07 -5.532e+06 -1.384e+07 -1.144e+06 -5.233e+06 -2.894e+05  1.945e+06 -5.481e+07 -2.058e+07 -8.541e+06  -3.19e+06 -6.546e+07 -1.012e+07 -1.992e+07  -1.41e+07 -7.824e+06 -1.043e+07  2.624e+06 -1.022e+07 -1.814e+07  -7.93e+06 -1.554e+07  -7.48e+06 -3.774e+06 -3.459e+07 -3.632e+07  -5.24e+06 -3.909e+07 -1.281e+07 -3.269e+06 -4.278e+06  -2.39e+07 -8.341e+06 -3.149e+07 -1.551e+07 -7.811e+06 -1.429e+06 -1.749e+06  -1.05e+07 -3.126e+06  8.612e+05   4.67e+06 -5.822e+06 -5.284e+06 -1.326e+06 -2.124e+07 -5.002e+06 -1.591e+07 -2.655e+06 -1.471e+07 -4.433e+06 -7.499e+06 -7.897e+06 -5.527e+06 -1.386e+06 -2.003e+06 -5.811e+06 -3.874e+06 -3.722e+06 -8.943e+06  -9.32e+06 -2.803e+06 -6.237e+06 -1.192e+06  -7.37e+06 -3.885e+06  9.406e+05 -2.173e+06 -2.969e+07 -2.048e+07 -6.963e+06 -1.328e+07 -5.521e+06 -6.204e+06 -3.324e+07 -5.889e+06  -2.16e+07 -9.607e+06 -1.202e+07  1.884e+06 -5.733e+06 -3.171e+06 -4.975e+06 -1.358e+06 -1.411e+07 -6.961e+06  -1.03e+06 -1.421e+06 -1.927e+06 -4.951e+06  1.037e+06  1.161e+06  1.752e+06  1.665e+06 -1.166e+06  3.995e+06 -3.789e+06  3.907e+06   8.25e+06  8.098e+05   3.29e+05 -4.936e+06  4.334e+06  2.396e+06 -1.052e+07  2.785e+06 -6.557e+06 -4.223e+06 -7.932e+06 -2.523e+06 -9.963e+06 -1.001e+06  9.863e+05  1.119e+06 -6.599e+06  9.429e+05
 -5.585e+05    1.3e+06  -2.09e+06  1.274e+06  2.556e+06 -1.552e+06 -2.545e+07 -1.345e+07 -1.801e+06 -5.583e+06 -1.632e+07 -2.293e+06 -1.262e+07 -3.422e+06 -2.306e+06 -3.065e+07 -1.577e+09 -1.206e+06 -5.545e+05 -1.177e+06   -5.6e+08 -2.795e+07  -3.28e+06 -2.578e+07  -1.14e+07 -2.041e+07 -7.266e+06 -1.194e+07 -3.061e+06 -1.007e+07  3.079e+06 -1.322e+06 -1.358e+08 -2.638e+07 -9.783e+06 -2.335e+06  -9.01e+07 -1.212e+07 -4.263e+07 -2.134e+07 -6.876e+06 -1.165e+07  3.997e+06 -1.539e+07 -2.757e+07 -1.159e+07 -2.119e+07 -7.622e+06 -4.512e+06 -1.112e+08 -4.423e+07 -6.199e+06 -4.143e+07 -1.545e+07  -5.52e+06  -3.86e+06 -3.188e+07  -1.16e+07 -3.751e+07 -1.717e+07 -5.874e+06 -1.459e+06 -4.207e+05 -6.937e+06 -4.611e+06  3.263e+06  4.941e+06 -8.834e+06  -4.36e+06 -4.381e+06 -2.429e+07 -5.225e+06 -1.938e+07  -3.22e+06 -1.076e+07 -3.488e+06 -4.672e+06 -4.078e+06 -5.124e+06   3.03e+05 -2.177e+06 -5.506e+06 -2.244e+06 -5.146e+06 -5.529e+06 -6.186e+06 -1.744e+05   4.04e+05  4.691e+05  1.217e+04 -6.924e+06   4.92e+06   -8.6e+05 -4.105e+07 -2.608e+07 -6.588e+06 -1.928e+07 -5.835e+06 -9.007e+06 -4.244e+07 -5.748e+06 -2.793e+07 -1.145e+07 -1.008e+07 -7.939e+05 -7.708e+06 -1.632e+07 -3.628e+06 -2.589e+06 -1.352e+07 -7.098e+06 -9.017e+06 -3.209e+06 -6.282e+06 -9.358e+06 -7.709e+05  2.039e+06  1.158e+06  2.469e+06 -7.551e+06 -2.043e+06 -9.967e+06  2.865e+06 -7.214e+06  -3.35e+06 -1.622e+06  -3.34e+06  2.522e+06  3.921e+05 -1.068e+07 -5.117e+05 -2.737e+07  1.427e+05 -7.082e+06  2.214e+05 -1.923e+07   1.97e+06  -8.12e+06  4.438e+05 -7.175e+06  1.459e+06
  1.631e+05  1.673e+06  8.334e+05  1.164e+06  2.107e+06 -1.193e+06 -1.444e+07  -3.17e+06 -1.131e+05 -5.181e+05 -9.495e+06  -3.08e+06 -4.734e+06 -2.304e+06  4.123e+05 -1.144e+07 -1.206e+06 -2.487e+08 -2.379e+07 -3.412e+07 -2.093e+07 -1.154e+07 -5.073e+06 -1.567e+07 -4.648e+06 -8.804e+06 -2.697e+06   -8.5e+06 -2.132e+05 -2.631e+06  2.521e+06  1.974e+06 -1.573e+07  -9.93e+06 -4.534e+06 -2.268e+06 -1.703e+07 -4.169e+06 -1.049e+07 -6.672e+06 -1.328e+06 -1.962e+06  3.916e+06 -1.153e+07 -1.036e+07 -5.222e+06 -1.064e+07 -4.153e+06 -2.066e+06 -8.222e+06 -2.668e+07 -4.448e+06 -2.341e+07 -8.264e+06 -1.335e+06 -2.593e+06 -1.258e+07 -4.396e+06 -2.334e+07 -7.097e+06  -6.89e+06 -7.701e+05 -2.546e+06 -4.624e+06 -1.967e+06  2.506e+06  3.695e+06 -6.032e+06 -1.965e+06 -1.469e+06 -1.541e+07 -2.552e+06 -9.604e+06 -1.561e+06 -7.213e+06 -1.975e+06 -4.431e+06 -3.413e+06 -7.169e+06 -5.425e+06 -6.495e+05 -9.669e+06 -2.173e+06 -1.259e+06 -4.157e+06 -4.273e+06 -9.993e+05 -3.337e+06 -2.688e+06 -1.187e+06 -1.842e+06  1.241e+05 -4.757e+05 -8.412e+06 -7.897e+06 -1.555e+06 -6.579e+06 -9.477e+04 -3.533e+06 -1.108e+07 -3.412e+06 -6.672e+06 -3.983e+06 -3.668e+06 -1.002e+05 -1.547e+06 -1.011e+06 -1.945e+06  5.486e+05 -4.659e+06  -1.87e+07 -1.636e+07 -1.177e+05 -1.717e+07 -9.663e+05  2.443e+06 -3.652e+05 -5.139e+05  2.223e+06 -1.453e+07  4.639e+06  1.683e+06  4.617e+06  2.027e+06  1.308e+05  6.264e+05  8.471e+05  1.792e+06  4.662e+06 -6.944e+06  1.212e+06 -2.766e+06   1.09e+06 -1.582e+06  1.234e+06 -3.174e+06  4.706e+05 -1.068e+07    2.9e+06 -1.916e+06   1.01e+06
  8.863e+05  1.329e+06  1.206e+06  1.307e+06  1.667e+06   4.54e+05 -4.664e+06 -4.426e+05  7.632e+05  8.963e+05  -2.46e+06 -2.695e+05 -7.027e+05 -1.688e+05  1.164e+06 -2.573e+06 -5.545e+05 -2.379e+07 -6.139e+07  1.801e+06 -3.739e+06 -4.537e+06 -1.665e+05   -4.6e+06 -1.459e+06  -3.26e+06  7.163e+04 -2.624e+06  1.123e+06 -3.434e+05  1.864e+06   2.15e+06 -4.255e+06 -2.983e+06 -6.447e+05  1.674e+04 -4.536e+06 -4.337e+05 -2.742e+06 -1.983e+06 -1.897e+05 -1.262e+06  2.282e+06  1.766e+06 -3.209e+06 -7.962e+05 -2.462e+06 -6.056e+05  3.945e+05 -2.439e+06 -9.253e+06 -7.556e+05 -6.841e+06 -2.845e+06 -6.379e+04 -5.604e+05 -3.423e+06 -6.511e+05 -7.368e+06 -2.264e+06 -9.798e+05  5.255e+05  1.276e+06 -2.042e+06 -2.221e+05  2.279e+06  2.491e+06 -5.877e+05 -3.947e+05  1.635e+05 -4.031e+06 -5.863e+05 -2.652e+06  -1.05e+05 -1.929e+06 -9.797e+04 -9.876e+05 -2.233e+05 -2.425e+05  5.367e+05  9.657e+05 -2.631e+06 -3.016e+05 -2.089e+04 -1.001e+06 -1.404e+06  1.214e+05 -1.017e+06 -3.633e+05  1.306e+05  1.059e+06 -3.726e+05  4.427e+05 -1.857e+06 -1.892e+06  1.689e+05 -7.725e+05  9.467e+05  -4.55e+05 -3.312e+06 -4.388e+05 -2.147e+06 -1.043e+06 -7.108e+05  1.808e+06  2.772e+05 -6.539e+05  6.514e+05  1.517e+06 -8.078e+05   1.64e+05 -1.221e+06  1.244e+06  2.567e+05       2930  2.416e+06   1.68e+06  3.128e+06  1.789e+06  1.189e+06  2.793e+06  2.793e+06  3.179e+06   2.08e+06  5.602e+05  1.287e+06  1.266e+06  3.134e+06  3.434e+06  5.228e+05  1.642e+06  1.754e+05  1.848e+06  6.266e+05  2.113e+06  3.844e+05  1.978e+06   1.41e+06  2.901e+06  1.338e+06  8.549e+05
  8.043e+05  1.557e+06  1.474e+06  1.149e+06  1.954e+06  4.069e+05 -4.471e+06 -3.808e+05  6.977e+05  9.493e+05 -2.721e+06 -8.457e+04 -9.248e+05 -1.491e+05  1.393e+06 -4.012e+06 -1.177e+06 -3.412e+07  1.801e+06 -7.349e+07 -6.371e+06 -4.252e+06 -2.304e+05 -4.546e+06 -1.199e+06 -3.152e+06 -5.761e+05  -2.25e+06  1.078e+06 -5.285e+05  2.631e+06  2.113e+06 -5.792e+06 -3.066e+06 -7.315e+05 -1.413e+04 -6.753e+06 -4.785e+05 -3.955e+06 -2.323e+06  4.719e+05 -1.227e+06  2.931e+06  1.699e+06 -3.324e+06 -1.163e+06 -1.876e+06 -5.376e+05  1.909e+05 -3.712e+06 -7.228e+06 -6.147e+05 -6.481e+06 -2.603e+06  4.315e+05 -3.543e+05 -3.972e+06 -1.472e+06 -6.373e+06 -2.574e+06 -1.188e+06  3.737e+05  5.269e+05 -1.003e+06  5.941e+04  1.705e+06  2.751e+06 -5.116e+05 -1.829e+05  1.851e+05 -4.778e+06 -3.983e+05 -3.604e+06 -7.877e+04  -2.74e+06 -4.075e+04 -1.748e+06 -7.551e+05 -1.087e+06  6.259e+05  8.434e+05 -2.368e+06  2.956e+04 -1.451e+05 -1.108e+06 -1.079e+06  5.633e+05 -8.555e+04 -5.979e+05 -1.621e+05  6.879e+05  5.118e+05  1.035e+06 -3.816e+06 -2.707e+06  3.128e+05 -1.278e+06  7.069e+05 -3.844e+05 -4.852e+06 -7.156e+05 -2.914e+06 -1.192e+06 -6.799e+05  1.468e+06  1.169e+05   4.44e+05  7.735e+05  1.495e+06 -2.117e+06 -1.223e+06 -9.899e+05  1.221e+06  8.432e+05  1.504e+06  2.763e+06  1.713e+06  3.415e+06  3.042e+06  1.314e+06  2.501e+06  6.223e+05    3.2e+06  2.216e+06 -1.367e+05  1.547e+06   8.37e+05  2.582e+06  3.738e+06 -4.142e+05  1.536e+06 -1.555e+06  1.442e+06  1.742e+04  1.358e+06  3.266e+05  1.431e+06  1.608e+06  3.105e+06 -2.033e+05  1.002e+06
 -1.702e+06  8.329e+05 -1.324e+06  7.745e+05   1.54e+06 -3.229e+06 -3.741e+07 -2.199e+07 -3.974e+06 -7.748e+06 -2.729e+07  -1.58e+06 -2.597e+07 -5.467e+06 -5.938e+06 -3.763e+07   -5.6e+08 -2.093e+07 -3.739e+06 -6.371e+06 -3.325e+09  -5.67e+07 -4.868e+06  -4.02e+07 -1.375e+07 -2.862e+07 -1.342e+07  -2.33e+07 -1.035e+07  -1.31e+07 -2.745e+06 -4.817e+06 -2.646e+08 -4.358e+07 -1.539e+07 -7.581e+06 -1.694e+08 -2.185e+07 -7.072e+07 -3.274e+07 -1.414e+07 -1.827e+07  3.527e+06  -1.42e+07 -4.226e+07 -1.939e+07 -3.234e+07 -1.838e+07  -9.49e+06 -1.063e+08  -7.97e+07 -7.216e+06  -7.25e+07 -1.527e+07 -7.155e+06 -4.869e+06 -4.643e+07 -1.698e+07 -5.727e+07 -2.147e+07 -8.512e+06  -1.29e+06 -4.131e+06 -1.494e+07 -5.446e+06  1.069e+06   3.08e+06 -1.003e+07 -5.243e+06 -5.451e+06 -3.124e+07 -7.562e+06 -2.089e+07 -4.279e+06 -1.173e+07 -5.331e+06 -8.878e+06 -6.462e+06 -5.818e+06 -8.664e+05 -1.594e+06 -2.563e+07 -3.067e+06 -6.133e+06 -7.411e+06 -7.183e+06 -1.015e+06 -5.179e+06 -2.099e+06   -1.7e+06  -2.25e+07  5.284e+06 -5.079e+06 -6.594e+07 -3.925e+07 -1.227e+07 -2.757e+07 -9.761e+06 -8.006e+06 -6.597e+07 -1.046e+07  -3.19e+07  -1.46e+07 -1.041e+07 -6.709e+06 -1.179e+07 -5.856e+06 -6.312e+06 -4.252e+06 -1.963e+07 -6.838e+06 -1.707e+07 -1.378e+07 -9.754e+06 -1.685e+07 -1.056e+06 -8.356e+06 -8.703e+06  6.731e+06 -2.695e+07  -6.04e+06 -9.571e+06  2.828e+06 -3.173e+07 -1.459e+07       5982  -4.88e+06  6.219e+05  5.495e+06  -2.06e+07 -4.042e+06 -2.149e+07 -9.183e+06 -9.486e+06 -1.739e+06 -1.184e+07 -1.714e+07 -3.108e+06   1.38e+06 -1.031e+06  1.388e+06
 -3.347e+05  1.983e+06 -3.974e+05  1.059e+06   2.82e+06 -1.612e+06 -3.273e+07 -1.156e+07 -2.638e+06 -4.233e+06 -1.843e+07   -2.4e+06 -1.372e+07  -6.51e+06 -3.232e+06 -2.524e+07 -2.795e+07 -1.154e+07 -4.537e+06 -4.252e+06  -5.67e+07 -9.699e+08 -3.665e+06 -4.727e+08  -1.76e+07 -7.323e+07 -1.637e+07 -2.059e+07 -4.309e+06 -8.967e+06 -1.062e+06 -7.143e+06 -1.231e+08 -3.083e+07 -1.172e+07 -6.157e+06 -6.517e+07 -1.716e+07 -3.798e+07  -2.23e+07 -1.076e+07 -1.348e+07  4.613e+06 -5.179e+05 -3.096e+07 -1.284e+07 -2.877e+07 -1.391e+07 -6.762e+06 -3.114e+07 -6.116e+07 -6.497e+06 -4.351e+07 -1.967e+07 -5.723e+06 -4.287e+06 -3.326e+07 -1.084e+07  -6.15e+07 -1.977e+07 -7.567e+06 -2.424e+06 -2.019e+06 -1.113e+07 -5.961e+06  1.297e+06  5.473e+06 -8.076e+06 -5.227e+06 -3.535e+06 -2.971e+07 -4.875e+06 -1.746e+07 -4.138e+06 -1.338e+07 -4.147e+06 -7.764e+06 -4.504e+06 -2.455e+06 -6.191e+05 -1.381e+06 -1.125e+07 -2.492e+06 -4.906e+06 -9.479e+06 -5.629e+06 -2.966e+06 -4.152e+06 -5.191e+06 -4.883e+06 -2.922e+06  3.182e+06 -1.237e+06 -3.528e+07 -2.513e+07 -8.321e+06 -1.852e+07 -5.877e+06 -1.123e+07 -3.443e+07 -6.027e+06 -2.435e+07 -9.611e+06 -1.073e+07 -3.892e+06 -4.173e+06 -1.053e+07 -3.277e+06 -1.955e+06 -1.646e+07 -9.274e+06 -1.011e+07 -5.609e+06 -3.619e+06 -9.181e+06 -1.447e+06  -4.32e+06  4.268e+06  3.362e+06  6.679e+05  3.737e+06 -7.584e+06  1.177e+06  6.043e+06 -5.049e+06 -1.574e+06 -1.644e+06   3.44e+06  6.782e+06 -1.249e+07  1.276e+06 -8.051e+06 -2.521e+06 -8.124e+06 -6.625e+05 -6.751e+06 -1.301e+06 -1.946e+06  6.365e+06 -2.686e+05  1.095e+06
