
 72

((monodelphis_domestica: 0.073521, (notamacropus_eugenii: 0.058730, sarcophilus_harrisii: 0.067087): 0.016217): 0.127445, (((choloepus_hoffmanni: 0.055021, dasypus_novemcinctus: 0.072345): 0.030801, (echinops_telfairi: 0.132389, (procavia_capensis: 0.083536, loxodonta_africana: 0.046568): 0.016490): 0.030164): 0.003147, (((sorex_araneus: 0.155138, erinaceus_europaeus: 0.133520): 0.026220, ((sus_scrofa: 0.062440, (vicugna_pacos: 0.057645, (tursiops_truncatus: 0.040222, (bos_taurus: 0.014940, (ovis_aries: 0.006560, capra_hircus: 0.005135): 0.011577): 0.049926): 0.009447): 0.001001): 0.024513, ((pteropus_vampyrus: 0.062718, myotis_lucifugus: 0.085384): 0.018102, (equus_caballus: 0.059219, ((felis_catus: 0.005049, (panthera_tigris_altaica: 0.002509, panthera_pardus: 0.001815): 0.003461): 0.039177, (canis_familiaris: 0.044840, (mustela_putorius_furo: 0.042646, ailuropoda_melanoleuca: 0.030068): 0.009226): 0.010414): 0.026666): 0.001533): 0.001194): 0.003815): 0.011971, (((oryctolagus_cuniculus: 0.057578, ochotona_princeps: 0.099950): 0.055146, (((fukomys_damarensis: 0.041897, heterocephalus_glaber_female: 0.033424): 0.018795, ((cavia_porcellus: 0.002472, cavia_aperea: 0.005026): 0.060771, (chinchilla_lanigera: 0.038264, octodon_degus: 0.059585): 0.007383): 0.013305): 0.061628, (ictidomys_tridecemlineatus: 0.081675, (dipodomys_ordii: 0.122953, (jaculus_jaculus: 0.098962, (nannospalax_galili: 0.070010, (((mesocricetus_auratus: 0.029652, cricetulus_griseus_chok1gshd: 0.027179): 0.017776, (peromyscus_maniculatus_bairdii: 0.039781, microtus_ochrogaster: 0.049681): 0.002997): 0.013175, ((mus_pahari: 0.017486, (mus_caroli: 0.008543, (mus_musculus: 0.003869, mus_spretus: 0.004049): 0.004988): 0.009496): 0.020559, rattus_norvegicus: 0.039101): 0.033565): 0.043364): 0.023032): 0.023207): 0.011983): 0.002364): 0.015435): 0.008245, (tupaia_belangeri: 0.099417, ((otolemur_garnettii: 0.071435, (propithecus_coquereli: 0.021971, microcebus_murinus: 0.032702): 0.020824): 0.019310, (carlito_syrichta: 0.074297, (((aotus_nancymaae: 0.013143, callithrix_jacchus: 0.016556): 0.000672, (saimiri_boliviensis_boliviensis: 0.014425, cebus_capucinus: 0.012144): 0.002171): 0.022210, (((chlorocebus_sabaeus: 0.005840, ((papio_anubis: 0.003069, (cercocebus_atys: 0.003026, mandrillus_leucophaeus: 0.002832): 0.000740): 0.000793, (macaca_nemestrina: 0.001838, (macaca_mulatta: 0.001440, macaca_fascicularis: 0.000827): 0.000564): 0.002066): 0.001677): 0.003072, (colobus_angolensis_palliatus: 0.006299, (rhinopithecus_roxellana: 0.001162, rhinopithecus_bieti: 0.001448): 0.004806): 0.003122): 0.010302, (nomascus_leucogenys: 0.011557, (pongo_abelii: 0.009201, (gorilla_gorilla: 0.004483, ((pan_troglodytes: 0.001134, pan_paniscus: 0.001233): 0.002402, homo_sapiens: 0.003617): 0.000967): 0.004469): 0.001598): 0.005276): 0.010584): 0.035421): 0.006120): 0.008290): 0.001966): 0.012162): 0.012166): 0.155609, ornithorhynchus_anatinus: 0.313650);

  0.127445  0.073521  0.016217  0.058730  0.067087  0.155609  0.003147  0.030801  0.055021  0.072345  0.030164  0.132389  0.016490  0.083536  0.046568  0.012166  0.011971  0.026220  0.155138  0.133520  0.003815  0.024513  0.062440  0.001001  0.057645  0.009447  0.040222  0.049926  0.014940  0.011577  0.006560  0.005135  0.001194  0.018102  0.062718  0.085384  0.001533  0.059219  0.026666  0.039177  0.005049  0.003461  0.002509  0.001815  0.010414  0.044840  0.009226  0.042646  0.030068  0.012162  0.008245  0.055146  0.057578  0.099950  0.015435  0.061628  0.018795  0.041897  0.033424  0.013305  0.060771  0.002472  0.005026  0.007383  0.038264  0.059585  0.002364  0.081675  0.011983  0.122953  0.023207  0.098962  0.023032  0.070010  0.043364  0.013175  0.017776  0.029652  0.027179  0.002997  0.039781  0.049681  0.033565  0.020559  0.017486  0.009496  0.008543  0.004988  0.003869  0.004049  0.039101  0.001966  0.099417  0.008290  0.019310  0.071435  0.020824  0.021971  0.032702  0.006120  0.074297  0.035421  0.022210  0.000672  0.013143  0.016556  0.002171  0.014425  0.012144  0.010584  0.010302  0.003072  0.005840  0.001677  0.000793  0.003069  0.000740  0.003026  0.002832  0.002066  0.001838  0.000564  0.001440  0.000827  0.003122  0.006299  0.004806  0.001162  0.001448  0.005276  0.011557  0.001598  0.009201  0.004469  0.004483  0.000967  0.002402  0.001134  0.001233  0.003617  0.313650

 -13.117621 -11.520928 -18.090918 -1.548202 -4.625684 -5.238449 -2.061050  0.596306 -0.741512 27.843838 -2.386700 -4.737259 -6.120310  3.128659 18.990101  0.901726 -4.196594 -3.811614 -0.064500 -9.054255 10.780842 -2.018067  1.402541 -8.596815 -4.173868 -10.609975  6.356712 19.603498 17.875118 30.253015 26.499240 33.467506 -1.990653 -35.383039 -0.666033 -7.053239 -38.460558 -5.662395 20.011346 10.055495 13.566069  4.213622  4.199044 67.882000  4.977310 14.172535 -0.682879 10.790213  1.084964 23.500170 -18.067710  2.965696  3.381574  5.317247  7.484077 26.072130 -2.906968 21.899859  7.047388 18.528930  3.687465 16.016416 10.174780 -16.345101 31.682043  6.047180 -23.469717 19.923541  0.515365 23.885311  3.476962  9.966085 14.110503 11.123540 20.405185 10.166487 18.008307  1.537653 16.936785 -24.550583 33.660055 16.094590 17.120483 10.476208  7.890039 59.597495  4.949605 61.384599 60.488182 65.616108 29.415821 -60.956297 -5.980570 22.075592 10.178385 14.272747 -3.320860 -1.294047 30.517962 -55.280256 10.038859 14.733205  3.261694 -5.677252 59.916105  6.083270 50.033804 15.607354 64.299974 49.082749 49.428311 90.618712 52.166040 60.546181 37.986461 49.543348 42.474126 168.116472 49.053515 166.009835 -0.111554 141.388102 55.575827 178.089171 108.012887 55.159399 44.341359 50.456323 165.982135 47.081414  5.432025 73.345507 10.741763 54.369776 47.396732 115.967933 40.545536 47.685506 54.880379 -7.312371  7.628386


Hessian

 -6.563e+06 -6.149e+05 -1.495e+06  -3.93e+05 -4.583e+05 -3.534e+06  2.126e+05  2.948e+05  1.645e+05  3.187e+05  2.691e+05  1.997e+05  2.929e+05  2.558e+05  2.977e+05  -1.79e+05  4.881e+05  2.629e+05  1.381e+05   1.69e+05  5.686e+05  6.076e+05  4.855e+05  6.708e+05  2.811e+05  6.078e+05  4.706e+05  4.638e+05  4.897e+05   5.07e+05  5.566e+05  5.376e+05  5.135e+05  5.048e+05  4.043e+05  3.658e+05   5.79e+05  4.072e+05  5.175e+05  4.709e+05  5.303e+05  5.146e+05  5.089e+05  4.917e+05  5.385e+05  4.481e+05  5.026e+05   4.44e+05  4.777e+05  4.107e+05  5.544e+05  4.341e+05  4.089e+05  2.707e+05  4.905e+05   4.62e+05  4.723e+05  3.467e+05  4.218e+05  4.799e+05  3.732e+05  4.389e+05  3.652e+05  5.353e+05  4.405e+05  3.235e+05  4.788e+05  3.249e+05  4.469e+05  2.371e+05  4.169e+05  2.681e+05  3.888e+05  3.272e+05  4.055e+05   4.64e+05  4.771e+05  4.144e+05  3.779e+05  5.643e+05  4.585e+05  4.019e+05  4.061e+05  4.638e+05  4.763e+05  5.353e+05  5.418e+05  5.936e+05  5.837e+05  4.617e+05  4.121e+05  5.282e+05  2.558e+05   5.13e+05  5.157e+05  3.553e+05   5.22e+05  4.893e+05  4.164e+05  5.364e+05  3.308e+05  4.717e+05  4.846e+05  5.205e+05  4.876e+05  5.247e+05  5.055e+05  5.124e+05   5.15e+05  4.685e+05  5.383e+05  5.538e+05  5.482e+05  5.976e+05  6.653e+05  6.054e+05  6.943e+05   6.33e+05  6.437e+05  6.186e+05  6.017e+05  5.773e+05  4.734e+05  5.166e+05   6.08e+05   5.72e+05  5.519e+05  5.616e+05   6.65e+05  5.401e+05  5.875e+05   6.51e+05  5.128e+05  5.707e+05  5.751e+05   7.49e+05  5.381e+05  6.918e+05   7.02e+05  5.784e+05 -1.435e+05
 -6.149e+05 -1.994e+07 -8.634e+06 -1.429e+06 -2.863e+06 -2.876e+05  7.402e+05  5.013e+05  2.585e+05  4.495e+05  5.979e+05  2.899e+05  5.067e+05  3.659e+05  3.841e+05  6.452e+05  8.825e+05  4.123e+05  1.988e+05  2.678e+05  9.726e+05  9.199e+05  6.499e+05  9.412e+05  3.676e+05  8.393e+05  5.253e+05  6.719e+05  5.023e+05  5.866e+05  6.376e+05  5.523e+05  1.094e+06  7.306e+05  5.335e+05  4.649e+05  1.031e+06  5.536e+05  8.383e+05  6.719e+05  6.064e+05  7.523e+05  5.375e+05  8.366e+05  7.927e+05  5.586e+05  7.644e+05  6.155e+05  5.749e+05  8.855e+05  1.005e+06   6.34e+05  5.054e+05  3.686e+05  8.696e+05  6.957e+05  5.456e+05   4.43e+05  4.784e+05  6.235e+05  4.941e+05  4.094e+05  2.537e+05  6.367e+05  4.779e+05  3.892e+05  9.601e+05  4.798e+05  7.589e+05  3.277e+05  6.883e+05  3.349e+05  6.272e+05  3.815e+05   5.69e+05  5.132e+05  5.204e+05  4.175e+05  3.688e+05  5.506e+05  4.582e+05  4.322e+05  4.839e+05  4.424e+05  4.743e+05  5.336e+05  5.697e+05  5.327e+05  6.562e+05  4.053e+05  3.948e+05  9.474e+05   3.68e+05   9.14e+05  7.682e+05  4.548e+05  6.573e+05  6.211e+05  5.276e+05   1.02e+06  4.922e+05  7.561e+05  6.798e+05  8.118e+05  6.313e+05  6.559e+05  6.368e+05  5.868e+05  6.239e+05  6.466e+05  6.515e+05  6.354e+05  6.023e+05  9.013e+05   8.56e+05   7.72e+05  8.481e+05  7.332e+05  5.906e+05  7.312e+05  7.921e+05  5.015e+05  5.885e+05  6.606e+05  6.747e+05  5.824e+05  6.703e+05  4.716e+05  4.609e+05  7.444e+05  6.698e+05  6.185e+05  5.574e+05  6.604e+05   8.67e+05  7.864e+05  7.715e+05  6.026e+05  6.793e+05  7.335e+05      -1149
 -1.495e+06 -8.634e+06 -3.638e+07 -3.426e+06 -7.184e+06 -8.655e+05  6.995e+05  5.709e+05   2.88e+05  5.228e+05  6.442e+05  3.331e+05   5.25e+05  4.021e+05  4.602e+05  6.019e+05  9.195e+05  4.513e+05  2.205e+05  3.019e+05  9.379e+05  1.046e+06   6.99e+05  9.621e+05  4.021e+05  8.978e+05  5.987e+05  7.432e+05  5.434e+05  6.949e+05  6.641e+05  6.668e+05  1.114e+06  7.382e+05  5.647e+05  5.111e+05  1.106e+06  6.213e+05   8.81e+05  7.829e+05    6.2e+05  8.949e+05  5.632e+05  7.491e+05  8.248e+05  6.097e+05  8.148e+05  6.953e+05  6.269e+05  8.977e+05  1.116e+06  7.207e+05   5.58e+05  4.196e+05  1.019e+06  7.629e+05  6.209e+05  5.374e+05  5.587e+05  6.919e+05  5.304e+05  5.301e+05  3.284e+05  7.754e+05  5.766e+05  4.425e+05  1.085e+06  5.161e+05   8.13e+05  3.675e+05    7.7e+05  4.155e+05  7.294e+05  4.633e+05  6.292e+05  5.857e+05  6.128e+05   5.02e+05  4.854e+05  6.015e+05  5.405e+05  5.149e+05  5.951e+05  5.993e+05   6.05e+05  5.833e+05  6.361e+05  4.702e+05  7.463e+05  5.303e+05  4.623e+05  1.035e+06  3.925e+05  9.507e+05  8.313e+05  5.193e+05  7.513e+05  6.673e+05   5.63e+05  9.613e+05  5.407e+05  7.536e+05  8.041e+05  7.552e+05  6.984e+05  7.343e+05  5.875e+05  7.036e+05  6.687e+05  7.414e+05  7.118e+05  7.377e+05  6.576e+05   8.54e+05  1.063e+06   8.48e+05  7.602e+05  8.994e+05  7.651e+05  9.522e+05   1.07e+06  4.591e+05  6.258e+05  7.356e+05  6.163e+05   6.98e+05  8.048e+05  8.254e+05  9.603e+05  8.206e+05   6.74e+05  7.958e+05  6.716e+05   7.71e+05   7.77e+05   8.45e+05  8.788e+05  7.707e+05  8.401e+05  7.774e+05      -3192
  -3.93e+05 -1.429e+06 -3.426e+06 -1.953e+07 -2.246e+06 -2.182e+05  6.839e+05  4.063e+05  1.894e+05  3.683e+05  4.828e+05  2.361e+05  3.946e+05  2.862e+05  2.984e+05  5.242e+05  6.513e+05  3.542e+05  1.915e+05  2.243e+05  6.689e+05  6.567e+05  4.765e+05  7.474e+05  2.401e+05  6.046e+05  3.304e+05  5.252e+05  3.461e+05  4.244e+05  4.613e+05  4.103e+05   8.83e+05  5.807e+05  3.404e+05  3.879e+05  7.581e+05  4.016e+05  6.358e+05  4.722e+05  3.796e+05  4.487e+05  3.036e+05  6.032e+05  6.691e+05  4.282e+05  5.788e+05  4.561e+05  4.573e+05  5.885e+05  6.902e+05  5.128e+05  3.858e+05  2.797e+05  6.712e+05  5.491e+05    4.1e+05   3.51e+05  3.653e+05  4.754e+05  3.876e+05  3.316e+05  2.351e+05  4.755e+05  3.692e+05  2.807e+05   6.79e+05  3.404e+05  5.569e+05  2.732e+05  4.691e+05  2.728e+05  4.109e+05  2.995e+05  4.391e+05   4.19e+05  3.813e+05  3.409e+05  3.153e+05  3.958e+05  3.701e+05   3.39e+05  3.692e+05  3.606e+05  3.937e+05  4.102e+05  4.821e+05   4.15e+05  4.543e+05  3.591e+05  3.051e+05  6.452e+05  2.981e+05   6.14e+05  6.093e+05  3.889e+05  4.963e+05   4.06e+05  4.358e+05  5.585e+05   3.77e+05  4.345e+05  4.939e+05  5.539e+05  4.571e+05  4.673e+05   4.82e+05  4.637e+05  4.753e+05  3.131e+05  4.361e+05  4.491e+05  3.887e+05  5.845e+05  6.148e+05  4.414e+05  4.819e+05  4.404e+05  4.139e+05  4.454e+05  5.644e+05  2.664e+05  3.789e+05  3.828e+05  4.714e+05  5.025e+05  4.704e+05  4.635e+05  4.926e+05  4.994e+05  3.827e+05  4.845e+05  4.624e+05  3.849e+05  5.229e+05  4.318e+05  4.331e+05  5.201e+05  5.177e+05  4.664e+05  2.047e+04
 -4.583e+05 -2.863e+06 -7.184e+06 -2.246e+06 -2.121e+07 -2.075e+05  7.336e+05  5.378e+05  2.391e+05  4.528e+05  5.949e+05  2.822e+05  4.839e+05    3.7e+05  4.261e+05  7.176e+05  9.082e+05  3.842e+05  2.038e+05  2.532e+05  9.397e+05  9.149e+05   6.26e+05  9.976e+05  3.485e+05  8.395e+05  4.965e+05  6.169e+05  5.536e+05  5.783e+05  4.819e+05  3.933e+05  1.139e+06  7.362e+05  5.245e+05  4.266e+05  1.047e+06  5.689e+05  7.735e+05   6.04e+05  5.362e+05  5.571e+05  5.451e+05  6.616e+05  7.109e+05  5.194e+05  6.937e+05  5.477e+05  5.361e+05  8.925e+05  9.671e+05  6.315e+05  4.848e+05  3.677e+05  9.077e+05  6.877e+05   5.62e+05  4.091e+05   4.86e+05  5.994e+05  4.682e+05   4.39e+05  2.235e+05  6.285e+05  4.665e+05  4.006e+05  9.584e+05  4.731e+05  7.487e+05  3.242e+05  6.846e+05  3.586e+05   6.48e+05  4.116e+05  5.552e+05  5.423e+05   5.03e+05  4.482e+05      4e+05  6.198e+05  4.784e+05  4.532e+05  4.937e+05  4.434e+05   5.02e+05  5.305e+05  4.548e+05  3.627e+05  7.064e+05  5.229e+05  4.304e+05  9.834e+05   3.62e+05  9.547e+05  7.223e+05  4.853e+05  6.917e+05  5.802e+05  5.243e+05  9.288e+05  4.938e+05  7.792e+05  7.146e+05  8.808e+05  6.483e+05  6.424e+05   7.98e+05  6.445e+05  6.227e+05  7.186e+05  6.105e+05  6.986e+05  6.341e+05  7.248e+05  7.898e+05  6.487e+05  6.821e+05  6.975e+05   5.92e+05  6.286e+05  6.611e+05  5.578e+05  3.318e+05  7.135e+05  5.298e+05  5.973e+05   7.06e+05  4.938e+05  4.816e+05  7.934e+05  6.229e+05  6.519e+05  5.384e+05  7.406e+05  7.015e+05  9.208e+05  7.917e+05  5.278e+05  6.484e+05  6.339e+05  1.546e+04
 -3.534e+06 -2.876e+05 -8.655e+05 -2.182e+05 -2.075e+05 -6.256e+06  3.316e+04  2.424e+05  1.584e+05  2.859e+05  1.872e+05  1.759e+05  2.506e+05   2.53e+05  2.828e+05 -5.218e+05  3.626e+05  2.145e+05   1.24e+05  1.564e+05  4.243e+05  5.534e+05  4.587e+05  6.031e+05  2.629e+05  5.276e+05  4.573e+05  4.321e+05   5.16e+05  4.999e+05  5.714e+05  5.688e+05  3.549e+05  4.551e+05  3.871e+05  3.258e+05  4.988e+05  3.678e+05  4.698e+05  4.506e+05  4.878e+05  4.843e+05  4.811e+05  5.303e+05  5.108e+05  4.407e+05  4.669e+05  4.444e+05  4.741e+05  2.551e+05  4.193e+05  3.801e+05  3.807e+05  2.552e+05  3.967e+05   4.17e+05   4.71e+05   3.67e+05  4.389e+05  4.852e+05  3.768e+05  4.578e+05  4.179e+05  5.357e+05   4.44e+05  3.252e+05  4.393e+05    3.1e+05  3.793e+05   2.22e+05  3.557e+05  2.651e+05  3.488e+05  3.317e+05  3.941e+05  4.756e+05  4.831e+05  4.162e+05  4.283e+05  5.494e+05  4.457e+05   4.23e+05  4.133e+05  4.825e+05  5.228e+05  5.625e+05  5.548e+05  5.918e+05  6.092e+05  5.362e+05  4.564e+05  4.342e+05  2.429e+05  4.333e+05  4.749e+05   3.49e+05  4.811e+05  4.708e+05  4.018e+05  4.342e+05  3.189e+05  4.353e+05  4.648e+05  5.245e+05   5.38e+05  5.363e+05  5.362e+05  5.023e+05  5.079e+05  4.825e+05  5.582e+05  5.659e+05  5.871e+05  6.884e+05  8.641e+05  6.342e+05  7.807e+05  7.136e+05  6.627e+05  6.277e+05  6.735e+05  6.039e+05  4.855e+05  6.263e+05  6.713e+05  6.248e+05  5.855e+05  6.951e+05  6.592e+05  5.317e+05  6.168e+05  5.967e+05  5.298e+05  6.021e+05  6.236e+05  8.228e+05  6.547e+05  7.552e+05  7.603e+05  6.772e+05 -1.993e+05
  2.126e+05  7.402e+05  6.995e+05  6.839e+05  7.336e+05  3.316e+04  -1.98e+08 -1.259e+07 -1.757e+06 -5.393e+06   -1.7e+07 -3.792e+05 -9.569e+06 -7.118e+05 -3.248e+06 -7.829e+07 -4.007e+06  2.278e+04  1.621e+05   1.83e+05 -3.615e+06 -1.124e+06  3.403e+05 -4.758e+05  1.821e+05 -5.962e+05  4.274e+05  7.069e+04  6.694e+05  7.587e+05  1.114e+06  6.493e+05 -3.707e+06 -6.662e+05  8.024e+04  1.065e+05 -2.066e+06 -2.607e+05 -7.132e+05  2.061e+05  6.909e+05   7.71e+05  9.103e+05  1.593e+06 -4.669e+05  2.873e+05 -1.234e+05  4.033e+05  4.027e+05 -4.971e+06 -1.499e+06  4.199e+04  4.455e+05   3.75e+05 -8.824e+05  1.828e+05  8.311e+05  9.005e+05   1.01e+06  9.246e+05  9.378e+05    1.1e+06  9.325e+05  1.087e+06  9.548e+05  8.203e+05  -9.03e+04  1.896e+05  1.413e+04  2.829e+05  3.285e+05  6.976e+05  6.839e+05  8.785e+05  1.091e+06  1.446e+06  1.411e+06  1.331e+06  1.183e+06  1.286e+06  1.278e+06  1.113e+06  1.262e+06  1.423e+06  1.621e+06  1.562e+06  1.744e+06  1.616e+06  1.748e+06  2.036e+06  1.304e+06 -2.525e+06       1227 -2.039e+06 -5.269e+05  3.197e+05 -2.971e+05  3.563e+05  1.697e+05  -1.17e+06  1.955e+05 -4.937e+05  5.186e+05  3.512e+05  1.103e+06  1.184e+06  4.754e+05  9.939e+05  1.208e+06  1.898e+05  1.261e+06  1.075e+06  1.025e+06  1.242e+06  1.087e+06  1.766e+06  1.188e+06  1.086e+06  1.424e+06  1.308e+06  1.405e+06  1.538e+06  1.147e+06  1.595e+06  7.535e+05  1.118e+06  1.223e+06  1.119e+06  1.235e+06  1.002e+06  1.405e+06  8.168e+05  1.045e+06  1.311e+06  1.654e+06  8.391e+05  1.396e+06  1.582e+06  2.048e+06  1.513e+06  2.283e+05
  2.948e+05  5.013e+05  5.709e+05  4.063e+05  5.378e+05  2.424e+05 -1.259e+07 -4.114e+07 -4.724e+06 -1.311e+07  5.534e+04  2.392e+05  2.622e+05  3.331e+05   2.66e+05 -8.858e+06 -1.197e+06   2.15e+05  1.549e+05  2.025e+05 -1.243e+06 -3.033e+05  3.386e+05  2.083e+05  1.969e+05   1.32e+05  3.346e+05  3.141e+05  5.338e+05  6.558e+05  5.796e+05  7.741e+05  -1.38e+06 -7.826e+04   2.43e+05  2.831e+05 -7.313e+05  3.358e+04 -1.687e+05   2.02e+05  3.796e+05  4.896e+05  4.755e+05  5.101e+05    1.2e+05  3.461e+05  1.923e+05  3.549e+05  3.922e+05 -1.402e+06 -5.076e+05  2.349e+05  3.481e+05  3.644e+05 -9.439e+04  2.796e+05   6.49e+05   5.89e+05  6.787e+05  6.689e+05  6.007e+05  7.271e+05  4.963e+05  6.804e+05  6.408e+05  5.411e+05  3.053e+05  2.645e+05  3.872e+05  3.115e+05  4.934e+05  4.721e+05  6.424e+05  6.414e+05  8.519e+05  9.854e+05  9.233e+05   8.57e+05  9.506e+05  9.277e+05  8.987e+05  8.294e+05  9.668e+05  9.775e+05  1.013e+06  1.135e+06  1.113e+06   1.07e+06  1.376e+06  1.307e+06   8.94e+05 -1.086e+06  1.252e+05 -8.314e+05  -1.67e+05  4.036e+05  2.014e+04  3.986e+05  2.549e+05 -4.642e+05  2.344e+05   2.61e+04  5.682e+05   4.67e+04  8.305e+05   6.72e+05  6.704e+05  6.248e+05  7.015e+05  3.929e+05  6.834e+05  3.515e+05  8.148e+05  5.112e+05  5.704e+05  9.461e+05  7.908e+05  8.206e+05  6.368e+05  9.468e+05  1.129e+06   6.02e+05  7.473e+05  1.139e+06  7.354e+05  8.082e+05  7.571e+05  6.417e+05  1.037e+06  7.026e+05  8.197e+05  7.378e+05  7.338e+05  7.564e+05  9.541e+05  8.561e+05  9.882e+05  1.015e+06   6.35e+05  9.289e+05  1.643e+05
  1.645e+05  2.585e+05   2.88e+05  1.894e+05  2.391e+05  1.584e+05 -1.757e+06 -4.724e+06  -2.19e+07  -5.59e+05    1.2e+05  1.625e+05  1.361e+05  1.406e+05  1.326e+05 -1.302e+06 -1.405e+05  2.041e+05  1.378e+05  1.707e+05 -9.946e+04  7.955e+04   2.66e+05  2.131e+05  1.567e+05  2.107e+05   1.43e+05  2.837e+05  2.201e+05  3.111e+05  3.173e+05  4.274e+05 -1.971e+05  1.672e+05  1.483e+05   2.58e+05 -1.803e+05  1.225e+05  1.192e+05  2.183e+05  2.189e+05  3.252e+05  1.577e+05  3.383e+05  2.607e+05  2.872e+05  3.178e+05  3.001e+05  3.134e+05 -1.611e+05  1.486e+05    2.5e+05  2.739e+05  2.438e+05  1.989e+05  2.877e+05  3.494e+05  2.952e+05  2.943e+05  3.318e+05  3.189e+05  2.492e+05  2.915e+05  3.616e+05  3.373e+05  2.683e+05  3.479e+05  1.948e+05  3.349e+05   2.11e+05  3.434e+05  2.501e+05  3.929e+05  2.889e+05  4.104e+05  4.886e+05   5.56e+05  4.456e+05  4.622e+05  6.263e+05  4.653e+05  4.325e+05  4.882e+05  4.959e+05  4.581e+05  5.614e+05  5.906e+05  6.648e+05  5.571e+05  5.293e+05  4.571e+05 -1.272e+05  1.631e+05 -1.527e+05   8.58e+04  2.445e+05  1.796e+05  1.939e+05  2.734e+05  5.574e+04  2.241e+05  1.746e+05  3.305e+05  3.674e+05  3.076e+05  3.483e+05  2.765e+05  3.161e+05  3.573e+05  3.045e+05  2.994e+05  3.803e+05  3.795e+05  5.231e+05  9.683e+04  3.276e+05  6.141e+05  5.506e+05  5.263e+05  5.536e+05  4.948e+05  1.367e+05  5.207e+05  3.437e+05  2.689e+05  3.028e+05  3.509e+05  2.372e+05  3.466e+05  2.707e+05  3.704e+05  3.343e+05  2.248e+05    1.8e+05  2.748e+05   2.77e+05  4.899e+05  2.466e+05  4.945e+05  3.146e+05  1.058e+05
  3.187e+05  4.495e+05  5.228e+05  3.683e+05  4.528e+05  2.859e+05 -5.393e+06 -1.311e+07  -5.59e+05 -2.576e+07  3.005e+05  2.234e+05  3.175e+05  3.078e+05  2.768e+05 -3.851e+06 -5.048e+05  2.302e+05  1.667e+05  2.014e+05 -5.358e+05  3.185e+04  3.348e+05  3.825e+05  2.227e+05   2.91e+05  3.831e+05  3.259e+05  4.721e+05  5.011e+05  4.846e+05  6.006e+05 -4.445e+05  1.462e+05  3.158e+05  2.864e+05  -1.56e+05  1.871e+05  1.309e+05  2.723e+05  3.546e+05  2.431e+05  4.068e+05  4.596e+05  2.544e+05  2.861e+05  3.093e+05  3.744e+05  3.832e+05 -5.804e+05 -1.311e+05  2.664e+05   3.13e+05   3.11e+05   3.49e+04  3.702e+05  5.669e+05  4.955e+05  5.248e+05   5.78e+05  5.686e+05  6.442e+05  4.495e+05  5.469e+05  5.682e+05  4.721e+05  5.293e+05  3.687e+05  5.003e+05  2.942e+05  5.581e+05  4.597e+05  7.047e+05  5.755e+05  8.143e+05  8.933e+05  8.626e+05   7.17e+05  8.403e+05   9.83e+05  7.534e+05  7.389e+05  8.299e+05  8.454e+05  9.008e+05  1.026e+06  1.001e+06  9.535e+05  1.056e+06  9.474e+05  7.873e+05 -3.459e+05  1.864e+05 -1.773e+05  1.059e+05  4.467e+05  1.801e+05  3.991e+05  2.903e+05  8.271e+04  2.867e+05  2.776e+05  5.061e+05   4.56e+05  7.386e+05  7.088e+05  5.604e+05  5.408e+05   6.05e+05  4.363e+05  6.962e+05  3.605e+05  7.878e+05  6.411e+05  4.879e+05  5.666e+05  9.241e+05  8.067e+05  5.181e+05  1.121e+06  9.508e+05  7.141e+05  8.952e+05  6.854e+05  6.594e+05  7.419e+05  7.366e+05  3.241e+05   7.01e+05  8.247e+05  7.194e+05  7.572e+05  6.279e+05  7.423e+05  8.733e+05  7.612e+05  8.353e+05  9.367e+05  1.238e+06  8.805e+05   1.48e+05
  2.691e+05  5.979e+05  6.442e+05  4.828e+05  5.949e+05  1.872e+05   -1.7e+07  5.534e+04    1.2e+05  3.005e+05  -5.03e+07 -1.344e+06 -2.179e+07 -2.006e+06  -6.66e+06 -1.165e+07 -1.435e+06  6.389e+04  1.196e+05  1.267e+05 -1.435e+06 -5.625e+05  2.283e+05 -1.789e+04  1.945e+05       3694  4.553e+05    1.7e+05  7.065e+05   6.18e+05  9.189e+05  6.981e+05 -1.597e+06  -2.93e+05  1.167e+05   1.65e+05 -9.716e+05  4.436e+04  -2.81e+05  1.852e+05  4.725e+05   4.87e+05   8.74e+05  7.638e+05 -1.253e+05  4.167e+05  5.966e+04  3.587e+05   5.17e+05 -1.615e+06 -9.734e+05  8.769e+04  3.666e+05  3.094e+05 -5.541e+05  1.905e+05  6.573e+05  6.005e+05  7.839e+05  6.495e+05  6.234e+05  7.882e+05  7.934e+05  7.615e+05  7.496e+05  5.595e+05 -1.163e+05  2.389e+05  4.214e+04  3.008e+05  1.679e+05  4.434e+05  4.857e+05  6.113e+05  7.375e+05  1.048e+06   1.01e+06  9.445e+05  9.301e+05  1.109e+06   9.17e+05  9.193e+05  9.447e+05  1.062e+06  1.169e+06  1.212e+06  1.172e+06  1.188e+06  1.298e+06  1.244e+06  9.573e+05 -1.343e+06  6.936e+04  -1.02e+06 -2.817e+05   3.44e+05  9.081e+04  4.257e+05    3.3e+05 -5.751e+05   1.92e+05 -1.218e+05  5.286e+05  9.411e+05  8.196e+05  9.321e+05  5.881e+05  7.897e+05  9.112e+05  3.184e+05  7.261e+05  6.477e+05  9.538e+05  9.107e+05  9.171e+05  1.116e+06   3.02e+05   1.01e+06  1.115e+06  9.916e+05  1.048e+06  7.831e+05  1.128e+06  7.727e+05  1.139e+06  9.156e+05  9.331e+05  1.093e+06  1.154e+06  7.563e+05  1.079e+06  7.337e+05  7.529e+05  1.025e+06  1.075e+06  1.099e+06   8.97e+05  1.327e+06  1.255e+06  1.349e+06  1.764e+05
  1.997e+05  2.899e+05  3.331e+05  2.361e+05  2.822e+05  1.759e+05 -3.792e+05  2.392e+05  1.625e+05  2.234e+05 -1.344e+06 -1.081e+07 -5.498e+05 -1.028e+04      -6017 -2.434e+05  2.001e+05  1.438e+05  1.032e+05  1.411e+05  2.728e+05  2.902e+05  2.716e+05  3.784e+05   1.87e+05  3.135e+05  3.634e+05  2.948e+05  4.207e+05   3.47e+05  5.335e+05  4.071e+05  3.349e+05  2.593e+05   2.63e+05   2.02e+05  3.502e+05  2.815e+05  2.651e+05  2.906e+05  3.016e+05  2.816e+05  4.033e+05  3.414e+05  2.845e+05  3.506e+05  3.427e+05  3.251e+05  3.721e+05  1.463e+05  1.336e+05  1.892e+05  2.193e+05  1.733e+05  2.118e+05   3.12e+05  3.842e+05  3.221e+05  4.118e+05  3.863e+05  3.345e+05  3.798e+05  2.765e+05  3.936e+05  3.657e+05  2.745e+05  3.834e+05  2.961e+05  3.094e+05  1.736e+05   3.09e+05  2.278e+05  3.352e+05  3.184e+05  3.465e+05  4.727e+05  4.638e+05  3.972e+05  4.566e+05  4.131e+05  4.023e+05  3.919e+05  4.671e+05  4.947e+05  4.645e+05  5.332e+05  5.374e+05  5.207e+05  5.711e+05  5.106e+05  4.153e+05  2.874e+05  1.789e+05   2.23e+05  3.679e+05  3.194e+05  3.345e+05   4.19e+05  2.979e+05  3.013e+05  2.442e+05  2.945e+05  3.911e+05  4.839e+05  5.364e+05  4.962e+05  5.105e+05  4.506e+05  5.098e+05  3.735e+05  5.484e+05  5.326e+05  5.684e+05    5.5e+05  6.862e+05   6.85e+05  5.905e+05  4.862e+05  6.108e+05  6.699e+05  5.281e+05  5.025e+05  6.796e+05  3.611e+05  6.562e+05   6.09e+05   4.75e+05  5.731e+05  5.005e+05  4.982e+05  5.484e+05  5.574e+05  5.565e+05  6.096e+05  6.238e+05  8.066e+05  5.536e+05  6.314e+05  5.995e+05  5.071e+05  9.286e+04
  2.929e+05  5.067e+05   5.25e+05  3.946e+05  4.839e+05  2.506e+05 -9.569e+06  2.622e+05  1.361e+05  3.175e+05 -2.179e+07 -5.498e+05 -5.538e+07 -4.237e+06  -1.26e+07 -6.741e+06 -7.701e+05  3.002e+05  2.275e+05  2.075e+05  -7.85e+05 -1.798e+05  3.979e+05  1.829e+05  2.697e+05  2.748e+05  4.212e+05  4.453e+05  4.591e+05  5.701e+05  7.731e+05   7.61e+05 -7.266e+05  3.555e+04  1.997e+05  3.171e+05 -6.729e+05  5.381e+04  3.232e+04  3.991e+05  4.087e+05  6.177e+05  8.502e+05  1.057e+06  6.728e+04  4.657e+05   2.64e+05  5.203e+05  4.874e+05  -8.09e+05 -3.047e+05  3.107e+05  4.419e+05  4.067e+05 -1.311e+05   3.98e+05  6.624e+05  5.446e+05  6.322e+05  7.366e+05  5.898e+05  7.312e+05  5.948e+05  7.968e+05   6.76e+05  5.039e+05  2.375e+05  3.285e+05  3.322e+05  3.219e+05  4.208e+05  4.828e+05  5.624e+05  5.575e+05  7.044e+05    9.4e+05  1.064e+06  8.602e+05  1.031e+06  1.077e+06  8.577e+05   7.93e+05  9.384e+05  1.028e+06  9.401e+05   1.05e+06  1.079e+06  1.023e+06    1.1e+06   1.01e+06   9.12e+05 -5.155e+05  1.637e+05 -4.176e+05  5.753e+04  3.772e+05  2.271e+05  3.692e+05  4.273e+05  4.641e+04    3.7e+05  1.924e+05  5.671e+05  4.228e+05  7.607e+05  7.139e+05  6.964e+05  6.771e+05  7.563e+05  2.887e+05  5.282e+05  6.133e+05  5.548e+05  9.339e+05  1.334e+06  1.185e+06  5.321e+05  1.079e+06  9.969e+05  7.373e+05  1.047e+06  9.606e+05  9.274e+05  1.053e+06  7.716e+05  7.118e+05  8.251e+05  6.165e+05   1.18e+06  5.048e+05  9.069e+05   5.19e+05   5.94e+05  7.539e+05  8.092e+05      1e+06  8.659e+05   9.05e+05  8.749e+05  1.075e+06  1.853e+05
  2.558e+05  3.659e+05  4.021e+05  2.862e+05    3.7e+05   2.53e+05 -7.118e+05  3.331e+05  1.406e+05  3.078e+05 -2.006e+06 -1.028e+04 -4.237e+06 -2.047e+07 -1.176e+06 -4.072e+05  3.489e+05   2.66e+05  1.706e+05  1.971e+05  4.369e+05  3.639e+05  3.868e+05  5.103e+05  1.946e+05  3.875e+05  3.209e+05  3.628e+05  3.255e+05  3.768e+05  5.137e+05  5.395e+05  4.727e+05  3.422e+05  2.622e+05  3.244e+05  4.234e+05  2.599e+05  3.929e+05  3.591e+05  3.802e+05  5.099e+05  5.912e+05  5.251e+05  4.069e+05  4.369e+05  5.312e+05  4.241e+05   3.67e+05  2.754e+05   3.72e+05  3.341e+05  3.458e+05  2.485e+05  3.917e+05  3.945e+05  4.943e+05  3.918e+05  4.287e+05  4.532e+05  3.684e+05  3.862e+05  3.703e+05  4.849e+05  4.123e+05  3.248e+05  5.977e+05  3.561e+05  4.515e+05  2.678e+05  4.549e+05  3.278e+05  4.697e+05  3.756e+05  4.839e+05  6.194e+05  6.221e+05  4.887e+05  6.158e+05  6.471e+05   5.63e+05  5.265e+05  5.757e+05  6.226e+05  6.431e+05  6.605e+05   7.25e+05  6.787e+05  7.458e+05  7.185e+05  5.552e+05  2.642e+05   2.21e+05  3.275e+05  4.341e+05   3.58e+05  3.797e+05    3.5e+05  4.044e+05  2.693e+05  3.199e+05  2.961e+05  4.351e+05   4.48e+05  5.132e+05   3.48e+05  5.893e+05   4.88e+05  4.888e+05  3.618e+05  4.464e+05  5.307e+05  4.899e+05   6.06e+05  1.874e+05   5.83e+05  4.397e+05  7.436e+05  7.266e+05  6.192e+05  4.897e+05  6.572e+05  6.804e+05  6.293e+05  3.826e+05  3.665e+05  4.873e+05  4.834e+05  6.855e+05  3.623e+05  5.533e+05  3.954e+05  5.536e+05  5.192e+05  5.077e+05  5.378e+05  5.894e+05  6.216e+05  6.054e+05  5.361e+05  1.296e+05
  2.977e+05  3.841e+05  4.602e+05  2.984e+05  4.261e+05  2.828e+05 -3.248e+06   2.66e+05  1.326e+05  2.768e+05  -6.66e+06      -6017  -1.26e+07 -1.176e+06 -3.809e+07 -2.362e+06  6.278e+04   4.08e+05   2.57e+05  2.544e+05 -9.876e+04  3.277e+05  4.296e+05  3.436e+05  1.937e+05  5.037e+05  3.353e+05  5.296e+05  2.493e+05  4.365e+05  4.219e+05  4.364e+05   -2.5e+05  3.292e+05  3.206e+05  3.241e+05 -3.018e+05  9.159e+04   2.46e+05  4.493e+05  2.907e+05   4.91e+05  4.589e+05  4.998e+05  2.785e+05  4.118e+05  3.974e+05  4.585e+05  2.735e+05 -5.069e+04  3.781e+05  4.894e+05  4.065e+05    3.8e+05  2.984e+05  5.231e+05  5.816e+05  4.905e+05  5.371e+05  6.013e+05  4.557e+05  3.703e+05  3.052e+05  5.469e+05  5.534e+05  3.966e+05  5.704e+05   3.73e+05   5.18e+05  3.547e+05  5.053e+05  4.189e+05  6.126e+05  5.061e+05  6.516e+05  7.829e+05    8.2e+05  6.315e+05  7.926e+05  9.049e+05  7.544e+05  6.887e+05   7.67e+05  8.271e+05  8.337e+05  9.203e+05  8.869e+05  8.673e+05  7.674e+05  1.047e+06  7.056e+05  2.336e+05  2.563e+05  2.731e+05  3.181e+05  3.653e+05  4.235e+05  3.846e+05  5.068e+05  3.528e+05  3.972e+05  4.274e+05  6.172e+05  5.485e+05  4.903e+05  5.671e+05  3.447e+05  6.827e+05  4.579e+05  3.586e+05  5.341e+05  2.065e+05  3.093e+05  5.066e+05  8.876e+05  5.533e+05  3.667e+05  6.994e+05  4.431e+05  3.395e+05  4.575e+05   3.85e+05  4.891e+05  6.438e+05  5.645e+05  4.856e+05  5.058e+05  9.246e+05  6.897e+05  3.038e+05  5.964e+05   3.75e+05   3.51e+05  4.352e+05  6.219e+05  6.194e+05  7.762e+05  5.445e+05  4.428e+05  7.103e+05  1.615e+05
  -1.79e+05  6.452e+05  6.019e+05  5.242e+05  7.176e+05 -5.218e+05 -7.829e+07 -8.858e+06 -1.302e+06 -3.851e+06 -1.165e+07 -2.434e+05 -6.741e+06 -4.072e+05 -2.362e+06 -1.347e+08 -5.038e+06 -2.489e+04  1.195e+05  1.084e+05 -4.458e+06 -9.935e+05  3.132e+05 -4.837e+05  1.589e+05 -3.987e+05  4.515e+05  1.429e+05  6.445e+05  7.893e+05  9.918e+05   9.94e+05 -3.905e+06 -6.382e+05  5.886e+04  8.229e+04 -2.532e+06 -3.588e+05  -8.24e+05  1.612e+05  7.101e+05  8.327e+05  6.165e+05  1.476e+06 -4.457e+05  1.856e+05 -4.226e+05  3.301e+05   4.07e+05 -6.125e+06 -1.553e+06  3.121e+04  4.445e+05  3.576e+05 -1.139e+06  8.805e+04  8.288e+05  8.179e+05  1.007e+06  7.327e+05   8.49e+05  1.098e+06   1.07e+06  9.764e+05  8.601e+05  7.907e+05 -1.602e+05  1.492e+05 -1.366e+05  2.423e+05  1.903e+05  5.938e+05  4.717e+05  8.327e+05  8.705e+05  1.328e+06   1.25e+06  1.166e+06  1.079e+06  1.281e+06  1.097e+06  1.104e+06  1.124e+06  1.358e+06  1.502e+06   1.53e+06  1.498e+06  1.669e+06  1.746e+06  2.044e+06  1.198e+06 -3.075e+06 -3.406e+04 -2.383e+06 -6.349e+05  2.234e+05 -2.222e+05  3.466e+05  2.266e+05 -1.494e+06  9.547e+04 -5.953e+05  4.512e+05   5.29e+05  1.081e+06  1.135e+06   4.92e+05  8.432e+05   1.08e+06  2.205e+04  1.187e+06  1.186e+06  1.065e+06  1.087e+06  1.627e+06  1.722e+06  1.396e+06  1.456e+06  1.175e+06  1.558e+06  1.287e+06  1.121e+06  1.018e+06  1.857e+06  1.092e+06  1.168e+06  1.098e+06  1.106e+06  1.349e+06  1.096e+06  1.362e+06  8.293e+05      9e+05  1.176e+06   1.28e+06  9.486e+05  9.087e+05  1.314e+06  1.956e+06   1.65e+06  1.841e+05
  4.881e+05  8.825e+05  9.195e+05  6.513e+05  9.082e+05  3.626e+05 -4.007e+06 -1.197e+06 -1.405e+05 -5.048e+05 -1.435e+06  2.001e+05 -7.701e+05  3.489e+05  6.278e+04 -5.038e+06  -1.89e+08  2.928e+05  2.174e+05  2.334e+05 -1.117e+08  -4.41e+06 -1.744e+05 -2.154e+06 -7.124e+04 -1.485e+06      -1771 -4.979e+05  6.645e+05  5.177e+05   1.34e+06  8.696e+05 -3.304e+07 -3.036e+06 -7.714e+05 -4.341e+05 -1.314e+07 -2.083e+06 -5.022e+06 -6.191e+05  6.804e+05  1.867e+05  8.702e+05   8.04e+05 -2.538e+06 -2.604e+05 -1.164e+06  -1.38e+05   1.81e+05 -2.968e+07  -3.78e+06 -3.804e+05  2.126e+05   3.75e+05 -2.256e+06 -1.021e+05  8.993e+05  9.313e+05  9.941e+05  7.539e+05  9.634e+05  1.353e+06  9.736e+05  9.086e+05  9.521e+05  7.902e+05 -1.375e+06 -1.702e+05 -6.015e+05  2.475e+05  -5.85e+04  5.608e+05  4.243e+05  9.529e+05  1.125e+06  1.529e+06  1.475e+06  1.299e+06  1.438e+06  1.451e+06   1.16e+06  1.341e+06   1.39e+06  1.628e+06  1.565e+06  1.734e+06  1.671e+06  1.911e+06  2.138e+06  2.206e+06  1.478e+06 -1.001e+07 -2.356e+05 -6.952e+06 -2.013e+06  3.695e+04 -9.036e+05  2.687e+04 -3.348e+04 -3.165e+06 -2.315e+05 -1.619e+06  5.513e+05  1.076e+06  1.212e+06  1.296e+06  1.722e+05  8.081e+05   1.14e+06 -3.345e+05  6.102e+05   7.04e+05   1.39e+06   4.27e+05  6.226e+05   1.59e+06  1.762e+06  1.415e+06  1.308e+06  1.141e+06  1.795e+06  3.549e+05   1.89e+06  2.247e+06  8.537e+05  1.606e+06   1.32e+06  1.898e+06  1.306e+06   6.36e+05  1.111e+06  6.076e+05  1.207e+06  1.099e+06  1.784e+06  1.242e+06  9.773e+05  2.124e+06   1.88e+06  1.643e+06  2.941e+05
  2.629e+05  4.123e+05  4.513e+05  3.542e+05  3.842e+05  2.145e+05  2.278e+04   2.15e+05  2.041e+05  2.302e+05  6.389e+04  1.438e+05  3.002e+05   2.66e+05   4.08e+05 -2.489e+04  2.928e+05 -2.285e+07 -3.508e+06 -5.956e+06 -2.997e+06 -4.411e+05  1.427e+05 -1.661e+05  8.618e+04 -5.798e+04  3.556e+05  7.989e+04  5.083e+05  3.512e+05  5.752e+05  6.164e+05 -1.059e+06 -1.923e+05  8.769e+04   7.69e+04 -6.804e+05       3680 -2.774e+05  1.475e+05  4.574e+05   4.07e+05  5.408e+05    5.8e+05 -7.138e+04  2.158e+05  4.701e+04  2.021e+05  2.876e+05 -8.812e+04 -3.077e+05  6.798e+04  2.664e+05  2.191e+05      -3199  2.839e+05  4.891e+05  4.237e+05  5.589e+05  4.807e+05  4.142e+05    6.7e+05  5.781e+05  5.052e+05  4.773e+05  3.577e+05  2.767e+05   2.51e+05  1.372e+05  1.881e+05  2.537e+05  3.123e+05  3.303e+05  4.233e+05   5.28e+05  6.756e+05  5.977e+05  5.297e+05  6.555e+05  6.395e+05  5.461e+05  5.366e+05  6.009e+05  6.395e+05  7.074e+05  7.346e+05  8.083e+05  7.637e+05   8.63e+05  8.329e+05  5.978e+05 -1.248e+05  1.138e+05 -9.581e+04  2.108e+05  3.162e+05  2.313e+05  4.357e+05  2.319e+05 -4.736e+04  2.413e+05  1.214e+05  4.295e+05  7.997e+05  7.384e+05  6.836e+05   5.37e+05  5.859e+05  7.281e+05  4.122e+05  7.737e+05  5.675e+05  7.909e+05  6.056e+05  8.971e+05  9.014e+05  6.462e+05  6.833e+05  7.061e+05  8.613e+05  8.775e+05  7.051e+05  8.526e+05  7.773e+05  7.191e+05  7.755e+05  8.718e+05  8.685e+05  7.613e+05  6.742e+05  7.543e+05  7.644e+05   6.65e+05  5.253e+05  8.594e+05  4.844e+05  8.541e+05  1.086e+06  1.072e+06  7.937e+05  1.436e+05
  1.381e+05  1.988e+05  2.205e+05  1.915e+05  2.038e+05   1.24e+05  1.621e+05  1.549e+05  1.378e+05  1.667e+05  1.196e+05  1.032e+05  2.275e+05  1.706e+05   2.57e+05  1.195e+05  2.174e+05 -3.508e+06 -6.496e+06   2.48e+05 -5.371e+05 -1.226e+04  1.467e+05  1.338e+05  1.177e+05  1.044e+05  2.199e+05  1.111e+05  3.117e+05  2.441e+05  3.601e+05  3.642e+05  -1.85e+05  9.436e+04  1.524e+05  8.405e+04  1.906e+04  1.054e+05  5.177e+04  1.496e+05  3.059e+05  2.655e+05   4.05e+05  2.391e+05  1.124e+05   1.96e+05  1.021e+05  1.318e+05  1.951e+05  1.087e+05  1.402e+04   1.06e+05  1.784e+05  1.219e+05   1.22e+05  1.815e+05  2.906e+05  2.409e+05  2.981e+05  2.859e+05  2.309e+05  3.694e+05  3.082e+05  2.956e+05  2.562e+05  1.774e+05  2.626e+05  1.614e+05  1.514e+05  1.217e+05  2.057e+05  1.748e+05  2.287e+05  2.331e+05  2.717e+05  3.412e+05  3.473e+05  2.509e+05  3.386e+05  3.466e+05  2.751e+05   2.92e+05  3.372e+05  3.392e+05  3.545e+05  3.897e+05  3.985e+05  4.178e+05  4.507e+05  4.794e+05  3.018e+05  1.558e+05  1.175e+05  9.182e+04  2.089e+05  2.189e+05  1.924e+05  2.604e+05  1.471e+05  1.639e+05  1.716e+05  1.982e+05  3.048e+05  4.992e+05   3.91e+05  3.965e+05  3.814e+05  3.335e+05  3.675e+05  2.971e+05  3.914e+05  3.394e+05  4.097e+05  2.494e+05  5.624e+05  4.895e+05  4.401e+05  4.216e+05  3.903e+05  5.273e+05  4.535e+05  3.334e+05  4.568e+05  4.814e+05  3.891e+05  5.126e+05  4.556e+05  3.592e+05  4.357e+05  3.861e+05  4.315e+05  3.544e+05   3.98e+05  3.251e+05  4.481e+05  4.604e+05  3.809e+05  4.853e+05  4.758e+05  3.999e+05  7.105e+04
   1.69e+05  2.678e+05  3.019e+05  2.243e+05  2.532e+05  1.564e+05   1.83e+05  2.025e+05  1.707e+05  2.014e+05  1.267e+05  1.411e+05  2.075e+05  1.971e+05  2.544e+05  1.084e+05  2.334e+05 -5.956e+06   2.48e+05 -9.167e+06 -1.123e+06 -4.795e+04  1.732e+05   1.26e+05  1.315e+05  1.001e+05  2.928e+05  1.381e+05  3.282e+05  3.109e+05  3.934e+05  4.158e+05 -2.646e+05       8910  1.409e+05  1.258e+05  -1.44e+05   1.22e+05  3.907e+04  1.864e+05  3.026e+05  3.041e+05  3.866e+05  4.344e+05  9.864e+04  1.899e+05  1.548e+05  1.993e+05  2.719e+05  8.766e+04  2.199e+04  1.652e+05  2.429e+05  1.751e+05   1.29e+05  2.724e+05  3.422e+05  3.031e+05  3.581e+05  3.417e+05  3.113e+05  4.641e+05  3.394e+05  3.929e+05  3.294e+05  2.601e+05  3.157e+05   2.03e+05  2.047e+05   1.42e+05  2.264e+05  2.091e+05  2.739e+05  2.637e+05  3.471e+05  4.486e+05  3.885e+05  3.418e+05  3.984e+05   4.35e+05  3.754e+05  3.632e+05  4.016e+05  4.177e+05  4.737e+05  5.044e+05  4.946e+05  4.993e+05   5.66e+05  5.029e+05  3.955e+05  1.133e+05  1.286e+05  1.111e+05  2.522e+05  2.535e+05   2.57e+05  3.437e+05  2.477e+05  1.304e+05  1.925e+05  1.952e+05   3.52e+05  5.843e+05  4.393e+05  4.672e+05  4.329e+05  3.978e+05  4.289e+05  3.457e+05  4.694e+05  4.372e+05  5.441e+05  4.457e+05  7.084e+05  4.353e+05  3.066e+05  4.456e+05   4.57e+05  5.474e+05  5.865e+05  7.174e+05  5.405e+05  5.244e+05  4.361e+05  4.859e+05  4.747e+05  4.097e+05  6.443e+05  4.551e+05  4.794e+05  4.136e+05   4.66e+05  3.648e+05  5.385e+05   3.39e+05  6.162e+05   6.46e+05    7.4e+05  5.559e+05  9.987e+04
  5.686e+05  9.726e+05  9.379e+05  6.689e+05  9.397e+05  4.243e+05 -3.615e+06 -1.243e+06 -9.946e+04 -5.358e+05 -1.435e+06  2.728e+05  -7.85e+05  4.369e+05 -9.876e+04 -4.458e+06 -1.117e+08 -2.997e+06 -5.371e+05 -1.123e+06 -3.249e+08 -6.923e+06 -3.743e+05  -3.59e+06 -2.556e+05 -2.271e+06 -4.509e+05 -7.746e+05  8.767e+04  1.122e+05  1.198e+06  6.285e+05 -5.398e+07 -4.233e+06 -1.235e+06 -7.313e+05 -2.165e+07   -3.1e+06 -7.153e+06 -1.033e+06  5.956e+04 -1.276e+05  1.106e+06   1.31e+06 -3.683e+06 -5.936e+05 -1.996e+06 -3.834e+05 -3.151e+05 -2.527e+07  -3.87e+06 -3.355e+05  2.242e+05  5.656e+05 -2.201e+06     -940.8  8.365e+05  1.008e+06  1.082e+06   1.09e+06  1.008e+06  1.562e+06  1.281e+06  1.235e+06   1.14e+06  8.992e+05 -1.359e+06 -6.212e+04 -2.164e+05  3.801e+05  1.119e+05  6.596e+05  6.347e+05  1.067e+06  1.345e+06  1.846e+06  1.488e+06  1.498e+06  1.611e+06  1.799e+06   1.38e+06  1.515e+06  1.705e+06  1.483e+06  1.492e+06  1.973e+06  1.861e+06  2.349e+06  2.435e+06  2.452e+06  1.636e+06 -9.607e+06  -1.94e+05 -7.262e+06 -2.222e+06  1.148e+05 -1.049e+06      -1196       5546 -3.348e+06 -8.863e+04 -1.467e+06  1.994e+05  5.332e+05  1.343e+06  1.303e+06  8.674e+05   8.37e+05  9.556e+05 -4.981e+05  4.837e+05  6.804e+05  1.184e+06  7.688e+05  1.012e+06  2.097e+06  1.788e+06  1.368e+06  1.013e+06  1.032e+06  1.798e+06  1.063e+06  1.821e+06  2.686e+06  8.292e+05  1.816e+06  1.837e+06  1.875e+06  1.069e+06  5.467e+05  1.183e+06  1.033e+06  1.342e+06  1.438e+06  1.617e+06  1.507e+06  1.397e+06  1.907e+06  2.192e+06  1.989e+06  3.174e+05
  6.076e+05  9.199e+05  1.046e+06  6.567e+05  9.149e+05  5.534e+05 -1.124e+06 -3.033e+05  7.955e+04  3.185e+04 -5.625e+05  2.902e+05 -1.798e+05  3.639e+05  3.277e+05 -9.935e+05  -4.41e+06 -4.411e+05 -1.226e+04 -4.795e+04 -6.923e+06 -1.088e+08 -3.255e+06 -3.439e+07 -1.793e+06 -1.652e+07 -2.173e+06 -3.047e+06     -899.5 -4.453e+05  1.614e+05  1.711e+05 -2.226e+07 -2.382e+06 -7.444e+05 -3.843e+05 -8.021e+06  -2.04e+06 -3.633e+06 -7.244e+05  6.005e+04  8.386e+04  8.651e+05  7.112e+05 -2.122e+06 -4.198e+05 -1.368e+06 -3.133e+05 -8.333e+04 -2.992e+06  -2.34e+06  -2.33e+05  3.005e+05  3.795e+05 -1.287e+06  -1.32e+04  7.455e+05  9.294e+05  1.017e+06   7.57e+05  7.957e+05  1.187e+06  1.109e+06  7.584e+05  9.177e+05  7.383e+05  -4.67e+05  1.741e+05 -3.352e+04  3.867e+05  2.698e+05  6.224e+05  6.854e+05  9.297e+05   1.05e+06  1.534e+06  1.502e+06  1.265e+06   1.53e+06  1.521e+06  1.214e+06  1.243e+06  1.508e+06   1.53e+06  1.581e+06  1.708e+06  1.739e+06  1.973e+06   1.89e+06  2.106e+06  1.363e+06 -2.722e+06      -5595 -2.314e+06 -9.743e+05  1.989e+05 -5.684e+05  3.519e+05  8.394e+04 -1.291e+06  6.594e+04 -5.556e+05  6.342e+05  8.299e+05  1.202e+06  1.312e+06  4.503e+05  1.007e+06  1.245e+06  6.415e+05  8.946e+05  5.644e+05   1.28e+06  4.788e+05  7.625e+05   1.52e+06  1.206e+06   1.71e+06  1.496e+06  1.097e+06  1.322e+06  3.263e+05  1.827e+06   1.27e+06  1.291e+06  1.555e+06  1.309e+06   1.66e+06  2.011e+06  6.801e+05  1.296e+06  1.446e+06   1.41e+06  1.323e+06  1.257e+06  1.539e+06  1.623e+06  1.738e+06  1.683e+06  1.779e+06  2.933e+05
