
 34

((((((amblysomus_hottentotus: 0.025564, eremitalpa_granti: 0.022606): 0.017698, chrysochloris_asiatica: 0.033620): 0.064916, ((((((microgale_majori: 0.012266, microgale_longicaudata: 0.012916): 0.022640, microgale_principula: 0.018969): 0.008951, microgale_pusilla: 0.023611): 0.027964, microgale_brevicaudata: 0.066672): 0.042674, oryzorictes: 0.075162): 0.008967, echinops_telfairi: 0.098021): 0.068509): 0.012918, (((((elephantulus_brachyrhynchus: 0.012694, elephantulus_rufescens: 0.009098): 0.039822, (elephantulus_rupestris: 0.035913, elephantulus_intufi: 0.012690): 0.004175): 0.000000, (elephantulus_sp_vb001: 0.051881, elephantulus_edwardii: 0.042736): 0.009640): 0.009965, (((macroscelides_flavicaudatus: 0.022692, macroscelides_proboscideus: 0.020437): 0.038718, macroscelides_micus: 0.069999): 0.019609, (petrosaltator_rozeti: 0.051218, petrodromus_tetradactylus: 0.024641): 0.010978): 0.004078): 0.044990, rhynchocyon_udzungwensis: 0.056756): 0.016966): 0.007208, orycteropus_afer: 0.088768): 0.009944, ((((loxodonta_africana: 0.008219, loxodonta_cyclotis: 0.009598): 0.005253, (elephas_maximus: 0.003309, elephas_maximus_indicus: 0.001662): 0.003721): 0.148720, (trichechus_manatus: 0.032086, dugong_dugon: 0.032029): 0.036391): 0.009448, (procavia_capensis: 0.026474, dendrohyrax_dorsalis: 0.036607): 0.084187): 0.011829, ((zaglossus_bruijni: 0.009563, tachyglossus_aculeatus: 0.013613): 0.043110, ornithorhynchus_anatinus: 0.043783): 0.232377);

  0.009944  0.007208  0.012918  0.064916  0.017698  0.025564  0.022606  0.033620  0.068509  0.008967  0.042674  0.027964  0.008951  0.022640  0.012266  0.012916  0.018969  0.023611  0.066672  0.075162  0.098021  0.016966  0.044990  0.009965  0.000000  0.039822  0.012694  0.009098  0.004175  0.035913  0.012690  0.009640  0.051881  0.042736  0.004078  0.019609  0.038718  0.022692  0.020437  0.069999  0.010978  0.051218  0.024641  0.056756  0.088768  0.011829  0.009448  0.148720  0.005253  0.008219  0.009598  0.003721  0.003309  0.001662  0.036391  0.032086  0.032029  0.084187  0.026474  0.036607  0.232377  0.043110  0.009563  0.013613  0.043783

  0.000000  0.005057  0.000000  0.000000  0.000000  0.000000  0.000000  0.000000  0.000000  0.000000  0.000000  0.000000  0.000000  0.000000  0.000000  0.000000  0.000000  0.000000  0.000000  0.000000  0.000000 -0.051119  0.000000  0.000000 -137.205624  0.000000  0.000000  0.000000  0.000000  0.000000  0.000000  0.000000  0.000000  0.000000  0.000000  0.000000  0.000000  0.000000  0.000000  0.000000  0.000000  0.000000  0.000000  0.000000  0.000000 -0.005555  0.000000  0.000000 -0.007129  0.000000  0.000000  0.000000 -0.008158  0.000000  0.000000  0.000000  0.000000  0.000000  0.000000  0.000000  0.000000  0.000000  0.000000  0.000000  0.000000


Hessian

 -1.798e+05 -2.437e+04      -8728      -4056     -433.6      218.1     -795.3       1615     -97.67      -1236      507.6     -326.1       2469      -2223       2418      -1966      409.3       2270     -62.02      186.8      -1134      -3426      -3086     -395.1      78.43     -161.1      813.4      900.4       -636      697.8      642.3     -223.2      -2018      287.5      -2526      -3688      -2047      862.1      -1414      626.6       1039     -192.6      64.34     -618.1      -5093 -6.543e+04 -1.467e+04       1022       6959  1.024e+04       5929       9358   1.08e+04       2122      -7215       58.6      -1778     -335.2       2171       4092       1048       3278       9230       5078       3585
 -2.437e+04 -1.788e+05 -2.614e+04      -9948        977      78.84      681.7       1639      -1003      -1016      903.7      679.5      -1007       1692       1901     -312.3        983      627.7      443.5        381     -68.48 -1.678e+04 -1.446e+04     -311.8      312.2      965.8      394.7      -2300      -4655      949.1      947.2     -335.1      -1121      263.9      -1100      -1650      27.48       1075       1224      786.2      -1089      -1649      -1104     -899.7      -5455 -2.117e+04      -2719      644.2      -4084       9353       8303      85.08       6698       2456      -2426       3767       2648      234.5      612.7       4131      247.4       2800       7846       7837       4634
      -8728 -2.614e+04  -1.08e+05 -2.176e+04     -669.3     -333.9      38.94     -867.9      -4851     -28.32      704.6     -105.4       1589       1549       2621       1738      114.2       1546     -892.6      164.6      -3350      -2784      -3028       1190       17.1      63.64        154     -462.6      -6747      634.4      633.4       2467       2632      146.6      740.2       1506      738.6      560.7      271.3      168.2      42.45      211.1      170.5     -318.6      -1258      -7544      752.4      341.8       6405       4636       4399       7093       7137       1688      -1878       1095       4844        529       5707       5673      300.1      988.6       7400       6555       2347
      -4056      -9948 -2.176e+04  -4.62e+04       1687       77.1       2024      11.62      896.3     -404.7       -200     -351.4      421.6       1145       2714     -59.89       1594     -449.7      286.4      82.74      928.3      -1812      -1419      -1187     -174.4      821.8      639.6      10.06      -1069      608.8      961.5     -517.3     -219.5      297.1      7.819      396.6      538.5      370.3     -177.8     -145.2      -1098     -15.76      313.9     -196.7     -954.5      -5316      -1368       1991       2422      522.7       2905       4619       5250       1882     -415.5       4638      493.2      612.4       3388       3446        524       1171       2298       1576      809.8
     -433.6        977     -669.3       1687 -1.019e+05     -5.739 -9.313e+04 -2.936e+04      981.3     -339.3     -152.1     -646.6      -1016     -899.3     -96.33      -2582      -1254      -1433      10.39      -1108      267.3       1732       2143       3812     -12.63     -88.93     -2.933      189.3      219.9      69.83      48.53       5056       5205      606.4       1375       3360       3488     -148.7       2653     -396.9     -146.7      431.7     -873.5     -197.2       1658       1500       3046       1437      -2880  1.626e+04       8767      -2925      -1847       1789       2559       3941       1151       3714       3209       2753       1303      -1423      43.31      -2763      -1638
      218.1      78.84     -333.9       77.1     -5.739      -7976      -1578     -190.1      73.31  1.251e-07  1.912e-07  2.829e-07 -1.485e-07   4.16e-07 -1.303e-07  4.623e-07  5.683e-07 -9.868e-08  1.333e-07  4.656e-07      73.31     -59.49     -59.49      839.2       58.3        111 -1.432e-07        111  -1.83e-07  1.327e-07  -1.34e-07      591.7      591.7  1.049e-07      382.5      382.5      382.5 -2.085e-07      382.5  6.953e-08  1.408e-07 -9.426e-08  2.625e-07   3.01e-08      65.94     -509.1      540.7      422.8       1165       1846       1184      700.2      700.2  -1.05e-07        382      -1102      182.7     -118.6     -231.6      -2292      233.9     -573.4      67.65      -3131      110.8
     -795.3      681.7      38.94       2024 -9.313e+04      -1578 -1.023e+05 -2.818e+04       1394     -339.3     -152.1     -646.6      -1016     -899.3     -96.33      -2582      -1254      -1433      10.39      -1108      679.6       1598       2009       3678     -306.2     -648.2     -2.933     -369.9      219.9      69.83      48.53       4958       5107      606.4      975.1       2960       3088     -148.7       2253     -396.9     -146.7      431.7     -873.5     -197.2      716.2      578.6       2425       1334      -1794  1.638e+04       8623       1142       2221       1789       1734       2754      -1544       3481       3231       4480       1322      -1019     -119.9      -3801      -1589
       1615       1639     -867.9      11.62 -2.936e+04     -190.1 -2.818e+04 -1.125e+05       1767     -598.2     -134.6      41.69      -1032     -135.1        400      284.2      547.4      -1955     -224.7      88.32       2371       1479       1591      -1472      194.6      324.5     -58.39     -398.9       1051     -315.5      911.1      235.2      357.4      25.44      -1161       2374       2658      565.8       2714      -1160      103.7     -308.6      106.7      44.71       1746       1342       1896       1274      -2434   1.14e+04       5001      -7505      -1932       2343       2241      629.2       3579       3495       3423      597.9       1664       2449     -996.8      -9497      131.4
     -97.67      -1003      -4851      896.3      981.3      73.31       1394       1767 -1.927e+04      -1585     -294.2      118.9      848.6      -1647      963.6       1322        946       -183       -131     -249.1 -1.353e+04     -167.5      173.7      -1241      289.3        161      135.3     -562.5     -53.29      719.8      494.7     -419.4     -628.5     -459.4      343.1      471.6      964.8      333.7       1180      206.5      75.49      369.5      118.5     -261.9       1402      620.6       1091       1605       2666       4860       4898       5572       6807      -2323       1611       2045       1945      665.7       2905       2347      484.1       1577       3915       2437       1711
      -1236      -1016     -28.32     -404.7     -339.3  1.251e-07     -339.3     -598.2      -1585 -1.316e+04      -1904     -837.7     -207.6     -301.2       1842       1055      241.8     -319.6     -60.72      -1711      -2088      -1274      -1274      443.6  6.501e-08 -1.545e-08   8.13e-09 -7.848e-08  1.797e-07  1.742e-08  1.265e-08      443.6      443.6  9.051e-09      506.7      506.7      506.7  5.502e-08      506.7  8.037e-08 -2.211e-08  -1.98e-08  7.759e-08 -7.223e-08      705.8     -493.4      514.7     -54.12       2027       2583       2717       2143       2143  3.367e-08      157.2     -620.1      -1588        302      925.4       1397      246.5       -126       1540       1579     -603.8
      507.6      903.7      704.6       -200     -152.1  1.912e-07     -152.1     -134.6     -294.2      -1904      -8757     -949.5      -1328     -184.8      -2636       1989      170.7      -1193     -46.76      -1350     -235.3      173.8      173.8     -194.4  1.453e-07  1.189e-07  3.279e-08    2.2e-07  9.834e-08 -6.187e-08  2.012e-07     -194.4     -194.4  2.425e-07     -32.17     -32.17     -32.17 -7.538e-08     -32.17 -5.896e-08 -9.562e-08  5.479e-08 -2.693e-07  -7.79e-08      670.4      644.4      -1025      315.1       2008       1651     -246.9       1976       1976  1.004e-07     -634.7      236.8      457.8      132.4       1878       1902      95.89      350.4     -479.7      940.7      199.5
     -326.1      679.5     -105.4     -351.4     -646.6  2.829e-07     -646.6      41.69      118.9     -837.7     -949.5 -1.611e+04     -714.9     -440.7      -4307       1087      -1464     -995.5      -2501     -656.3     -345.2      580.8      580.8     -130.2  5.801e-07 -1.859e-07  5.272e-08  4.379e-07 -4.656e-09 -5.691e-07  5.999e-07     -130.2     -130.2 -6.797e-08       -287       -287       -287 -9.664e-08       -287  1.247e-07 -4.363e-07  1.192e-07  3.602e-08   7.06e-08       -473     -776.9     -218.5      564.9      -1410       1059       2743     -176.2     -176.2 -6.555e-08      379.7      -1375      47.24      76.41     -617.6     -325.6      63.62      238.5       1459       1274      110.9
       2469      -1007       1589      421.6      -1016 -1.485e-07      -1016      -1032      848.6     -207.6      -1328     -714.9 -4.639e+04       -520      -7962      -2155      -5457 -1.219e+04      -1208        120      125.7        680        680      732.9 -3.822e-07  5.281e-08 -9.812e-08 -8.339e-08  1.111e-07  2.308e-07 -9.876e-08      732.9      732.9   4.72e-08       1656       1656       1656   1.41e-07       1656 -3.763e-09 -5.483e-08 -2.132e-07  2.234e-07  6.028e-08      626.5       2174       1342      342.5       2216       2313       3335       1968       1968  1.069e-07      -1547     -444.8      6.647     -663.4     -626.1      938.8      230.2     -967.5     -873.2       -608     -700.3
      -2223       1692       1549       1145     -899.3   4.16e-07     -899.3     -135.1      -1647     -301.2     -184.8     -440.7       -520 -3.165e+04     -513.8      398.2      -3942     -357.3      -1051     -152.6      -1981       1833       1833      496.6  2.683e-07  2.196e-08  2.251e-07 -1.107e-07 -2.269e-07 -1.972e-07 -1.918e-07      496.6      496.6  3.282e-07      595.6      595.6      595.6  2.426e-07      595.6 -1.341e-07 -1.749e-07  1.017e-08 -3.337e-07 -1.202e-07     -601.7       1278     -334.1      713.2       2355      -5480       2975       1962       1962 -3.511e-08       2095      -1235       1598        602     -932.4       1448      483.1      -1768      -6529      -4372       -652
       2418       1901       2621       2714     -96.33 -1.303e-07     -96.33        400      963.6       1842      -2636      -4307      -7962     -513.8 -6.261e+04 -1.129e+04      -3016      -4410      947.2       1237      406.8       3207       3207      590.9 -3.623e-07  1.624e-07 -1.364e-07 -8.887e-09 -2.463e-07  2.132e-07 -1.924e-07      590.9      590.9  6.437e-07       1417       1417       1417 -2.637e-07       1417  1.331e-07  1.857e-07  1.034e-08   3.71e-07   1.19e-07      -2051       2073      -3082     -31.45       2604      -3629       2848       1971       1971  4.321e-08      -2094      352.3     -510.8       1266      -1522      -3050      279.5      786.4     -494.4     -160.5      624.4
      -1966     -312.3       1738     -59.89      -2582  4.623e-07      -2582      284.2       1322       1055       1989       1087      -2155      398.2 -1.129e+04 -5.927e+04      -2347      -2351      -83.8     -527.2     -462.5       1520       1520     -179.6 -3.972e-07 -4.994e-07 -7.085e-08 -5.135e-07  1.021e-06  3.167e-07 -7.373e-08     -179.6     -179.6  3.012e-08      139.4      139.4      139.4  6.049e-07      139.4 -7.023e-08  5.542e-08 -3.499e-08 -8.875e-07 -3.961e-08      -1860      852.6      -2468     -405.3     -75.01      -9815 -1.079e+04      -6511      -6511  1.632e-07       1554      405.2      25.85       31.7       1484       1696       -293      -1571      -1769     -529.3      -1610
      409.3        983      114.2       1594      -1254  5.683e-07      -1254      547.4        946      241.8      170.7      -1464      -5457      -3942      -3016      -2347 -3.688e+04      -2859      792.1     -11.19     -331.7     -32.63     -32.63      -1077  1.648e-07 -1.079e-07 -1.232e-08  1.852e-08  -2.18e-07 -7.984e-08 -9.531e-08      -1077      -1077  1.013e-07     -554.5     -554.5     -554.5  2.656e-07     -554.5  1.517e-07 -6.094e-08 -1.566e-07  4.446e-07  2.211e-07      420.5      130.3     -906.1      594.5       2780      775.3       3814       2490       2490  1.229e-07       1221      420.6       1039        493      -1534       -914      246.8     -315.7     -948.1     -81.83     -780.6
       2270      627.7       1546     -449.7      -1433 -9.868e-08      -1433      -1955       -183     -319.6      -1193     -995.5 -1.219e+04     -357.3      -4410      -2351      -2859 -2.711e+04      -2046      -1105      327.6     -248.7     -248.7      929.8 -4.307e-07  -3.64e-08 -1.354e-07 -1.451e-07  2.207e-07  8.282e-08  -1.99e-07      929.8      929.8 -2.156e-08      659.2      659.2      659.2 -1.595e-07      659.2  2.441e-08  3.495e-07  7.567e-08  2.484e-08  5.344e-08      188.8       1907      -1614      275.6       2756     -100.2       3796       2475       2475  1.312e-08     -592.8     -477.5      86.69     -893.8       1299      -1093      93.95      74.08       2035       2067      702.2
     -62.02      443.5     -892.6      286.4      10.39  1.333e-07      10.39     -224.7       -131     -60.72     -46.76      -2501      -1208      -1051      947.2      -83.8      792.1      -2046      -8069     -434.6      64.87      864.4      864.4      419.4 -4.336e-08 -2.552e-07   2.13e-08  2.257e-09  2.797e-07 -9.194e-08  1.326e-08      419.4      419.4  1.961e-09     -19.06     -19.06     -19.06  2.618e-07     -19.06 -3.623e-09 -3.052e-07 -1.671e-07 -2.512e-07  2.972e-08     -126.8      152.8      907.7        287       1922       2424       2902       1776       1776  2.944e-08     -518.4      444.6      674.4      212.3     -471.8      305.8      206.4      564.4       1303      210.4      493.2
      186.8        381      164.6      82.74      -1108  4.656e-07      -1108      88.32     -249.1      -1711      -1350     -656.3        120     -152.6       1237     -527.2     -11.19      -1105     -434.6      -5784     -348.5      22.36      22.36      351.8  1.253e-09 -1.323e-07  -1.54e-08 -2.793e-08  8.457e-08 -7.087e-08 -5.989e-08      351.8      351.8 -7.791e-09       -313       -313       -313  1.017e-07       -313   2.16e-08  2.652e-08  4.142e-08  -1.34e-07 -1.068e-08      573.8      212.5      95.25        249       2154       1291       1161       1957       1957 -5.457e-08      793.6      360.8      252.4     -686.2      222.9      447.4      308.4     -33.18      660.3     -106.3      19.98
      -1134     -68.48      -3350      928.3      267.3      73.31      679.6       2371 -1.353e+04      -2088     -235.3     -345.2      125.7      -1981      406.8     -462.5     -331.7      327.6      64.87     -348.5  -1.85e+04      184.2      525.5     -425.2      289.3        161      135.3     -562.5     -53.29      719.8      494.7      396.2      187.2     -459.4      409.3      537.8       1031      333.7       1246      206.5      75.49      369.5      118.5     -261.9      722.6      599.9      959.6       1739       2274       3136       6178       5877       7111      -2323       1926       1578       1528      951.2       1971       2297        445       1037       3610       2781      784.4
      -3426 -1.678e+04      -2784      -1812       1732     -59.49       1598       1479     -167.5      -1274      173.8      580.8        680       1833       3207       1520     -32.63     -248.7      864.4      22.36      184.2 -4.955e+04 -4.525e+04      -2706     -448.3      614.7      351.1      -3213      227.4      301.6      569.5      -3203      -3254      46.89      -1940      -1970      -1194      270.1     -885.3      534.4      381.8     -156.2     -151.7      -1081      298.7      -3096      -1226       2125       2702       6483       2604       3169       5063       1914       2375       4876       4754      191.8       3527       3543        429       2216      226.1       3459       3793
      -3086 -1.446e+04      -3028      -1419       2143     -59.49       2009       1591      173.7      -1274      173.8      580.8        680       1833       3207       1520     -32.63     -248.7      864.4      22.36      525.5 -4.525e+04  -4.74e+04      -2930     -479.5     -49.67      209.7     -551.2      -3301      662.1      673.8      -3205      -2453      433.5     -761.1      -1474      -2058      880.7      -1065      510.2      440.2     -54.11     -47.55     -579.1      714.4      -2794     -857.6       1734       5288       6470      447.6       4720       4949       1849       2034       4658       4321      152.5       4234       3197      659.1       2193      26.87       2192       3536
     -395.1     -311.8       1190      -1187       3812      839.2       3678      -1472      -1241      443.6     -194.4     -130.2      732.9      496.6      590.9     -179.6      -1077      929.8      419.4      351.8     -425.2      -2706      -2930 -7.161e+04      -1183      -1913       1342      667.3      -3745     -262.6      42.16 -3.975e+04 -3.806e+04      -2203 -1.115e+04      -8799      -6674      -1089      -9072      -2294      -2365       1123     -26.41      455.8     -729.7     -526.1       2639       1869  1.359e+04       2761       7096  1.287e+04   1.26e+04       2987       2089       3435      -1535      -1612       1322       3932       1056      -27.4     -530.7       5136     -137.3
      78.43      312.2       17.1     -174.4     -12.63       58.3     -306.2      194.6      289.3  6.501e-08  1.453e-07  5.801e-07 -3.822e-07  2.683e-07 -3.623e-07 -3.972e-07  1.648e-07 -4.307e-07 -4.336e-08  1.253e-09      289.3     -448.3     -479.5      -1183      -2985      -2728     -778.8      -2370      -2049     -876.8     -564.4      -3256     -448.9     -514.3     -290.3      4.714     -510.7     -828.5     -996.7     -156.5      77.07      67.95      236.5     -565.3     -63.86      562.3      181.8      238.7       1443     -150.9       1460       1657       1279       1041     -87.28      206.1      150.6      100.7      369.3      295.6      207.5      439.7      135.4      326.2     -9.813
     -161.1      965.8      63.64      821.8     -88.93        111     -648.2      324.5        161 -1.545e-08  1.189e-07 -1.859e-07  5.281e-08  2.196e-08  1.624e-07 -4.994e-07 -1.079e-07  -3.64e-08 -2.552e-07 -1.323e-07        161      614.7     -49.67      -1913      -2728 -1.322e+04       81.8      -4401      -1528     -45.35      435.4     -124.6       -651     -123.1      776.3      555.5     -266.9      -2691      -1153      537.7      826.6      -1109      194.5     -801.4      314.4      800.6        785      603.6       3437       2591       3257       3813       2998       2295      324.5      361.9     -324.8      809.2      102.7      193.9      164.5     -14.41       1038      444.2      -1148
      813.4      394.7        154      639.6     -2.933 -1.432e-07     -2.933     -58.39      135.3   8.13e-09  3.279e-08  5.272e-08 -9.812e-08  2.251e-07 -1.364e-07 -7.085e-08 -1.232e-08 -1.354e-07   2.13e-08  -1.54e-08      135.3      351.1      209.7       1342     -778.8       81.8 -2.757e+04      -4263     -92.45     -609.6       1091      -2340      -1029      76.17      -3414       1475       -435     -734.1      -1625     -233.5      -5576     -642.9      -1393     -246.7        198       1130      327.5      396.9       1807       1072       1495       2025       2183       2087        159      815.1      669.1      543.6      -1844      87.64      141.9      331.9      -5630     -418.2     -490.1
      900.4      -2300     -462.6      10.06      189.3        111     -369.9     -398.9     -562.5 -7.848e-08    2.2e-07  4.379e-07 -8.339e-08 -1.107e-07 -8.887e-09 -5.135e-07  1.852e-08 -1.451e-07  2.257e-09 -2.793e-08     -562.5      -3213     -551.2      667.3      -2370      -4401      -4263 -4.157e+04       1153       1391       1328     -788.3      -1278      -5929     -633.5       1412      -1579     -512.7       1166      755.6      -1587      -2687      -1237      -1133      -1311       1123      278.6      883.7       3080       2993       3515       3798       2746      685.5     -988.7       1610       1019      559.3      -3088     -233.7     -410.2      404.4      702.7      386.8     -377.4
       -636      -4655      -6747      -1069      219.9  -1.83e-07      219.9       1051     -53.29  1.797e-07  9.834e-08 -4.656e-09  1.111e-07 -2.269e-07 -2.463e-07  1.021e-06  -2.18e-07  2.207e-07  2.797e-07  8.457e-08     -53.29      227.4      -3301      -3745      -2049      -1528     -92.45       1153 -4.978e+04     -814.1      -2425      -3391      425.7      369.8     -590.3     -88.95      -5165      489.6     -527.8      43.89     -422.8      677.2     -93.15     -889.9      282.6      -1415      669.9      275.1       1908      -1628       1808       2021       2443       2519      821.5       1065        861      400.3        202       1406      377.3      685.4      35.56       1576      503.8
      697.8      949.1      634.4      608.8      69.83  1.327e-07      69.83     -315.5      719.8  1.742e-08 -6.187e-08 -5.691e-07  2.308e-07 -1.972e-07  2.132e-07  3.167e-07 -7.984e-08  8.282e-08 -9.194e-08 -7.087e-08      719.8      301.6      662.1     -262.6     -876.8     -45.35     -609.6       1391     -814.1 -1.006e+04      297.2      -2171      580.7     -778.5      -5831      -1321     -180.4     -295.1      -1504     -327.7      124.3     -690.3     -955.6      192.2      273.6       1187      789.5     -315.5     -9.848      -4319       1581      -2683       2171       2296      467.9       1006       1066       -614      240.1       1889      431.1      102.9      -1706       1333      531.1
      642.3      947.2      633.4      961.5      48.53  -1.34e-07      48.53      911.1      494.7  1.265e-08  2.012e-07  5.999e-07 -9.876e-08 -1.918e-07 -1.924e-07 -7.373e-08 -9.531e-08  -1.99e-07  1.326e-08 -5.989e-08      494.7      569.5      673.8      42.16     -564.4      435.4       1091       1328      -2425      297.2 -2.972e+04      486.2      665.4     -851.1      187.4      -1699     -915.9      995.6       1393      359.9      -4018      784.4      -2565     -773.6      534.6       1016      449.9      199.7       1527      -7526       1220       1689       2218       2283      601.6     -368.2      -1529     -958.2      -2776      -1400        301      579.9      -5869     -692.9      407.7
     -223.2     -335.1       2467     -517.3       5056      591.7       4958      235.2     -419.4      443.6     -194.4     -130.2      732.9      496.6      590.9     -179.6      -1077      929.8      419.4      351.8      396.2      -3203      -3205 -3.975e+04      -3256     -124.6      -2340     -788.3      -3391      -2171      486.2 -6.355e+04   -4.2e+04      -1392      -4057      -4386      -4683      450.7      -6653    -0.5405      892.5      -1986      993.3       -364     -174.3     -381.9       3182       2287  1.377e+04      -3032       6509   1.25e+04  1.171e+04       2633       2047       3391      -1776      407.5      915.3      -1433       1039       1719      956.7       5237       3373
      -2018      -1121       2632     -219.5       5205      591.7       5107      357.4     -628.5      443.6     -194.4     -130.2      732.9      496.6      590.9     -179.6      -1077      929.8      419.4      351.8      187.2      -3254      -2453 -3.806e+04     -448.9       -651      -1029      -1278      425.7      580.7      665.4   -4.2e+04 -4.805e+04      541.4      -5139      -5860      -5006     -293.2      -5636     -472.5      -1264     -390.9       1099     -389.8      -1029      -2751       2832       2926  1.231e+04      101.5       6397       8981  1.176e+04       2331       1852       2496      -2551       1107       1527       2404       1284      847.6     -107.8       3827       3070
      287.5      263.9      146.6      297.1      606.4  1.049e-07      606.4      25.44     -459.4  9.051e-09  2.425e-07 -6.797e-08   4.72e-08  3.282e-07  6.437e-07  3.012e-08  1.013e-07 -2.156e-08  1.961e-09 -7.791e-09     -459.4      46.89      433.5      -2203     -514.3     -123.1      76.17      -5929      369.8     -778.5     -851.1      -1392      541.4      -8599      498.6      433.4      441.5     -626.8        279      222.8       -669     -69.15      65.93     -495.6     -150.3     -418.8     -194.7        219       1965      -3469       2095       1993      -4802       2332     -599.6     -426.7      755.8     -715.5     -698.6     -574.5      122.8       1004      -1430       1326      838.4
      -2526      -1100      740.2      7.819       1375      382.5      975.1      -1161      343.1      506.7     -32.17       -287       1656      595.6       1417      139.4     -554.5      659.2     -19.06       -313      409.3      -1940     -761.1 -1.115e+04     -290.3      776.3      -3414     -633.5     -590.3      -5831      187.4      -4057      -5139      498.6 -7.541e+04 -3.833e+04 -3.709e+04      -1303 -3.699e+04     -935.4      -7657      89.12      -4376       -362     -464.6     -98.97      -1023       1298       4535      -1502       8043       7220       9208       2744       2011       2074       2910     -520.4       2996       5429       1812       1858       4123       8671       1088
      -3688      -1650       1506      396.6       3360      382.5       2960       2374      471.6      506.7     -32.17       -287       1656      595.6       1417      139.4     -554.5      659.2     -19.06       -313      537.8      -1970      -1474      -8799      4.714      555.5       1475       1412     -88.95      -1321      -1699      -4386      -5860      433.4 -3.833e+04 -4.791e+04 -3.827e+04      30.52   -3.5e+04      -1054        174      841.6      -2571      630.1     -808.8      -1326      -2058       2065       4635      -1734       7015       5708       8466      -7536      608.4      149.8       1616      259.8       4407       4276       1346     -550.6       1260       7725     -318.5
      -2047      27.48      738.6      538.5       3488      382.5       3088       2658      964.8      506.7     -32.17       -287       1656      595.6       1417      139.4     -554.5      659.2     -19.06       -313       1031      -1194      -2058      -6674     -510.7     -266.9       -435      -1579      -5165     -180.4     -915.9      -4683      -5006      441.5 -3.709e+04 -3.827e+04 -4.314e+04      385.4 -3.558e+04     -302.4      -1804      62.42      -1364      138.8     -118.3      332.7      -1234       2464       8057      -2770       7598       8450       8233      -7735       1735       1344       2296       1587       2981       4278       1503      711.5       4197       8311      373.7
      862.1       1075      560.7      370.3     -148.7 -2.085e-07     -148.7      565.8      333.7  5.502e-08 -7.538e-08 -9.664e-08   1.41e-07  2.426e-07 -2.637e-07  6.049e-07  2.656e-07 -1.595e-07  2.618e-07  1.017e-07      333.7      270.1      880.7      -1089     -828.5      -2691     -734.1     -512.7      489.6     -295.1      995.6      450.7     -293.2     -626.8      -1303      30.52      385.4  -1.45e+04      -3417      142.5     -62.11      267.2     -145.4     -456.2      684.4       1155     -372.9     -141.8      873.6       1099     -995.7     -79.99       2325       2015        145      984.7        918      50.44      550.9       1299      60.59     -88.63      864.3      939.3     -589.7
      -1414       1224      271.3     -177.8       2653      382.5       2253       2714       1180      506.7     -32.17       -287       1656      595.6       1417      139.4     -554.5      659.2     -19.06       -313       1246     -885.3      -1065      -9072     -996.7      -1153      -1625       1166     -527.8      -1504       1393      -6653      -5636        279 -3.699e+04   -3.5e+04 -3.558e+04      -3417 -5.379e+04     -529.6       -885      525.9      313.5      756.3        460       1024      -1365       1423       6544      -2885       6609       3316       8641       2392       1640      341.3       2407       2032       4541       5737       1500      378.1       4433       8173       1184
      626.6      786.2      168.2     -145.2     -396.9  6.953e-08     -396.9      -1160      206.5  8.037e-08 -5.896e-08  1.247e-07 -3.763e-09 -1.341e-07  1.331e-07 -7.023e-08  1.517e-07  2.441e-08 -3.623e-09   2.16e-08      206.5      534.4      510.2      -2294     -156.5      537.7     -233.5      755.6      43.89     -327.7      359.9    -0.5405     -472.5      222.8     -935.4      -1054     -302.4      142.5     -529.6      -3672     -277.2      -83.9     -260.6     -248.3      174.9        928      39.34      88.64      -1841     -397.5     -574.8      -4294       1506      179.4      268.1      390.7      457.1      151.4      165.6      440.2       50.1      11.33        321      726.6      128.7
       1039      -1089      42.45      -1098     -146.7  1.408e-07     -146.7      103.7      75.49 -2.211e-08 -9.562e-08 -4.363e-07 -5.483e-08 -1.749e-07  1.857e-07  5.542e-08 -6.094e-08  3.495e-07 -3.052e-07  2.652e-08      75.49      381.8      440.2      -2365      77.07      826.6      -5576      -1587     -422.8      124.3      -4018      892.5      -1264       -669      -7657        174      -1804     -62.11       -885     -277.2 -1.896e+04     -946.6      -2482      -1004      507.2       1717      885.8        383       1501      -6259       2292       1909       2241       2296       1323       1150       1083     -477.1     -788.9       1214        412        198      -1556      722.3      -1805
     -192.6      -1649      211.1     -15.76      431.7 -9.426e-08      431.7     -308.6      369.5  -1.98e-08  5.479e-08  1.192e-07 -2.132e-07  1.017e-08  1.034e-08 -3.499e-08 -1.566e-07  7.567e-08 -1.671e-07  4.142e-08      369.5     -156.2     -54.11       1123      67.95      -1109     -642.9      -2687      677.2     -690.3      784.4      -1986     -390.9     -69.15      89.12      841.6      62.42      267.2      525.9      -83.9     -946.6      -5760       -337     -226.4     -143.9      829.8      649.4      89.17       1158      -1417       2078       1661      -3996     -6.128      775.1      863.2      253.8      213.4      181.1     -575.6     -76.83      426.1        547      904.1     -68.83
      64.34      -1104      170.5      313.9     -873.5  2.625e-07     -873.5      106.7      118.5  7.759e-08 -2.693e-07  3.602e-08  2.234e-07 -3.337e-07   3.71e-07 -8.875e-07  4.446e-07  2.484e-08 -2.512e-07  -1.34e-07      118.5     -151.7     -47.55     -26.41      236.5      194.5      -1393      -1237     -93.15     -955.6      -2565      993.3       1099      65.93      -4376      -2571      -1364     -145.4      313.5     -260.6      -2482       -337 -1.193e+04       -871     -104.6     -52.06      296.7        124      -2008      64.47       1660      200.7       2396       2504      426.5      988.9     -148.1     -381.4     -158.1     -625.6      210.4      641.9      -4955     -172.4      165.8
     -618.1     -899.7     -318.6     -196.7     -197.2   3.01e-08     -197.2      44.71     -261.9 -7.223e-08  -7.79e-08   7.06e-08  6.028e-08 -1.202e-07   1.19e-07 -3.961e-08  2.211e-07  5.344e-08  2.972e-08 -1.068e-08     -261.9      -1081     -579.1      455.8     -565.3     -801.4     -246.7      -1133     -889.9      192.2     -773.6       -364     -389.8     -495.6       -362      630.1      138.8     -456.2      756.3     -248.3      -1004     -226.4       -871      -4388     -7.308      -1543     -20.52      94.83      -1367     -334.3       1244      -1068       1769      217.6      117.4      552.4      307.6      400.8      36.25      854.3      83.72      723.1      604.6      737.3      603.9
      -5093      -5455      -1258     -954.5       1658      65.94      716.2       1746       1402      705.8      670.4       -473      626.5     -601.7      -2051      -1860      420.5      188.8     -126.8      573.8      722.6      298.7      714.4     -729.7     -63.86      314.4        198      -1311      282.6      273.6      534.6     -174.3      -1029     -150.3     -464.6     -808.8     -118.3      684.4        460      174.9      507.2     -143.9     -104.6     -7.308 -3.993e+04      -4556      -2777      937.8       2041       4065       2603       5170       6525       1847      -2169       1075      -1095       1852       5171       3458      632.6       2961       2512       4200       2655
 -6.543e+04 -2.117e+04      -7544      -5316       1500     -509.1      578.6       1342      620.6     -493.4      644.4     -776.9       2174       1278       2073      852.6      130.3       1907      152.8      212.5      599.9      -3096      -2794     -526.1      562.3      800.6       1130       1123      -1415       1187       1016     -381.9      -2751     -418.8     -98.97      -1326      332.7       1155       1024        928       1717      829.8     -52.06      -1543      -4556 -1.417e+05 -2.441e+04       1038       8007       7528       8958  1.014e+04  1.155e+04       2805 -1.261e+04       1626      371.3      -3421       2198       1301        426       4084       9304       5086       4956
 -1.467e+04      -2719      752.4      -1368       3046      540.7       2425       1896       1091      514.7      -1025     -218.5       1342     -334.1      -3082      -2468     -906.1      -1614      907.7      95.25      959.6      -1226     -857.6       2639      181.8        785      327.5      278.6      669.9      789.5      449.9       3182       2832     -194.7      -1023      -2058      -1234     -372.9      -1365      39.34      885.8      649.4      296.7     -20.52      -2777 -2.441e+04 -1.753e+05      -2123       5055       1703       6646       2649       4186       1663 -3.701e+04     -778.6      -3408      -5972       4803       5257       1635       2523       7107      -7440       1221
       1022      644.2      341.8       1991       1437      422.8       1334       1274       1605     -54.12      315.1      564.9      342.5      713.2     -31.45     -405.3      594.5      275.6        287        249       1739       2125       1734       1869      238.7      603.6      396.9      883.7      275.1     -315.5      199.7       2287       2926        219       1298       2065       2464     -141.8       1423      88.64        383      89.17        124      94.83      937.8       1038      -2123 -2.051e+04      681.6      -2173      -2753      68.83     -476.1      -1784      622.9       2968       1553      835.7       2157       1454       1118       1838       1291       1602       2369
       6959      -4084       6405       2422      -2880       1165      -1794      -2434       2666       2027       2008      -1410       2216       2355       2604     -75.01       2780       2756       1922       2154       2274       2702       5288  1.359e+04       1443       3437       1807       3080       1908     -9.848       1527  1.377e+04  1.231e+04       1965       4535       4635       8057      873.6       6544      -1841       1501       1158      -2008      -1367       2041       8007       5055      681.6 -7.533e+05      -9637      -7579 -3.815e+05 -3.181e+05      -5947      808.6      222.4       6390       1864       5367       7928      562.1       1504   1.15e+04  1.862e+04      337.3
  1.024e+04       9353       4636      522.7  1.626e+04       1846  1.638e+04   1.14e+04       4860       2583       1651       1059       2313      -5480      -3629      -9815      775.3     -100.2       2424       1291       3136       6483       6470       2761     -150.9       2591       1072       2993      -1628      -4319      -7526      -3032      101.5      -3469      -1502      -1734      -2770       1099      -2885     -397.5      -6259      -1417      64.47     -334.3       4065       7528       1703      -2173      -9637 -7.675e+05 -2.501e+04 -1.532e+04 -1.369e+04       1586       2940       1540       6439       2031       5921       1928       4109  1.068e+04       5222       4367  1.264e+04
       5929       8303       4399       2905       8767       1184       8623       5001       4898       2717     -246.9       2743       3335       2975       2848 -1.079e+04       3814       3796       2902       1161       6178       2604      447.6       7096       1460       3257       1495       3515       1808       1581       1220       6509       6397       2095       8043       7015       7598     -995.7       6609     -574.8       2292       2078       1660       1244       2603       8958       6646      -2753      -7579 -2.501e+04 -6.655e+05 -1.605e+04 -1.434e+04       2169       3461  1.082e+04       5529       4120  1.397e+04  1.263e+04      823.7       1612   1.33e+04  1.986e+04       3752
