
 33

(((((((((cabassous_centralis: 0.008505, cabassous_unicinctus: 0.005702): 0.025808, cabassous_chacoensis: 0.029467): 0.006215, cabassous_tatouay: 0.037527): 0.029306, (tolypeutes_tricinctus: 0.058363, tolypeutes_matacus: 0.051557): 0.019787): 0.006509, priodontes_maximus: 0.067243): 0.012271, (calyptophractus_retusus: 0.053547, chlamyphorus_truncatus: 0.069434): 0.028789): 0.009742, (((chaetophractus_vellerosus: 0.021965, zaedyus_pichiy: 0.021916): 0.002951, chaetophractus_villosus: 0.022398): 0.004706, euphractus_sexcinctus: 0.022241): 0.054098): 0.030195, (((((dasypus_sabanicola: 0.003736, dasypus_yepesi: 0.003994): 0.013530, dasypus_pilosus: 0.017045): 0.002852, (dasypus_hybridus: 0.000076, dasypus_septemcinctus: 0.000464): 0.031491): 0.003771, dasypus_novemcinctus: 0.010419): 0.015009, dasypus_kappleri: 0.042992): 0.031957): 0.019985, (((((bradypus_variegatus: 0.012627, bradypus_tridactylus: 0.000000): 0.023256, bradypus_pygmaeus: 0.043215): 0.029347, bradypus_torquatus: 0.086524): 0.029592, (choloepus_hoffmanni: 0.012217, choloepus_didactylus: 0.031338): 0.018023): 0.037638, (((tamandua_tetradactyla: 0.008870, tamandua_mexicana: 0.012002): 0.046124, myrmecophaga_tridactyla: 0.049078): 0.052672, cyclopes_didactylus: 0.099376): 0.043615): 0.008655, ((zaglossus_bruijni: 0.027843, tachyglossus_aculeatus: 0.023036): 0.084878, ornithorhynchus_anatinus: 0.080905): 0.567744);

  0.019985  0.030195  0.009742  0.012271  0.006509  0.029306  0.006215  0.025808  0.008505  0.005702  0.029467  0.037527  0.019787  0.058363  0.051557  0.067243  0.028789  0.053547  0.069434  0.054098  0.004706  0.002951  0.021965  0.021916  0.022398  0.022241  0.031957  0.015009  0.003771  0.002852  0.013530  0.003736  0.003994  0.017045  0.031491  0.000076  0.000464  0.010419  0.042992  0.008655  0.037638  0.029592  0.029347  0.023256  0.012627  0.000000  0.043215  0.086524  0.018023  0.012217  0.031338  0.043615  0.052672  0.046124  0.008870  0.012002  0.049078  0.099376  0.567744  0.084878  0.027843  0.023036  0.080905

  0.000000  0.015538  0.024932  0.021851  0.000000  0.018944  0.068405 -0.006384  0.018181  0.006801  0.032229  0.000000  0.011416  0.017874  0.017021  0.007772  0.000000  0.020857  0.016056  0.000000  0.005214  0.019152  0.033462  0.038875  0.029747  0.011246 -0.020588 -0.014193  0.058424  0.064282  0.027136  0.037404  0.054643  0.049220  0.028215 -0.008730  0.159415 -0.168934  0.028044 -0.026979 -0.064791 -0.021625 -0.037605  0.044370  0.000000 -2728.455556  0.000000  0.000000 -0.030733 -0.054342  0.027373 -0.010318  0.000000 -0.006955 -0.027117  0.013804  0.005826  0.000000 -0.005755  0.014621  0.026758  0.000000 -0.013193


Hessian

 -1.038e+06      -8111 -1.084e+04      -6588     -776.9       -984      -3448      -1901  1.332e+04       7362       4348       4114 -1.024e+04      -7770      -5701       1459     -918.7     -452.7       6346      -5768  2.201e+04  2.535e+04  1.259e+04  1.644e+04  2.229e+04  1.916e+04 -4.258e+05 -4.063e+05       5746       6803       7317       8931       9967       7407       6332   5.47e+04  5.737e+04 -4.135e+05       4781 -8.359e+05 -3.633e+05      913.6       9389       4668   1.09e+04       7054       5886       3439 -2.979e+05 -2.964e+05       6168      -8248      -4743      -3640       7293       4610       4855       1258  2.007e+04       6286  1.091e+04  1.115e+04   2.13e+04
      -8111 -3.185e+05 -4.804e+04 -2.546e+04 -3.675e+04  -1.02e+04      -9715     -240.6      -5968       7679       4754       1495  -3.15e+04      -5722 -1.031e+04      -2785      -7430      -9599      -7795 -1.425e+04      -9188      -9991      -7314      -6432 -1.659e+04      -9857 -5.085e+04 -1.795e+04       7075  1.776e+04      -2141 -2.288e+04  -2.78e+04      -6699      821.7   4.86e+04      336.9      392.7 -1.035e+04      -6551      -1375      -3391       7356       3455       1858       3140       8035       3883      -9005       5471  1.033e+04      -7666      -3479     -410.8       9940      -3088      -1272      -44.1      524.8      241.9       6915       8260      717.3
 -1.084e+04 -4.804e+04 -6.515e+05 -9.642e+04  -3.08e+04 -2.103e+04 -2.926e+04      -4030  1.397e+04  -2.03e+04      -7128 -1.117e+04 -4.315e+04 -2.099e+04 -2.338e+04      -8794 -1.923e+04 -1.116e+04      59.62 -6.867e+04  -2.28e+04 -3.114e+04       4256 -1.062e+04      -3497       2947  -1.59e+04 -2.982e+04      -5121      709.6      -9298  -2.86e+04     -528.2       2415 -1.428e+04  5.361e+04   4.02e+04 -1.684e+04  -1.15e+04      -7929       8355      -2035      -5207      -2028      321.5       1810        993       2543       2984       1224     -316.7     -59.42 -1.236e+04      152.5 -1.089e+04 -1.201e+04      12.11       3820      822.6     -433.1       8311       9950     -764.3
      -6588 -2.546e+04 -9.642e+04 -6.887e+05 -1.269e+05 -2.884e+04 -2.942e+04 -2.566e+04       7917 -3.411e+04      500.8      -4215 -2.807e+04 -1.307e+04 -1.389e+04 -1.636e+04 -5.274e+04 -1.032e+04      -3398 -2.385e+04       2258      -4278 -2.641e+04 -1.261e+04 -2.186e+04 -1.409e+04 -2.169e+04      -2654 -1.618e+04      -5249      420.6 -3.551e+04   1.68e+04 -1.733e+04      -1855   2.77e+04  -1.53e+04 -1.239e+04      -6632      -7090 -1.104e+04      -3520       5628       5815       5332       2140       4151       3384      -5794      -2385       6125      -4566      -2204      -6571  2.663e+04       1654      -2847       3310      159.4       2098       5805       8544       1212
     -776.9 -3.675e+04  -3.08e+04 -1.269e+05 -1.035e+06 -8.824e+04 -3.523e+04 -2.431e+04      -3077  1.522e+04      -7174      -8723 -5.975e+04 -1.149e+04 -1.906e+04 -3.971e+04 -2.198e+04      -2335      -4045 -2.177e+04       2776       2684 -2.223e+04 -2.943e+04 -2.544e+04  -1.54e+04 -2.136e+04  1.267e+04      -9895   2.79e+04 -3.819e+04       1048  1.898e+04      -5388     -255.5  4.894e+04  1.765e+04 -1.183e+04      382.4        877 -1.691e+04       6914     -54.26       9537       9591       2497  1.166e+04     -156.9   1.38e+04  1.297e+04 -1.405e+04      -3901       3058      -2559  1.491e+04       1509      -7555       2808      821.5       2255       6617   1.03e+04       1354
       -984  -1.02e+04 -2.103e+04 -2.884e+04 -8.824e+04 -3.598e+05 -8.755e+04 -2.931e+04 -1.118e+04 -1.754e+04 -2.049e+04 -1.744e+04 -3.699e+04      -9838 -1.178e+04 -1.162e+04 -1.796e+04      -9178      -8589 -1.096e+04 -1.607e+04       9003      -4331       3057      -6463      -5776      -7497       3250 -2.252e+04  2.667e+04       7892 -3.643e+04       7243      -5367      -7522  4.241e+04 -3.238e+04 -2.816e+04      -5734      -3235        331       1413      -1100     -367.6       2358       1268       5263       4025       -415       9705       7861       -489       2212       3118  2.342e+04       1511       4191      357.8      336.8      923.5       8442       8154       1477
      -3448      -9715 -2.926e+04 -2.942e+04 -3.523e+04 -8.755e+04 -1.198e+06 -6.131e+04 -3.871e+04 -2.972e+04 -5.521e+04 -1.189e+05 -1.162e+04      -3331      -9038      -6952      -3709       5528       1932      -9747 -3.191e+04  1.207e+04       7259 -1.215e+04       3742      692.2      -2178       6893       2789       8748      -6485       2424  4.201e+04      -8952      -3589  5.437e+04  4.329e+04      -5403      408.6      677.7       7258       6018       8686  1.285e+04       9701       1257      -3725       4004 -1.455e+04       3495 -1.107e+04      -4829       8624      960.7  1.832e+04      -2008      -4036       5747       2018       3460  1.153e+04  1.661e+04       2973
      -1901     -240.6      -4030 -2.566e+04 -2.431e+04 -2.931e+04 -6.131e+04 -5.094e+05    1.5e+04 -2.363e+04 -4.619e+04 -2.012e+04 -1.338e+04      -3044      -5158      -9519       2618 -1.105e+04       1789 -1.212e+04  -1.12e+04      -6469  -1.79e+04 -1.385e+04 -1.317e+04      -1648       5342       2064      -4509       2238      653.8       1175      -8694      -2140       5532  4.332e+04 -6.465e+04  1.105e+04       2600       3677       7636       5094       1292       3915       4143      833.5       7612       1429       7604      -6202       4155      -3319       2873       6070      -3101      -9974       6224     -759.5       1718     -327.6  1.266e+04  1.327e+04       1180
  1.332e+04      -5968  1.397e+04       7917      -3077 -1.118e+04 -3.871e+04    1.5e+04 -1.706e+06  -4.73e+05 -1.915e+04      -9811     -670.1       9695      177.6      826.5   1.08e+04       1428      -4602  2.705e+04 -3.213e+04 -3.341e+04  1.317e+04      -1334 -2.921e+04      -2488       7129  1.603e+04       8174  4.161e+04       3662      -8666      -9193 -2.539e+04  -1.02e+04  5.033e+04  5.547e+04  1.938e+04       1055       6266       1342       2899       7178 -1.066e+04      -2212      807.8       4907       5541 -1.943e+04     -798.7 -1.305e+04      -1637     -376.9       7403      -1434 -5.191e+04  1.353e+04       4412      643.6      -1414       3172      -2185      892.8
       7362       7679  -2.03e+04 -3.411e+04  1.522e+04 -1.754e+04 -2.972e+04 -2.363e+04  -4.73e+05  -2.58e+06 -1.703e+04 -1.646e+04       9208      -5548       2709      -4547      -9289      -6743      44.06  1.534e+04   1.08e+04  3.805e+04      -2264      -2720       2488       9968      -2510  1.688e+04       8903       8465  2.053e+04 -2.503e+04 -7.465e+04  1.923e+04      -8925  5.555e+04  5.982e+04 -1.275e+04  1.209e+04       4530       9651      -2837      -4079       4123      -1638      462.4  1.809e+04       7117      -3957  4.952e+04   1.64e+04      218.6       3385  -1.13e+04 -1.689e+04 -1.285e+04      -5136      -6291       1098      -3572       4223       4806      -5405
       4348       4754      -7128      500.8      -7174 -2.049e+04 -5.521e+04 -4.619e+04 -1.915e+04 -1.703e+04 -4.028e+05 -1.592e+04       1169      -1029      -2153      -7001       4942     -682.2      859.7      -4922  1.399e+04       4255      -8730       5532       -406       6049      -5204       1050 -1.309e+04      -7627 -1.779e+04    1.4e+04      -6058 -1.077e+04       2308  4.693e+04  2.148e+04 -1.177e+04      -8328       2241       9355       5111       6007       4539       5823      177.7      -2982       1828       7490  1.196e+04       7492       5792       7690      -1807       9024  1.017e+04       1952       1087       1049      -1241      -3851      -5263      30.35
       4114       1495 -1.117e+04      -4215      -8723 -1.744e+04 -1.189e+05 -2.012e+04      -9811 -1.646e+04 -1.592e+04 -3.082e+05      -8458      -4037      -2475      -5656      -6869      -5717      714.2      -2295       5295       5392      95.05      -4444  1.456e+04  1.039e+04  1.137e+04       9482 -1.083e+04       6333      -9697       2290       6700      466.8       3105  4.601e+04  2.759e+04      -1677       1706       5375       7411       3296       5075       1474      328.5        157       4542       6857      -3403       1757       3300       5698       3880       1562       7788      -4611      190.8       3127       1358       1293       6369       4638       1072
 -1.024e+04  -3.15e+04 -4.315e+04 -2.807e+04 -5.975e+04 -3.699e+04 -1.162e+04 -1.338e+04     -670.1       9208       1169      -8458  -4.65e+05 -2.355e+04 -4.366e+04  -1.06e+04 -1.821e+04 -1.393e+04      -5291 -1.747e+04 -1.214e+04      -3527      -8514      -5412      -7760      -7448 -1.434e+04   -2.4e+04      -8437      358.5  1.079e+04  1.982e+04      -2150       4048       6654  4.507e+04   3.08e+04       6476 -1.629e+04 -1.265e+04       3071       2047  1.198e+04       3504       5178       1452       4379       3017      -3509       1449       4563      -6856       5144      -4579  1.815e+04       4217      -4519      -2700      60.94      326.4       4590       4896      173.9
      -7770      -5722 -2.099e+04 -1.307e+04 -1.149e+04      -9838      -3331      -3044       9695      -5548      -1029      -4037 -2.355e+04 -1.778e+05      -9011      -5358      -2318      -5259      -2191      -6007      -3971       8991      371.8      -1158      371.8      -5168     -422.7       4358      -9501      -6949       4478      -4869      -4540      740.2      493.5 -7.273e+04 -2.697e+04      -1414      -1309      -4490       1504      -1794      726.2       6249       5303      859.7      -1933       1504      -6053       3377      423.8       3828      424.4       1778       2943       8978       1295      351.6      923.9      754.7       6942       7531      969.9
      -5701 -1.031e+04 -2.338e+04 -1.389e+04 -1.906e+04 -1.178e+04      -9038      -5158      177.6       2709      -2153      -2475 -4.366e+04      -9011  -2.31e+05      -2121      -5809      -3586      -1549      -2559       5321      -4803       3486      -5026       3287       1826      -1781 -1.367e+04      -5172      -2371 -1.049e+04      -7937      -5989       9395       2456  3.332e+04      -5458      -9285      -1436      -8743       7887      -2667       2784       4348       3912       1512       1369       4477   1.28e+04      -6798       6723      259.2       2690     -727.7      -1401      -4270      788.4       3661      945.1     -371.6       5867       6907     -28.27
       1459      -2785      -8794 -1.636e+04 -3.971e+04 -1.162e+04      -6952      -9519      826.5      -4547      -7001      -5656  -1.06e+04      -5358      -2121 -1.819e+05      -4326      -2276      -5302      -3881      -2881      -7437       3358      -3113      -5392     -534.7       1031       1981       7698       8738       2425      981.4  1.298e+04      118.2      -3199  4.409e+04    3.5e+04  1.146e+04       1669     -120.7       4343       2969       5913      306.8       2738       1167       5498       4195     -797.1      -7527       3427       6474       7486      31.25     -434.7     -908.3       1990       3842      707.1      532.1       3324       6642     -49.73
     -918.7      -7430 -1.923e+04 -5.274e+04 -2.198e+04 -1.796e+04      -3709       2618   1.08e+04      -9289       4942      -6869 -1.821e+04      -2318      -5809      -4326 -3.059e+05 -3.482e+04 -2.025e+04      -5836       5943      -4420      -3743       4328       3083      813.7      -8692       5475     -233.3 -1.228e+04      -9058      -5342       3017       5684      -6817  4.102e+04  1.549e+04      -4512       1059      433.2      -5430      -2244      -1117      -1618       2414       1518       1227       5375       4197       9066       8936     -675.8       1340      -1603       6060       7592      -2238       1213      47.31       1607       6727  1.033e+04       2999
     -452.7      -9599 -1.116e+04 -1.032e+04      -2335      -9178       5528 -1.105e+04       1428      -6743     -682.2      -5717 -1.393e+04      -5259      -3586      -2276 -3.482e+04 -1.944e+05 -1.095e+04      -4489       2664       -290     -113.1       2858      -6020     -918.8       2142      -4472       8262      -5639       2482  1.616e+04       6588      -3603      -1414    4.3e+04       2699       7533      -1966       3993      371.7      54.36       2669       7031       7601       1497       3546       2852      -4475       3756       5409       3913      352.1      -1362  1.139e+04       5681       2794     -511.5       1267       1605       4339       5173       1448
       6346      -7795      59.62      -3398      -4045      -8589       1932       1789      -4602      44.06      859.7      714.2      -5291      -2191      -1549      -5302 -2.025e+04 -1.095e+04 -1.515e+05      -2181      -7848       6045       3826      -1244 -1.185e+04       1808      -4688       1531      -1108      -9042       3146      -1804       3586       9090     -979.6  4.155e+04      -2882      -8639       4003  1.044e+04       9998       2197       3340       4087       1749      742.6       4060       5559       4834       9829       4798       2688       1330     -48.86     -974.6      -1089       1477      808.3      338.6       1679       4366       5795       2253
      -5768 -1.425e+04 -6.867e+04 -2.385e+04 -2.177e+04 -1.096e+04      -9747 -1.212e+04  2.705e+04  1.534e+04      -4922      -2295 -1.747e+04      -6007      -2559      -3881      -5836      -4489      -2181 -2.267e+05 -4.539e+04 -1.095e+04  -1.37e+04 -2.701e+04 -2.682e+04      -1239      -5019 -1.176e+04       6592  1.255e+04       6163 -1.989e+04      -9367      -7351     -677.2  4.879e+04  1.114e+04 -1.571e+04      -7226      -7559       7771       6783       8950       6109       5625       2382       2216       4777       8731      -7855       7429      -1284      -1608      -2164      -1450      -3003       4023      -1743        893       2792       9496       7394       1817
  2.201e+04      -9188  -2.28e+04       2258       2776 -1.607e+04 -3.191e+04  -1.12e+04 -3.213e+04   1.08e+04  1.399e+04       5295 -1.214e+04      -3971       5321      -2881       5943       2664      -7848 -4.539e+04 -1.756e+06 -1.625e+05 -4.884e+04 -3.391e+04 -8.421e+04 -3.534e+05      -9915       3989  1.318e+04  1.229e+04 -2.804e+04  3.996e+04 -2.899e+04 -2.118e+04 -1.248e+04  2.662e+04 -3.307e+04      -7529 -1.145e+04  2.085e+04  1.822e+04       3518   2.17e+04       7707       7715      713.6      -4746       1679       8430       8190       9749     -855.7       4588      -2135       1035 -3.665e+04       2732       6445       1747      517.1      -6900      -7872      -1158
  2.535e+04      -9991 -3.114e+04      -4278       2684       9003  1.207e+04      -6469 -3.341e+04  3.805e+04       4255       5392      -3527       8991      -4803      -7437      -4420       -290       6045 -1.095e+04 -1.625e+05 -2.941e+06 -1.166e+05 -1.308e+05 -1.897e+05 -1.201e+05     -695.9       8591  4.645e+04  3.086e+04 -2.786e+04       4000       4336 -1.855e+04  1.314e+04   5.54e+04  5.587e+04  7.223e+04       7144  1.661e+04  2.362e+04 -1.493e+04       2416      -9121       2388      651.8       3051       -253 -1.077e+04       9391  2.308e+04      593.9  1.229e+04       9957  2.555e+04  1.373e+04       2678       1301      457.4       3559 -2.669e+04 -1.333e+04       -572
  1.259e+04      -7314       4256 -2.641e+04 -2.223e+04      -4331       7259  -1.79e+04  1.317e+04      -2264      -8730      95.05      -8514      371.8       3486       3358      -3743     -113.1       3826  -1.37e+04 -4.884e+04 -1.166e+05 -6.719e+05 -4.303e+04 -4.172e+04 -2.701e+04      -8182       4900      -4392  1.419e+04      -4432  3.708e+04   3.07e+04  -2.27e+04      -3235  5.404e+04  6.034e+04      -7798       4052  1.494e+04       6416      -3390       3983  1.455e+04  1.142e+04     -407.1       5150     -704.9  1.002e+04      -3970       5158       3000  1.105e+04      -4783 -1.569e+04      -2291       3706      337.9       1496      322.3     -256.8      -2357       1040
  1.644e+04      -6432 -1.062e+04 -1.261e+04 -2.943e+04       3057 -1.215e+04 -1.385e+04      -1334      -2720       5532      -4444      -5412      -1158      -5026      -3113       4328       2858      -1244 -2.701e+04 -3.391e+04 -1.308e+05 -4.303e+04 -7.109e+05 -4.978e+04 -3.217e+04      -5400 -2.586e+04      214.3       3103       5690       7638 -2.609e+04      -2124 -1.237e+04  5.609e+04  6.239e+04  -1.91e+04      -5518  1.659e+04  1.611e+04       9350       2639       3074       1049      274.3       9788       3673  1.034e+04  1.315e+04  1.185e+04     -545.9       4592       1032 -1.147e+04  1.099e+04       1450       2556       2155      90.72       6489       2076      859.6
  2.229e+04 -1.659e+04      -3497 -2.186e+04 -2.544e+04      -6463       3742 -1.317e+04 -2.921e+04       2488       -406  1.456e+04      -7760      371.8       3287      -5392       3083      -6020 -1.185e+04 -2.682e+04 -8.421e+04 -1.897e+05 -4.172e+04 -4.978e+04  -7.71e+05 -4.665e+04       1108 -2.985e+04 -1.433e+04 -1.333e+04       1450 -1.301e+04      -2223       6384      -1994  5.217e+04 -2.531e+04 -1.581e+04 -1.472e+04  1.813e+04  1.874e+04   1.15e+04      649.3 -1.145e+04      -4098       1048       4371     -68.03       1630  1.935e+04       8952       1415       9118       1826     -746.4      -4504 -1.314e+04       4923       2649       1474       5912       5100       2503
  1.916e+04      -9857       2947 -1.409e+04  -1.54e+04      -5776      692.2      -1648      -2488       9968       6049  1.039e+04      -7448      -5168       1826     -534.7      813.7     -918.8       1808      -1239 -3.534e+05 -1.201e+05 -2.701e+04 -3.217e+04 -4.665e+04 -7.353e+05       2956      -5574  1.903e+04  1.938e+04       1340 -1.267e+04 -5.415e+04 -1.581e+04  -2.38e+04  2.118e+04 -9.656e+04      -8966      -5881  1.901e+04       7012       1891   1.35e+04     -486.3      -1541       1488       6595      423.7       2660      -1911       8917       1789  1.094e+04       3828      -1297       1011       1422       6867       2618       3492      -2653       4138       4266
 -4.258e+05 -5.085e+04  -1.59e+04 -2.169e+04 -2.136e+04      -7497      -2178       5342       7129      -2510      -5204  1.137e+04 -1.434e+04     -422.7      -1781       1031      -8692       2142      -4688      -5019      -9915     -695.9      -8182      -5400       1108       2956 -9.926e+05 -5.129e+05      -6511 -1.032e+04      -5934      -8937 -1.009e+04      -3065 -2.483e+04  7.303e+04 -1.906e+04 -4.581e+05 -1.051e+04 -3.596e+05 -2.944e+05       3322  1.067e+04       9920       8358       6495       8936       3626 -2.982e+05 -2.946e+05       2084      -7092      -8144      -8031  1.039e+04 -1.146e+04      88.03      -2390  1.894e+04       4573       7547       5027  1.947e+04
 -4.063e+05 -1.795e+04 -2.982e+04      -2654  1.267e+04       3250       6893       2064  1.603e+04  1.688e+04       1050       9482   -2.4e+04       4358 -1.367e+04       1981       5475      -4472       1531 -1.176e+04       3989       8591       4900 -2.586e+04 -2.985e+04      -5574 -5.129e+05 -1.529e+06 -3.674e+04 -2.405e+04 -5.667e+04 -2.215e+04  -8.02e+04 -3.782e+04 -1.074e+05  6.782e+04  -1.53e+05 -5.228e+05  -1.35e+05 -3.494e+05 -3.027e+05  1.768e+04  1.004e+04  2.151e+04  1.827e+04       4007   1.86e+04       7106 -2.961e+05 -2.897e+05       8926       2584       7101 -1.398e+04 -1.134e+04  -1.34e+04      -2257     -340.5  2.166e+04       2624 -1.181e+04     -398.9   1.82e+04
       5746       7075      -5121 -1.618e+04      -9895 -2.252e+04       2789      -4509       8174       8903 -1.309e+04 -1.083e+04      -8437      -9501      -5172       7698     -233.3       8262      -1108       6592  1.318e+04  4.645e+04      -4392      214.3 -1.433e+04  1.903e+04      -6511 -3.674e+04 -2.146e+06  -4.04e+05 -3.243e+04 -5.953e+04 -7.845e+04 -2.472e+04 -2.847e+04 -3.097e+04 -1.379e+05 -4.974e+05 -3.326e+04     -44.61 -1.031e+04      -7414       7372 -2.586e+04 -2.843e+04      -1499       7522  1.016e+04      799.3      -2369       5576       5228       7665      -2997 -1.299e+04      -9620      -5738       3131      784.9      -8783 -1.464e+04 -1.112e+04      -9285
       6803  1.776e+04      709.6      -5249   2.79e+04  2.667e+04       8748       2238  4.161e+04       8465      -7627       6333      358.5      -6949      -2371       8738 -1.228e+04      -5639      -9042  1.255e+04  1.229e+04  3.086e+04  1.419e+04       3103 -1.333e+04  1.938e+04 -1.032e+04 -2.405e+04  -4.04e+05 -3.162e+06 -1.114e+05       6832 -4.931e+04 -9.299e+04 -9.471e+04  3.066e+04   1.18e+04 -1.525e+05      -3618     -249.7       3467 -1.545e+04       6415 -1.867e+04      -8451      646.1  1.092e+04  1.836e+04  1.123e+04  1.335e+04       7331  1.361e+04  -1.29e+04      -7436      -9750  1.185e+04 -1.534e+04      -3363       1987      -1054      -7865       1546      -4365
       7317      -2141      -9298      420.6 -3.819e+04       7892      -6485      653.8       3662  2.053e+04 -1.779e+04      -9697  1.079e+04       4478 -1.049e+04       2425      -9058       2482       3146       6163 -2.804e+04 -2.786e+04      -4432       5690       1450       1340      -5934 -5.667e+04 -3.243e+04 -1.114e+05 -1.057e+06      455.4  1.441e+04 -5.526e+04 -2.978e+04  5.002e+04  5.203e+04 -1.262e+05 -1.445e+04  1.423e+04       5051      -7237       2568  1.646e+04  1.237e+04      274.1  1.387e+04      913.1      -4808  2.989e+04  1.162e+04      -5442       1553  1.344e+04      -4313      -4052      -2947       6166       1645       2834 -1.607e+04      -7447       2196
       8931 -2.288e+04  -2.86e+04 -3.551e+04       1048 -3.643e+04       2424       1175      -8666 -2.503e+04    1.4e+04       2290  1.982e+04      -4869      -7937      981.4      -5342  1.616e+04      -1804 -1.989e+04  3.996e+04       4000  3.708e+04       7638 -1.301e+04 -1.267e+04      -8937 -2.215e+04 -5.953e+04       6832      455.4  -4.26e+06  -4.74e+05 -2.289e+04 -1.529e+04  5.152e+04  4.493e+04      -9543      -5614       4736 -2.139e+04  2.498e+04     -908.5 -1.252e+04 -2.046e+04      -1200  1.992e+04       9460  2.749e+04 -1.054e+05      -6247       7257  1.656e+04 -1.613e+04  1.439e+04       2686      -4458      -9097       1019       1300      -4367       1639      -3114
       9967  -2.78e+04     -528.2   1.68e+04  1.898e+04       7243  4.201e+04      -8694      -9193 -7.465e+04      -6058       6700      -2150      -4540      -5989  1.298e+04       3017       6588       3586      -9367 -2.899e+04       4336   3.07e+04 -2.609e+04      -2223 -5.415e+04 -1.009e+04  -8.02e+04 -7.845e+04 -4.931e+04  1.441e+04  -4.74e+05 -4.007e+06 -5.329e+04      -8468  1.611e+04 -4.581e+05 -9.068e+04       3215  2.007e+04 -1.195e+04       2926      -3287       9896       6426      787.5  2.466e+04       1480  1.314e+04  -4.72e+04      -4236       3514  1.293e+04       1722      -4805 -1.821e+04  1.604e+04       3940     -215.3       1926 -2.033e+04      -7118      871.8
       7407      -6699       2415 -1.733e+04      -5388      -5367      -8952      -2140 -2.539e+04  1.923e+04 -1.077e+04      466.8       4048      740.2       9395      118.2       5684      -3603       9090      -7351 -2.118e+04 -1.855e+04  -2.27e+04      -2124       6384 -1.581e+04      -3065 -3.782e+04 -2.472e+04 -9.299e+04 -5.526e+04 -2.289e+04 -5.329e+04 -8.561e+05 -1.334e+04   3.74e+04 -7.105e+04 -1.224e+05  -1.14e+04       4427     -115.8      -5193  1.409e+04     -714.3      -6983     -124.9     -315.5       8996       3582       2464       2813      -2771     -791.3       3690   1.83e+04       9566       1696     -383.5      532.4       2848      -6684       2075      84.12
       6332      821.7 -1.428e+04      -1855     -255.5      -7522      -3589       5532  -1.02e+04      -8925       2308       3105       6654      493.5       2456      -3199      -6817      -1414     -979.6     -677.2 -1.248e+04  1.314e+04      -3235 -1.237e+04      -1994  -2.38e+04 -2.483e+04 -1.074e+05 -2.847e+04 -9.471e+04 -2.978e+04 -1.529e+04      -8468 -1.334e+04 -4.443e+05 -2.069e+05  1.448e+04 -2.852e+04 -2.533e+04       4644       4323       5600       5239       5350        903      10.77   1.13e+04       3572  1.327e+04       6002       4689       4113       3346      -4413 -1.948e+04 -1.605e+04       1389       1953       2183       1223      -6048      381.3       1848
   5.47e+04   4.86e+04  5.361e+04   2.77e+04  4.894e+04  4.241e+04  5.437e+04  4.332e+04  5.033e+04  5.555e+04  4.693e+04  4.601e+04  4.507e+04 -7.273e+04  3.332e+04  4.409e+04  4.102e+04    4.3e+04  4.155e+04  4.879e+04  2.662e+04   5.54e+04  5.404e+04  5.609e+04  5.217e+04  2.118e+04  7.303e+04  6.782e+04 -3.097e+04  3.066e+04  5.002e+04  5.152e+04  1.611e+04   3.74e+04 -2.069e+05  -1.52e+08 -1.512e+07  4.164e+04   3.57e+04  5.308e+04  3.767e+04  1.348e+04  3.474e+04  2.282e+04  1.437e+04      -2856  3.406e+04  2.961e+04 -4.272e+05  6.339e+04  4.116e+04  2.867e+04 -8.391e+04   3.39e+04 -5.804e+04 -3.605e+05  3.749e+04 -5.991e+04       6674     -223.3 -6.841e+04 -7.777e+04 -2.156e+04
  5.737e+04      336.9   4.02e+04  -1.53e+04  1.765e+04 -3.238e+04  4.329e+04 -6.465e+04  5.547e+04  5.982e+04  2.148e+04  2.759e+04   3.08e+04 -2.697e+04      -5458    3.5e+04  1.549e+04       2699      -2882  1.114e+04 -3.307e+04  5.587e+04  6.034e+04  6.239e+04 -2.531e+04 -9.656e+04 -1.906e+04  -1.53e+05 -1.379e+05   1.18e+04  5.203e+04  4.493e+04 -4.581e+05 -7.105e+04  1.448e+04 -1.512e+07 -3.742e+07 -1.228e+04 -3.263e+04  5.918e+04  4.817e+04 -3.243e+04 -2.042e+04 -7.507e+04 -8.351e+04      -2856 -1.175e+04 -3.961e+04  5.721e+04 -7.432e+04  5.264e+04  2.217e+04      -1914 -2.245e+04  4.187e+04 -2.398e+04       7230  1.901e+04       9773  2.143e+04  1.974e+04 -5.865e+04  1.919e+04
 -4.135e+05      392.7 -1.684e+04 -1.239e+04 -1.183e+04 -2.816e+04      -5403  1.105e+04  1.938e+04 -1.275e+04 -1.177e+04      -1677       6476      -1414      -9285  1.146e+04      -4512       7533      -8639 -1.571e+04      -7529  7.223e+04      -7798  -1.91e+04 -1.581e+04      -8966 -4.581e+05 -5.228e+05 -4.974e+05 -1.525e+05 -1.262e+05      -9543 -9.068e+04 -1.224e+05 -2.852e+04  4.164e+04 -1.228e+04 -2.693e+06 -1.172e+04 -3.519e+05 -3.029e+05       2623  1.076e+04       2796      -2659       3399       5443  1.819e+04 -2.951e+05 -2.823e+05       2686      -1595       8834 -1.102e+04 -1.703e+04      670.5       4864      -1895   2.18e+04       4361     -621.4      -5600  1.384e+04
       4781 -1.035e+04  -1.15e+04      -6632      382.4      -5734      408.6       2600       1055  1.209e+04      -8328       1706 -1.629e+04      -1309      -1436       1669       1059      -1966       4003      -7226 -1.145e+04       7144       4052      -5518 -1.472e+04      -5881 -1.051e+04  -1.35e+05 -3.326e+04      -3618 -1.445e+04      -5614       3215  -1.14e+04 -2.533e+04   3.57e+04 -3.263e+04 -1.172e+04 -2.715e+05       2112       6105       3871       4948       6517       6096      844.2       6201       5351       1583  1.166e+04       3935       2563       6639      -1408 -1.151e+04      -6725      -3058       1373      453.9     -417.3      -1212       2210      -1336
 -8.359e+05      -6551      -7929      -7090        877      -3235      677.7       3677       6266       4530       2241       5375 -1.265e+04      -4490      -8743     -120.7      433.2       3993  1.044e+04      -7559  2.085e+04  1.661e+04  1.494e+04  1.659e+04  1.813e+04  1.901e+04 -3.596e+05 -3.494e+05     -44.61     -249.7  1.423e+04       4736  2.007e+04       4427       4644  5.308e+04  5.918e+04 -3.519e+05       2112 -1.227e+06  -4.24e+05       3951  1.439e+04       1148  1.101e+04       7627       4071       3899 -3.508e+05 -3.364e+05       1254 -1.205e+04      -4464      -4080      -1402       1342       8674       3968  1.747e+04       6126       7020  1.085e+04  2.166e+04
 -3.633e+05      -1375       8355 -1.104e+04 -1.691e+04        331       7258       7636       1342       9651       9355       7411       3071       1504       7887       4343      -5430      371.7       9998       7771  1.822e+04  2.362e+04       6416  1.611e+04  1.874e+04       7012 -2.944e+05 -3.027e+05 -1.031e+04       3467       5051 -2.139e+04 -1.195e+04     -115.8       4323  3.767e+04  4.817e+04 -3.029e+05       6105  -4.24e+05 -9.193e+05      -5852      -6516      -7452       2334       2018       1069      -4806 -4.298e+05 -3.947e+05 -1.138e+04 -1.948e+04       1102       9858  1.333e+04       7853  1.127e+04       2820  1.956e+04       1657  1.008e+04  1.382e+04  1.663e+04
      913.6      -3391      -2035      -3520       6914       1413       6018       5094       2899      -2837       5111       3296       2047      -1794      -2667       2969      -2244      54.36       2197       6783       3518 -1.493e+04      -3390       9350   1.15e+04       1891       3322  1.768e+04      -7414 -1.545e+04      -7237  2.498e+04       2926      -5193       5600  1.348e+04 -3.243e+04       2623       3871       3951      -5852  -3.45e+05 -1.065e+05 -6.363e+04      722.3 -3.059e+04      -2331      -9103 -1.136e+05 -2.153e+04      -5230      327.2       4538      -2683  2.479e+04  1.017e+04      -1142       1859       3150       4690       6312       5616       3895
       9389       7356      -5207       5628     -54.26      -1100       8686       1292       7178      -4079       6007       5075  1.198e+04      726.2       2784       5913      -1117       2669       3340       8950   2.17e+04       2416       3983       2639      649.3   1.35e+04  1.067e+04  1.004e+04       7372       6415       2568     -908.5      -3287  1.409e+04       5239  3.474e+04 -2.042e+04  1.076e+04       4948  1.439e+04      -6516 -1.065e+05 -3.809e+05 -7.947e+04 -1.327e+04 -3.034e+04      -8472  -1.59e+04 -2.968e+04 -2.038e+04 -1.087e+04       6893       5228       1423       9789       1044       5015       4569       3525       5726       4370       7122       4690
       4668       3455      -2028       5815       9537     -367.6  1.285e+04       3915 -1.066e+04       4123       4539       1474       3504       6249       4348      306.8      -1618       7031       4087       6109       7707      -9121  1.455e+04       3074 -1.145e+04     -486.3       9920  2.151e+04 -2.586e+04 -1.867e+04  1.646e+04 -1.252e+04       9896     -714.3       5350  2.282e+04 -7.507e+04       2796       6517       1148      -7452 -6.363e+04 -7.947e+04 -4.321e+05  -2.91e+05 -3.221e+04 -5.874e+04       1883      -2713  1.419e+04      -2085       8259  1.133e+04       5147  1.266e+04  1.405e+04       7239       8934       4247       4903      759.5       4878       5283
   1.09e+04       1858      321.5       5332       9591       2358       9701       4143      -2212      -1638       5823      328.5       5178       5303       3912       2738       2414       7601       1749       5625       7715       2388  1.142e+04       1049      -4098      -1541       8358  1.827e+04 -2.843e+04      -8451  1.237e+04 -2.046e+04       6426      -6983        903  1.437e+04 -8.351e+04      -2659       6096  1.101e+04       2334      722.3 -1.327e+04  -2.91e+05 -3.057e+05 -2.228e+04 -4.934e+04       1139  1.349e+04  2.282e+04      172.2       5783       7837       4288  1.052e+04       8906       2467       5780       1846       1862     -670.9     -306.8       2605
       7054       3140       1810       2140       2497       1268       1257      833.5      807.8      462.4      177.7        157       1452      859.7       1512       1167       1518       1497      742.6       2382      713.6      651.8     -407.1      274.3       1048       1488       6495       4007      -1499      646.1      274.1      -1200      787.5     -124.9      10.77      -2856      -2856       3399      844.2       7627       2018 -3.059e+04 -3.034e+04 -3.221e+04 -2.228e+04 -7.751e+04      -4496      -1708     -355.1      -1227      -1503       3950       4085       1487      393.8      -1024      -2032       3420       1391       1285     -183.7      863.3      955.4
       5886       8035        993       4151  1.166e+04       5263      -3725       7612       4907  1.809e+04      -2982       4542       4379      -1933       1369       5498       1227       3546       4060       2216      -4746       3051       5150       9788       4371       6595       8936   1.86e+04       7522  1.092e+04  1.387e+04  1.992e+04  2.466e+04     -315.5   1.13e+04  3.406e+04 -1.175e+04       5443       6201       4071       1069      -2331      -8472 -5.874e+04 -4.934e+04      -4496 -2.417e+05      -2186     -213.7  2.255e+04      -3980       4967       6873       3120  1.398e+04  1.564e+04       3584       9028       1224       5007       1817      432.8       5590
       3439       3883       2543       3384     -156.9       4025       4004       1429       5541       7117       1828       6857       3017       1504       4477       4195       5375       2852       5559       4777       1679       -253     -704.9       3673     -68.03      423.7       3626       7106  1.016e+04  1.836e+04      913.1       9460       1480       8996       3572  2.961e+04 -3.961e+04  1.819e+04       5351       3899      -4806      -9103  -1.59e+04       1883       1139      -1708      -2186 -1.032e+05       6434       -518      -1306       1061       3907       4957       9961       2135       1738       5267      837.4       4249       1647     -480.1       4980
 -2.979e+05      -9005       2984      -5794   1.38e+04       -415 -1.455e+04       7604 -1.943e+04      -3957       7490      -3403      -3509      -6053   1.28e+04     -797.1       4197      -4475       4834       8731       8430 -1.077e+04  1.002e+04  1.034e+04       1630       2660 -2.982e+05 -2.961e+05      799.3  1.123e+04      -4808  2.749e+04  1.314e+04       3582  1.327e+04 -4.272e+05  5.721e+04 -2.951e+05       1583 -3.508e+05 -4.298e+05 -1.136e+05 -2.968e+04      -2713  1.349e+04     -355.1     -213.7       6434 -1.502e+06 -5.184e+05 -1.469e+04      -1006      -2052 -1.289e+04  2.642e+04   1.04e+04      -6546      -6876  2.151e+04       3894  1.138e+04  1.219e+04  1.952e+04
 -2.964e+05       5471       1224      -2385  1.297e+04       9705       3495      -6202     -798.7  4.952e+04  1.196e+04       1757       1449       3377      -6798      -7527       9066       3756       9829      -7855       8190       9391      -3970  1.315e+04  1.935e+04      -1911 -2.946e+05 -2.897e+05      -2369  1.335e+04  2.989e+04 -1.054e+05  -4.72e+04       2464       6002  6.339e+04 -7.432e+04 -2.823e+05  1.166e+04 -3.364e+05 -3.947e+05 -2.153e+04 -2.038e+04  1.419e+04  2.282e+04      -1227  2.255e+04       -518 -5.184e+05 -2.232e+06 -2.113e+05      -5836      -3428      -1225  2.772e+04   2.45e+04      760.7      -6295  2.299e+04  1.022e+04       4901  1.487e+04  2.556e+04
       6168  1.033e+04     -316.7       6125 -1.405e+04       7861 -1.107e+04       4155 -1.305e+04   1.64e+04       7492       3300       4563      423.8       6723       3427       8936       5409       4798       7429       9749  2.308e+04       5158  1.185e+04       8952       8917       2084       8926       5576       7331  1.162e+04      -6247      -4236       2813       4689  4.116e+04  5.264e+04       2686       3935       1254 -1.138e+04      -5230 -1.087e+04      -2085      172.2      -1503      -3980      -1306 -1.469e+04 -2.113e+05 -4.664e+05       8392       5505       4109       4427  1.063e+04       3687       3526       3229       5278       4404  1.073e+04       4574
      -8248      -7666     -59.42      -4566      -3901       -489      -4829      -3319      -1637      218.6       5792       5698      -6856       3828      259.2       6474     -675.8       3913       2688      -1284     -855.7      593.9       3000     -545.9       1415       1789      -7092       2584       5228  1.361e+04      -5442       7257       3514      -2771       4113  2.867e+04  2.217e+04      -1595       2563 -1.205e+04 -1.948e+04      327.2       6893       8259       5783       3950       4967       1061      -1006      -5836       8392 -2.659e+05 -2.857e+04      -7250      -4930      -2622      -3959 -1.454e+04       2958       1159       2695       3468      580.6
      -4743      -3479 -1.236e+04      -2204       3058       2212       8624       2873     -376.9       3385       7690       3880       5144      424.4       2690       7486       1340      352.1       1330      -1608       4588  1.229e+04  1.105e+04       4592       9118  1.094e+04      -8144       7101       7665  -1.29e+04       1553  1.656e+04  1.293e+04     -791.3       3346 -8.391e+04      -1914       8834       6639      -4464       1102       4538       5228  1.133e+04       7837       4085       6873       3907      -2052      -3428       5505 -2.857e+04 -2.299e+05 -1.216e+04      -9821      -8986 -2.534e+04  -1.17e+04       2796       2136       4786       5342       2582
