
 72

((monodelphis_domestica: 0.040214, (notamacropus_eugenii: 0.034790, sarcophilus_harrisii: 0.039881): 0.008880): 0.072833, (((choloepus_hoffmanni: 0.036231, dasypus_novemcinctus: 0.047292): 0.017402, (echinops_telfairi: 0.077218, (procavia_capensis: 0.048276, loxodonta_africana: 0.028645): 0.009158): 0.015415): 0.001762, (((sorex_araneus: 0.086423, erinaceus_europaeus: 0.075924): 0.014189, ((pteropus_vampyrus: 0.037395, myotis_lucifugus: 0.050192): 0.009702, (((felis_catus: 0.002606, (panthera_tigris_altaica: 0.001997, panthera_pardus: 0.001111): 0.001861): 0.020318, (canis_familiaris: 0.024006, (mustela_putorius_furo: 0.023652, ailuropoda_melanoleuca: 0.017449): 0.004426): 0.005122): 0.014798, (equus_caballus: 0.033150, (vicugna_pacos: 0.033888, (sus_scrofa: 0.032955, (tursiops_truncatus: 0.025317, (bos_taurus: 0.008844, (ovis_aries: 0.005296, capra_hircus: 0.003158): 0.006384): 0.026638): 0.005030): 0.002569): 0.010501): 0.001214): 0.000713): 0.001997): 0.006279, ((tupaia_belangeri: 0.054738, ((oryctolagus_cuniculus: 0.034134, ochotona_princeps: 0.056813): 0.028328, (ictidomys_tridecemlineatus: 0.041850, (((fukomys_damarensis: 0.025438, heterocephalus_glaber_female: 0.021276): 0.010244, ((cavia_porcellus: 0.001557, cavia_aperea: 0.004740): 0.033525, (chinchilla_lanigera: 0.020913, octodon_degus: 0.033067): 0.004281): 0.007394): 0.032389, (dipodomys_ordii: 0.066063, (jaculus_jaculus: 0.056434, (nannospalax_galili: 0.038804, (((mesocricetus_auratus: 0.017651, cricetulus_griseus_chok1gshd: 0.013349): 0.008865, (peromyscus_maniculatus_bairdii: 0.021043, microtus_ochrogaster: 0.026172): 0.001529): 0.006628, ((mus_pahari: 0.009299, (mus_caroli: 0.004718, (mus_musculus: 0.002162, mus_spretus: 0.002336): 0.002532): 0.004539): 0.009797, rattus_norvegicus: 0.020857): 0.016376): 0.022765): 0.010937): 0.011229): 0.005798): 0.001799): 0.007258): 0.003400): 0.000963, ((otolemur_garnettii: 0.037918, (propithecus_coquereli: 0.012410, microcebus_murinus: 0.017131): 0.010847): 0.010373, (carlito_syrichta: 0.042685, (((aotus_nancymaae: 0.007898, callithrix_jacchus: 0.009674): 0.000373, (saimiri_boliviensis_boliviensis: 0.008362, cebus_capucinus: 0.007243): 0.001137): 0.011686, (((chlorocebus_sabaeus: 0.003358, ((papio_anubis: 0.001968, (cercocebus_atys: 0.002087, mandrillus_leucophaeus: 0.001756): 0.000359): 0.000391, (macaca_nemestrina: 0.001171, (macaca_mulatta: 0.000964, macaca_fascicularis: 0.000537): 0.000276): 0.001123): 0.000879): 0.001475, (colobus_angolensis_palliatus: 0.003839, (rhinopithecus_roxellana: 0.000696, rhinopithecus_bieti: 0.001187): 0.002832): 0.001753): 0.005669, (nomascus_leucogenys: 0.007284, (pongo_abelii: 0.006038, (gorilla_gorilla: 0.002895, ((pan_troglodytes: 0.000741, pan_paniscus: 0.000952): 0.001370, homo_sapiens: 0.002303): 0.000589): 0.002506): 0.000808): 0.002852): 0.005518): 0.017239): 0.003153): 0.005270): 0.006326): 0.006198): 0.090501, ornithorhynchus_anatinus: 0.202767);

  0.072833  0.040214  0.008880  0.034790  0.039881  0.090501  0.001762  0.017402  0.036231  0.047292  0.015415  0.077218  0.009158  0.048276  0.028645  0.006198  0.006279  0.014189  0.086423  0.075924  0.001997  0.009702  0.037395  0.050192  0.000713  0.014798  0.020318  0.002606  0.001861  0.001997  0.001111  0.005122  0.024006  0.004426  0.023652  0.017449  0.001214  0.033150  0.010501  0.033888  0.002569  0.032955  0.005030  0.025317  0.026638  0.008844  0.006384  0.005296  0.003158  0.006326  0.000963  0.054738  0.003400  0.028328  0.034134  0.056813  0.007258  0.041850  0.001799  0.032389  0.010244  0.025438  0.021276  0.007394  0.033525  0.001557  0.004740  0.004281  0.020913  0.033067  0.005798  0.066063  0.011229  0.056434  0.010937  0.038804  0.022765  0.006628  0.008865  0.017651  0.013349  0.001529  0.021043  0.026172  0.016376  0.009797  0.009299  0.004539  0.004718  0.002532  0.002162  0.002336  0.020857  0.005270  0.010373  0.037918  0.010847  0.012410  0.017131  0.003153  0.042685  0.017239  0.011686  0.000373  0.007898  0.009674  0.001137  0.008362  0.007243  0.005518  0.005669  0.001475  0.003358  0.000879  0.000391  0.001968  0.000359  0.002087  0.001756  0.001123  0.001171  0.000276  0.000964  0.000537  0.001753  0.003839  0.002832  0.000696  0.001187  0.002852  0.007284  0.000808  0.006038  0.002506  0.002895  0.000589  0.001370  0.000741  0.000952  0.002303  0.202767

 -30.452822 -3.993118 -21.102641  4.734057 12.323521 -0.939435 -3.532800 12.064877  1.797520  2.258738 13.079050  1.417883 -13.935349  8.173581 -10.991406 26.971578 -2.832064 -6.299490 10.046820 14.715238 14.815692 -16.639619 -8.277264  9.701717  5.472277 -0.312032 16.320443  5.239006 57.690493 -4.703102 -7.256253  4.113999  9.949817 -0.890130 13.228553 13.071212 -5.860216 12.944672 10.930706  3.296916 12.819315 28.653156 -1.000794 37.059712 23.894535 26.310008 40.274049 38.761246 34.796085 44.126321 -27.280107  2.030876 11.267940  6.122308  2.143385 -6.644668 34.136675  3.164450 -5.224632 32.331405 -3.392516 20.344115 11.435479 26.791637  7.010655 10.488982  3.503792  0.908805 35.103166  7.284217 -6.926138 -6.674374 22.066695  4.672330 36.223431 14.828667  1.311254  6.161768 13.773232  7.577596  4.466602 -22.987144 35.864896 -0.707905 11.930444  3.080437 -3.654058 -15.074884 -1.427502 -6.911543 87.058110 -4.980255 28.116921 34.574754  2.267532  9.493417 12.898603 16.245552 23.898114 -51.395969 12.486889 31.183266 15.244559 -21.524141 10.256669  6.991785 76.318944 27.061452 25.723083 24.229692 25.948563 -7.216419 20.197746 42.821827  4.524459 -14.035347 50.925080 61.673862 73.910351 63.910083 72.000039 50.594125  6.978196 12.621951 10.821627 80.232723 72.865206 68.385958 65.654784 56.909164 32.952304 112.431545 17.792580 79.559070 83.651377 76.118724 59.895114  1.377337 68.777878  4.032654  5.389245


Hessian

 -1.712e+07 -1.049e+06 -3.313e+06 -8.808e+05  -7.11e+05 -8.835e+06   5.04e+05  7.248e+05   4.03e+05  8.094e+05  6.213e+05   5.26e+05  6.853e+05  6.382e+05  7.679e+05 -2.725e+05  9.906e+05  5.947e+05  3.763e+05  4.509e+05  1.021e+06  9.905e+05  9.348e+05  7.658e+05  1.097e+06  9.797e+05   1.07e+06  1.189e+06  1.108e+06  1.118e+06  1.265e+06  1.011e+06  9.427e+05  1.022e+06  1.039e+06  1.053e+06  1.131e+06  9.202e+05  1.232e+06  5.971e+05  1.251e+06  1.076e+06  1.223e+06  1.053e+06  1.059e+06  9.744e+05  1.082e+06  1.222e+06  1.242e+06  7.074e+05  8.347e+05  5.871e+05  9.526e+05  9.655e+05  8.934e+05  6.675e+05  9.894e+05  7.928e+05  1.113e+06  1.078e+06  1.157e+06  9.544e+05  1.027e+06   1.13e+06  9.877e+05  1.088e+06  1.004e+06  1.158e+06  1.036e+06  9.203e+05  9.006e+05  7.191e+05   8.78e+05  7.312e+05  8.925e+05  8.323e+05  9.001e+05  1.098e+06  1.031e+06  9.896e+05  9.253e+05  1.131e+06  9.606e+05  9.563e+05  9.038e+05  9.946e+05  1.034e+06  1.046e+06  1.054e+06  1.092e+06   1.27e+06  1.133e+06  9.793e+05  9.295e+05  1.002e+06  8.725e+05  1.069e+06  1.147e+06  1.021e+06  9.764e+05  7.922e+05  9.903e+05  9.986e+05  1.106e+06  1.124e+06  1.036e+06   8.96e+05  1.124e+06  1.003e+06  9.364e+05  1.091e+06  1.368e+06  1.156e+06  1.052e+06  1.071e+06  9.878e+05  1.704e+06  1.403e+06  1.161e+06   1.24e+06  1.356e+06  1.367e+06   1.21e+06  1.587e+06  1.347e+06  1.323e+06  1.141e+06  1.576e+06  1.582e+06  1.049e+06  1.216e+06  1.246e+06  1.152e+06  1.154e+06  1.426e+06  1.231e+06  1.339e+06  1.631e+06  1.506e+06    1.2e+06 -2.092e+05
 -1.049e+06 -5.266e+07 -1.953e+07  -3.47e+06 -4.475e+06  -3.63e+05  1.593e+06  1.181e+06  5.379e+05  1.065e+06  1.204e+06  6.828e+05  1.089e+06  8.067e+05  9.974e+05  1.515e+06  1.882e+06  9.789e+05   5.22e+05  6.628e+05  2.095e+06  1.456e+06  1.126e+06  1.016e+06   1.87e+06  1.501e+06  1.399e+06  1.178e+06  1.016e+06  9.746e+05  1.203e+06  1.698e+06  1.102e+06  1.485e+06  1.207e+06   1.28e+06  2.047e+06  1.225e+06  1.841e+06  7.227e+05  1.805e+06  1.321e+06  1.569e+06  1.189e+06  1.342e+06  1.324e+06  1.152e+06  1.236e+06  1.146e+06   1.82e+06  1.788e+06  7.662e+05   1.83e+06  1.381e+06  1.095e+06  8.694e+05  1.801e+06  1.124e+06  1.849e+06  1.529e+06  1.316e+06  1.105e+06  1.096e+06  1.519e+06  1.157e+06  9.068e+05  7.361e+05  1.505e+06  1.154e+06    9.9e+05  1.618e+06  9.532e+05   1.51e+06  9.989e+05  1.397e+06  9.912e+05  1.284e+06  1.149e+06  1.211e+06  1.014e+06  9.397e+05  1.158e+06  1.085e+06  1.004e+06  1.101e+06  1.164e+06  1.337e+06  1.269e+06  1.238e+06  1.092e+06  1.531e+06  8.801e+05  9.479e+05  1.925e+06  1.636e+06  1.092e+06  1.541e+06  1.436e+06  1.153e+06  1.878e+06  1.088e+06  1.639e+06  1.395e+06  1.624e+06  1.158e+06  1.143e+06  1.103e+06  1.101e+06  1.163e+06  1.552e+06  1.461e+06  1.542e+06  1.202e+06  1.403e+06   1.88e+06  1.221e+06  1.136e+06  1.422e+06   1.56e+06  1.519e+06  1.233e+06  1.518e+06  1.167e+06  1.406e+06   8.01e+05  1.255e+06  1.454e+06  1.274e+06  1.525e+06  1.214e+06  1.223e+06  1.418e+06  1.127e+06  1.676e+06  1.031e+06  1.188e+06  1.243e+06  1.159e+06  1.296e+06  1.629e+06  7.909e+04
 -3.313e+06 -1.953e+07 -1.094e+08 -9.397e+06 -1.357e+07 -1.894e+06  1.556e+06  1.261e+06  5.212e+05  1.181e+06  1.282e+06  7.884e+05    1.3e+06  9.593e+05  1.219e+06  1.467e+06  2.153e+06  1.204e+06  5.861e+05  7.902e+05  2.168e+06  1.766e+06   1.29e+06  1.215e+06  2.045e+06  1.909e+06  1.611e+06  1.847e+06  1.783e+06  1.109e+06  1.121e+06  2.067e+06  1.428e+06  1.836e+06  1.459e+06  1.397e+06  2.236e+06  1.459e+06  1.975e+06  7.395e+05  1.985e+06  1.554e+06  1.977e+06  1.355e+06  1.677e+06  1.427e+06  1.122e+06  1.538e+06  1.619e+06  2.049e+06  2.011e+06  8.552e+05   2.21e+06  1.496e+06  1.353e+06      1e+06  1.898e+06  1.239e+06  1.785e+06   1.74e+06  1.557e+06  1.343e+06  1.395e+06  1.622e+06  1.328e+06  1.244e+06  8.762e+05  1.377e+06  1.223e+06  1.143e+06  1.743e+06  1.084e+06  1.696e+06  1.093e+06   1.55e+06  1.113e+06  1.473e+06  1.501e+06  1.501e+06  1.147e+06  1.066e+06  1.501e+06  1.252e+06  1.111e+06  1.336e+06  1.235e+06   1.36e+06  1.484e+06  1.301e+06   1.01e+06  1.575e+06  1.102e+06  1.144e+06  1.839e+06  1.856e+06   1.38e+06  1.658e+06  1.517e+06  1.283e+06  1.912e+06  1.241e+06  1.721e+06  1.603e+06  1.729e+06  1.397e+06  1.461e+06   1.51e+06  1.455e+06  1.456e+06  1.549e+06  1.659e+06  1.916e+06   1.21e+06  1.707e+06  1.781e+06  1.547e+06  1.206e+06  1.579e+06  1.332e+06  1.384e+06  1.639e+06  2.172e+06  1.042e+06  1.362e+06   1.17e+06   1.82e+06  1.719e+06  1.625e+06  1.067e+06  1.412e+06  1.094e+06  1.017e+06  1.383e+06  1.696e+06  1.586e+06  1.154e+06  1.584e+06  1.619e+06  2.026e+06  1.249e+06  5.428e+04
 -8.808e+05  -3.47e+06 -9.397e+06 -5.195e+07 -4.404e+06 -5.022e+05  1.416e+06  9.592e+05  3.454e+05  8.785e+05  1.201e+06  6.525e+05  9.144e+05  6.306e+05  8.415e+05  9.161e+05  1.743e+06  9.324e+05   5.16e+05  6.291e+05  1.522e+06  1.342e+06  9.168e+05  9.412e+05  1.958e+06  1.426e+06  1.211e+06   1.32e+06  1.019e+06   9.98e+05   1.25e+06  1.261e+06  8.446e+05   1.38e+06  1.073e+06  1.068e+06  1.459e+06  9.954e+05  1.442e+06  5.747e+05  1.497e+06  1.121e+06  1.319e+06  9.475e+05  1.205e+06   9.26e+05  1.012e+06  1.049e+06  1.169e+06  1.333e+06  1.554e+06  7.031e+05   1.63e+06  1.143e+06  9.658e+05  7.818e+05  1.442e+06   9.66e+05  1.564e+06  1.317e+06  1.018e+06  9.531e+05   8.81e+05  1.254e+06  9.637e+05  6.698e+05  5.818e+05  1.132e+06   9.82e+05  7.735e+05  1.417e+06  8.244e+05  1.235e+06  8.165e+05  1.194e+06  8.344e+05  1.038e+06  1.158e+06  1.097e+06  8.976e+05  1.017e+06  1.012e+06   9.45e+05   8.13e+05  1.022e+06  1.009e+06  1.076e+06  1.033e+06  1.146e+06  1.053e+06  9.278e+05  8.165e+05  9.881e+05  1.313e+06  1.431e+06  9.688e+05  1.206e+06  8.826e+05  1.014e+06  1.393e+06  9.445e+05  1.173e+06  1.162e+06  6.924e+05   1.05e+06  1.038e+06  1.347e+06   1.01e+06  7.868e+05  9.328e+05  9.985e+05  1.071e+06  1.133e+06   1.18e+06      -5856  8.007e+05  1.292e+06  1.057e+06  1.278e+06  1.125e+06  1.288e+06  1.129e+06   9.66e+05  1.353e+06  6.615e+05  1.292e+06  1.033e+06   9.76e+05  8.843e+05  7.655e+05   1.21e+06  5.128e+05  8.342e+05  7.878e+05  1.173e+06  1.204e+06  1.119e+06  5.215e+05  1.394e+06  8.573e+05  1.205e+05
  -7.11e+05 -4.475e+06 -1.357e+07 -4.404e+06 -5.133e+07  -1.54e+05  1.593e+06  1.179e+06  5.241e+05  1.025e+06  1.275e+06  7.053e+05  1.038e+06  8.632e+05  9.096e+05  1.618e+06  1.735e+06  9.776e+05  5.256e+05  6.698e+05  2.193e+06  1.609e+06  1.161e+06  1.012e+06  2.085e+06  1.703e+06  1.382e+06  9.064e+05   1.37e+06  7.195e+05  1.026e+06  1.462e+06  1.142e+06  1.691e+06   1.31e+06  1.135e+06  1.883e+06  1.248e+06  1.816e+06  6.557e+05   1.99e+06  1.379e+06  1.603e+06  1.119e+06  1.378e+06   1.02e+06  1.346e+06  1.002e+06  8.957e+05  1.778e+06  1.954e+06  8.157e+05  1.874e+06  1.355e+06  1.048e+06  8.704e+05  1.619e+06  1.052e+06  1.867e+06  1.566e+06  1.322e+06  1.016e+06  1.253e+06  1.377e+06  1.147e+06  1.025e+06  3.607e+05  1.527e+06  1.204e+06  9.968e+05  1.753e+06  9.199e+05   1.52e+06  9.448e+05  1.305e+06   9.36e+05  1.343e+06  1.257e+06  1.234e+06  8.979e+05  9.939e+05  1.041e+06  1.026e+06  9.784e+05  1.176e+06  1.179e+06  1.076e+06  1.141e+06  1.255e+06  1.185e+06   1.17e+06  6.869e+05  1.063e+06  1.689e+06   1.82e+06  1.122e+06  1.514e+06  1.249e+06  1.159e+06  1.802e+06  1.117e+06   1.58e+06  1.309e+06  1.282e+06  1.169e+06  1.187e+06  1.168e+06  1.364e+06  1.166e+06  1.468e+06  1.204e+06  1.762e+06  9.962e+05  1.252e+06    2.1e+06   1.26e+06  1.134e+06   1.49e+06  1.124e+06  1.447e+06  1.408e+06  1.789e+06  1.042e+06  1.034e+06  1.115e+06  1.216e+06  1.279e+06  1.041e+06  6.066e+05  1.401e+06  1.226e+06  1.763e+06  1.063e+06  1.542e+06  1.267e+06  1.498e+06  1.253e+06  1.058e+06  1.407e+06  1.467e+06  9.265e+04
 -8.835e+06  -3.63e+05 -1.894e+06 -5.022e+05  -1.54e+05 -1.593e+07  1.366e+05  5.406e+05  3.797e+05  7.023e+05  3.975e+05  4.653e+05  5.588e+05  5.989e+05  6.912e+05  -9.53e+05  6.893e+05  4.602e+05  2.925e+05  4.019e+05  7.356e+05  8.064e+05  8.874e+05  6.478e+05  7.985e+05  8.503e+05  9.633e+05  1.105e+06  1.088e+06  1.182e+06  1.073e+06  7.646e+05  8.488e+05  8.633e+05  9.533e+05  1.036e+06  7.815e+05  7.765e+05    9.9e+05  5.414e+05  1.026e+06  9.432e+05  1.016e+06  1.043e+06  8.918e+05  1.035e+06  1.064e+06  1.264e+06  1.235e+06   3.83e+05   5.88e+05  4.935e+05  5.594e+05  7.972e+05  8.077e+05  5.868e+05  7.074e+05  7.483e+05  7.019e+05  9.111e+05  1.148e+06  9.541e+05  1.035e+06  1.052e+06  9.548e+05   1.31e+06  1.077e+06  1.074e+06  9.811e+05  9.007e+05  6.725e+05  6.498e+05  7.134e+05      7e+05  7.464e+05   8.58e+05  8.474e+05  1.063e+06   1.03e+06  1.006e+06  9.601e+05  1.108e+06    9.3e+05  9.038e+05  9.177e+05  1.004e+06  1.013e+06  1.154e+06   1.16e+06  1.144e+06  1.387e+06  1.172e+06  9.387e+05  6.246e+05  8.467e+05  7.668e+05  9.329e+05  1.077e+06  9.784e+05  7.867e+05  7.256e+05  7.752e+05  9.483e+05  1.134e+06  1.176e+06  1.054e+06   9.53e+05  1.041e+06  1.042e+06  8.881e+05  1.088e+06  1.296e+06  1.274e+06  1.033e+06   1.14e+06  1.159e+06  1.871e+06  1.499e+06  1.224e+06  1.139e+06  1.449e+06  1.558e+06  1.256e+06  1.641e+06  1.417e+06  1.312e+06  1.146e+06  1.401e+06  1.625e+06  1.043e+06  1.166e+06  1.093e+06  1.243e+06  1.197e+06  1.427e+06  1.219e+06  1.558e+06  1.685e+06    1.7e+06   1.22e+06  -2.03e+05
   5.04e+05  1.593e+06  1.556e+06  1.416e+06  1.593e+06  1.366e+05 -5.358e+08 -2.045e+07 -2.848e+06 -8.614e+06 -4.127e+07  -5.65e+05 -2.059e+07 -1.298e+06 -5.241e+06  -1.64e+08 -7.287e+06 -1.252e+06 -1.221e+05 -1.991e+05 -7.127e+06 -3.188e+06 -7.283e+05 -1.243e+05 -9.432e+06 -3.309e+06 -1.545e+06  3.728e+05  2.267e+05  1.113e+06  1.904e+06   -2.4e+06 -1.148e+05 -2.683e+06 -5.167e+05  3.511e+05 -8.937e+06 -1.355e+06 -5.066e+06 -1.033e+05 -5.023e+06 -9.865e+05 -3.165e+06  1.154e+05 -6.593e+05  9.055e+05  1.058e+06  1.883e+06  1.756e+06 -9.069e+06 -6.538e+06 -6.599e+05 -6.609e+06 -1.475e+06 -1.557e+05  2.197e+05 -4.522e+06 -6.235e+05 -5.164e+06 -1.215e+06  1.299e+06  1.653e+06  1.542e+06  9.196e+05  1.154e+06  3.049e+06  2.816e+06  1.259e+06  1.589e+06  1.468e+06 -2.189e+06  2.556e+05 -1.037e+06  1.174e+06  2.528e+05  1.346e+06   1.36e+06  1.801e+06  2.021e+06  1.753e+06  2.258e+06  2.399e+06  1.649e+06  1.896e+06  1.866e+06   2.05e+06  2.252e+06  1.748e+06   3.07e+06  2.802e+06  2.915e+06  2.901e+06  1.975e+06 -5.862e+06  -2.88e+06 -8.894e+04 -2.301e+06 -3.744e+05 -8.108e+05  -5.06e+06 -4.982e+05 -2.842e+06  2.825e+05  8.723e+05  1.034e+06  1.286e+06 -1.398e+05   7.45e+05  9.012e+05 -7.673e+05  1.175e+06 -1.081e+06  1.088e+06  2.848e+06 -1.814e+06  2.752e+06  9.448e+05  3.011e+06  1.562e+06  7.684e+05  6.208e+05  1.604e+06  1.272e+06  1.541e+06  3.884e+05  1.678e+06   2.34e+06   3.43e+06  1.569e+06 -1.723e+05  1.328e+06  1.955e+06  1.076e+06  1.056e+06  2.438e+06   1.38e+06  2.201e+06   2.05e+06  3.017e+06  2.079e+06   5.69e+05
  7.248e+05  1.181e+06  1.261e+06  9.592e+05  1.179e+06  5.406e+05 -2.045e+07 -8.367e+07 -8.198e+06 -2.504e+07  1.379e+05  3.503e+05  5.441e+05  4.896e+05  4.068e+05 -1.215e+07 -2.754e+06  6.845e+04  2.645e+05  2.608e+05 -3.078e+06 -5.223e+05   2.84e+05  2.537e+05 -4.323e+06 -9.672e+05 -1.152e+05  6.718e+05  3.416e+05  8.595e+05  5.974e+05 -5.534e+05  2.795e+05 -4.086e+05  1.654e+05  3.083e+05 -2.497e+06 -1.514e+05 -1.891e+06  2.276e+05 -1.501e+06  4.962e+04 -9.422e+05  2.547e+05   5.67e+04  1.082e+06  7.514e+05  9.848e+05  1.662e+06 -2.905e+06 -3.172e+06       7093 -2.518e+06 -2.116e+05   4.27e+05  5.003e+05 -1.287e+06  3.237e+05 -1.845e+06  1.449e+05  1.121e+06  1.113e+06  1.273e+06  1.029e+06  1.039e+06  1.765e+06  1.428e+06  1.204e+06  1.276e+06  1.159e+06 -1.138e+05  6.644e+05  4.181e+05  1.011e+06  8.922e+05  1.187e+06  1.482e+06  2.014e+06  1.663e+06  1.463e+06  1.737e+06  2.141e+06  1.402e+06  1.436e+06  1.692e+06  1.677e+06  1.595e+06  1.639e+06  1.935e+06  2.396e+06  2.305e+06    1.8e+06  1.502e+06 -2.184e+06 -9.269e+05  6.443e+05 -7.478e+05  5.648e+05 -3.265e+04 -1.898e+06  2.616e+05 -7.964e+05  4.435e+05  6.087e+05  1.266e+06  1.052e+06   4.58e+05  7.528e+05  1.089e+06  2.686e+05  7.311e+05  2.163e+05  1.218e+06  1.495e+06  6.846e+05  1.181e+06  1.458e+06  1.622e+06  1.661e+06  1.068e+06  1.839e+06  9.749e+05  1.344e+06  1.454e+06  1.555e+06  8.875e+05  1.793e+06  1.508e+06  1.949e+06  5.472e+05  1.097e+06  5.306e+05  1.061e+06  1.114e+06  1.288e+06  1.807e+06  1.042e+06  8.288e+05  1.043e+06    1.7e+06  4.005e+05
   4.03e+05  5.379e+05  5.212e+05  3.454e+05  5.241e+05  3.797e+05 -2.848e+06 -8.198e+06 -3.869e+07 -3.388e+05  1.192e+05  2.658e+05  1.049e+05  1.752e+05  1.218e+05 -1.904e+06 -4.638e+05  3.599e+05  2.839e+05  3.156e+05 -7.089e+05  3.161e+04  1.388e+05  3.771e+05 -1.119e+06 -1.059e+05  3.311e+05  4.038e+05  2.614e+05  3.928e+05  5.715e+05  9.246e+04  3.504e+05  1.826e+05   4.05e+05  3.529e+05 -8.303e+05  1.576e+05 -2.442e+05  8.565e+04 -5.595e+04  2.818e+05 -3.072e+04 -3.631e+04  2.846e+05  4.804e+05  5.694e+05  5.278e+05  6.278e+05 -4.801e+05 -2.428e+05  1.801e+05 -2.095e+05  3.162e+05  4.441e+05  3.107e+05  2.743e+05  3.224e+05  2.857e+05  4.821e+05  5.093e+05   4.45e+05   4.56e+05   6.24e+05  6.136e+05   6.96e+05  4.939e+05  6.978e+05  7.122e+05  6.601e+05  3.045e+05  4.514e+05  4.966e+05  5.996e+05  6.061e+05  5.463e+05  7.465e+05  8.698e+05  7.978e+05  7.293e+05  8.418e+05  8.521e+05  7.161e+05  7.167e+05   9.48e+05  9.455e+05  9.135e+05  1.037e+06  1.088e+06  1.187e+06  1.327e+06  5.857e+05  7.984e+05 -5.533e+05   1.52e+04  3.639e+05  2.587e+04  3.942e+05  3.686e+05 -3.927e+05  3.378e+05  2.218e+05  3.771e+05  1.289e+05  4.796e+05  4.243e+05  1.701e+05  2.844e+05   4.82e+05  1.623e+05  3.789e+05  1.563e+05  4.389e+05  2.484e+05  5.429e+05   2.64e+05  3.852e+05  7.973e+05   2.47e+05  4.325e+05  5.575e+05   1.31e+06  4.522e+05  8.736e+05  4.346e+05  3.387e+05  5.996e+05   7.94e+05  8.391e+05 -9.825e+04  4.477e+05  1.716e+05   2.66e+05  2.317e+05  4.657e+05  1.778e+05  6.287e+05   6.97e+05  4.261e+05  6.249e+05  2.363e+05
  8.094e+05  1.065e+06  1.181e+06  8.785e+05  1.025e+06  7.023e+05 -8.614e+06 -2.504e+07 -3.388e+05 -4.748e+07  5.031e+05  3.595e+05  6.131e+05  5.931e+05  5.752e+05 -4.935e+06 -1.105e+06  3.115e+05  3.021e+05  3.537e+05 -1.133e+06  4.659e+04  4.511e+05  2.967e+05 -1.989e+06 -1.899e+05  2.683e+05  7.404e+05   6.33e+05  6.986e+05  4.954e+05  1.468e+05  4.851e+05 -1.826e+05      3e+05  3.978e+05 -9.404e+05  2.852e+05 -6.382e+05  3.233e+05 -4.256e+05  2.747e+05 -2.669e+05  4.981e+05  3.227e+05  1.009e+06  7.555e+05  6.083e+05  8.606e+05 -1.123e+06 -1.469e+06  2.011e+05 -1.322e+06  2.931e+04  3.071e+05  5.513e+05 -4.384e+05  6.512e+05 -8.203e+05  4.558e+05   9.83e+05  9.274e+05  1.173e+06  9.976e+05  1.002e+06  1.638e+06  1.232e+06  9.143e+05  1.028e+06  1.023e+06   4.83e+05  6.752e+05  7.344e+05  9.468e+05  1.146e+06  1.173e+06  1.402e+06   1.68e+06  1.636e+06  1.218e+06  1.544e+06  1.606e+06  1.358e+06  1.392e+06  1.663e+06  1.587e+06  1.426e+06  1.752e+06  1.042e+06  2.055e+06  1.978e+06  1.516e+06  1.317e+06 -7.274e+05 -2.215e+05  7.464e+05 -1.824e+05  6.443e+05  1.755e+05 -6.438e+05  3.618e+05 -2.941e+04  8.842e+05  1.151e+06  1.031e+06  1.043e+06  8.505e+05  8.071e+05  8.915e+05      8e+05  9.601e+05  6.876e+05  1.088e+06   9.19e+05  1.281e+06  1.074e+06  1.789e+06  1.453e+06  1.421e+06  8.386e+05   1.47e+06   1.16e+06  9.513e+05  1.123e+06  1.415e+06  1.144e+06  1.185e+06  1.195e+06  1.695e+06   9.89e+05  1.179e+06  1.058e+06  1.213e+06  8.686e+05   1.27e+06  2.026e+06  7.494e+05  1.116e+06  6.062e+05  1.124e+06  3.417e+05
  6.213e+05  1.204e+06  1.282e+06  1.201e+06  1.275e+06  3.975e+05 -4.127e+07  1.379e+05  1.192e+05  5.031e+05   -1.3e+08 -2.011e+06   -4.7e+07 -2.961e+06 -1.112e+07 -2.464e+07 -3.805e+06  -7.43e+05    5.7e+04 -1.216e+05 -4.228e+06 -1.768e+06 -1.958e+05   -1.4e+04  -5.47e+06 -1.869e+06 -5.946e+05  6.507e+05  3.837e+05  1.491e+06  1.277e+06 -1.137e+06  2.234e+05 -1.062e+06 -1.446e+05  3.936e+05 -4.606e+06 -7.761e+05 -2.783e+06       4907  -2.47e+06 -3.266e+05  -1.65e+06  4.054e+05 -3.315e+05  8.745e+05  5.412e+05  1.855e+06  1.141e+06 -4.141e+06 -5.129e+06 -2.947e+05 -4.922e+06 -9.505e+05  1.751e+05  3.206e+05 -3.141e+06 -1.933e+05 -2.842e+06  -5.61e+05  1.158e+06  1.069e+06  1.446e+06  7.549e+05  9.708e+05  2.063e+06  2.198e+06  9.918e+05  1.152e+06  1.196e+06   -1.6e+06  3.357e+05 -8.893e+05  8.943e+05       6538  9.852e+05  6.743e+05  1.468e+06  1.444e+06  1.443e+06  1.695e+06  1.011e+06  1.386e+06  1.353e+06  1.362e+06  1.434e+06  1.882e+06  1.645e+06  1.892e+06  1.347e+06  1.927e+06  2.196e+06  1.425e+06 -3.039e+06 -1.664e+06  1.391e+05 -6.884e+05  3.947e+05 -6.834e+04 -3.511e+06 -1.698e+05 -1.491e+06  2.745e+04  8.319e+05  1.367e+06  1.102e+06  5.202e+05  9.631e+05  1.112e+06  -4.46e+04  7.313e+05 -1.783e+05  1.081e+06  1.132e+06 -7.289e+05   2.22e+06  1.503e+06  2.284e+06  1.888e+06  1.554e+06  1.995e+06  2.281e+06   1.65e+06  1.434e+06  1.446e+06  1.356e+06  1.665e+06  1.561e+06  2.283e+06   5.01e+05  1.421e+06  6.921e+05  1.482e+06  1.016e+06  1.925e+06  1.253e+06  2.105e+06  1.646e+06  1.839e+06  2.265e+06  4.868e+05
   5.26e+05  6.828e+05  7.884e+05  6.525e+05  7.053e+05  4.653e+05  -5.65e+05  3.503e+05  2.658e+05  3.595e+05 -2.011e+06 -2.504e+07 -8.635e+05 -1.242e+04  1.516e+05 -3.983e+05 -3.279e+04  6.139e+04  1.506e+05  1.963e+05  3.143e+05   2.93e+05   5.13e+05  3.207e+05  1.412e+05  3.305e+05  3.893e+05  4.688e+05   4.62e+05  9.464e+05  2.197e+05 -1.214e+04   3.62e+05  1.692e+05  4.141e+05  6.447e+05  1.802e+04  4.359e+05 -2.665e+04   2.62e+05 -1.714e+04  4.466e+05   2.25e+05  6.856e+05  3.309e+05  8.228e+05  5.883e+05   8.95e+05  6.796e+05 -5.174e+04 -6.023e+05  1.982e+05 -4.161e+05  1.443e+05  4.127e+05  3.665e+05       9905  5.818e+05  -2.45e+05  4.062e+05  6.874e+05  7.542e+05  9.725e+05  6.181e+05  7.556e+05   1.11e+06  8.368e+05  7.016e+05  6.713e+05  6.656e+05  3.026e+05  4.656e+05  4.632e+05   4.96e+05  5.265e+05  7.367e+05  6.576e+05  9.735e+05  9.453e+05    7.4e+05  9.386e+05  1.045e+06  5.586e+05  7.478e+05  8.087e+05  9.088e+05  9.258e+05  9.518e+05   1.04e+06  9.313e+05   9.29e+05  1.252e+06  8.051e+05  2.062e+05  4.996e+05  6.265e+05   4.02e+05  7.082e+05  4.574e+05  -2.46e+04  3.391e+05  3.554e+05  7.243e+05  1.457e+06  1.132e+06  1.027e+06  8.603e+05  8.478e+05  9.535e+05  7.979e+05  1.084e+06  9.757e+05  1.104e+06  8.097e+05  1.089e+06  9.347e+05  1.079e+06  1.326e+06  1.226e+06  9.849e+05  1.147e+06   1.05e+06  1.271e+06   9.08e+05  9.638e+05  1.106e+06  1.172e+06  1.186e+06   1.33e+06  8.018e+05  1.098e+06  7.728e+05  1.024e+06  8.855e+05   1.19e+06   1.22e+06  1.459e+06  1.299e+06   1.65e+06  1.171e+06  2.494e+05
  6.853e+05  1.089e+06    1.3e+06  9.144e+05  1.038e+06  5.588e+05 -2.059e+07  5.441e+05  1.049e+05  6.131e+05   -4.7e+07 -8.635e+05 -1.472e+08 -7.373e+06  -2.44e+07 -1.268e+07 -2.067e+06  1.443e+05  3.448e+05  3.257e+05 -2.701e+06 -7.222e+05  3.207e+04   4.19e+05  -3.73e+06 -1.106e+06 -1.623e+05   7.93e+05  2.743e+05  1.449e+06  1.224e+06 -7.517e+05  5.757e+05 -5.641e+05  4.409e+05  4.105e+05 -3.771e+06 -5.418e+05 -1.592e+06  4.546e+04 -1.489e+06  1.799e+05 -7.652e+05  4.708e+05  4.452e+04   4.67e+05  3.135e+05  1.364e+06  1.262e+06 -2.595e+06 -2.769e+06   1.76e+05 -2.633e+06  1.027e+04  5.843e+05  6.236e+05  -1.64e+06   2.38e+05 -1.325e+06  2.599e+05  1.112e+06  1.107e+06  1.246e+06  8.698e+05  8.989e+05  1.517e+06  1.815e+06  1.051e+06  9.584e+05   1.04e+06 -5.414e+05  6.634e+05  5.808e+04  8.858e+05  5.191e+05  8.564e+05  9.344e+05  1.499e+06  1.334e+06  1.361e+06  1.547e+06  1.001e+06  1.614e+06  1.205e+06  1.466e+06  1.704e+06  1.703e+06  1.526e+06  1.849e+06  1.643e+06  1.798e+06   2.17e+06   1.43e+06 -1.783e+06 -8.497e+05  3.093e+05 -2.609e+05   5.41e+05  5.601e+05 -1.985e+06  2.937e+05 -7.475e+05  3.914e+05  1.058e+04  9.002e+05  8.576e+05  2.546e+05  9.024e+05  7.778e+05 -2.577e+05  4.785e+05 -1.614e+05   9.89e+05 -1.237e+06  1.581e+05  1.758e+06  6.672e+05  2.094e+06  1.284e+06  7.432e+05  1.607e+06  9.622e+05  6.969e+05  1.701e+06  9.849e+05  1.011e+06  1.657e+06  1.675e+06  1.257e+06 -5.182e+04  1.114e+06  3.687e+05  1.138e+06  1.136e+06      2e+06  1.535e+06  8.077e+05  3.952e+05  2.037e+06  1.214e+06  4.769e+05
  6.382e+05  8.067e+05  9.593e+05  6.306e+05  8.632e+05  5.989e+05 -1.298e+06  4.896e+05  1.752e+05  5.931e+05 -2.961e+06 -1.242e+04 -7.373e+06 -4.689e+07 -1.504e+06 -8.061e+05  2.403e+05  3.604e+05  3.347e+05  3.802e+05 -1.074e+04  2.577e+05  3.479e+05  5.126e+05 -1.692e+05  3.651e+05  3.916e+05  4.968e+05  1.838e+05  9.642e+05  1.277e+06  2.198e+05  5.546e+05  3.844e+05  5.726e+05  6.407e+05 -5.435e+05  3.255e+05  4.966e+04    1.6e+05  1.456e+04  4.099e+05   4.67e+05  4.764e+05  4.125e+05  6.338e+05  4.536e+05  1.249e+06   7.68e+05  6.586e+04 -4.892e+05  3.191e+05 -3.666e+05  3.703e+05  6.064e+05  4.463e+05  3.871e+05   5.66e+05  5.403e+05  5.541e+05  8.293e+05  8.719e+05  8.481e+05  7.462e+05  6.641e+05  1.008e+06  9.108e+05  9.729e+05  7.055e+05  6.877e+05  4.742e+05  6.377e+05  7.362e+05  6.941e+05  7.546e+05  7.221e+05  8.683e+05  1.088e+06  8.886e+05  9.951e+05   1.09e+06  8.955e+05  9.158e+05  8.966e+05  9.883e+05  1.079e+06   1.19e+06  1.171e+06  1.183e+06  1.391e+06  1.302e+06  1.164e+06  1.053e+06       1080  1.402e+05  5.206e+05   4.29e+05  5.569e+05  7.801e+05  1.377e+05  5.855e+05  2.654e+05  5.639e+05  3.742e+05  7.471e+05  6.883e+05   8.57e+05  6.327e+05  6.515e+05  6.301e+05  4.563e+05  3.133e+05  1.006e+06   9.19e+05  1.028e+06  9.732e+05 -1.473e+05  1.181e+06  9.687e+05  1.234e+06  1.276e+06  3.093e+05   1.32e+06  1.004e+06  4.834e+05   9.84e+05  8.071e+05  7.342e+05      1e+06   4.48e+05  6.518e+05  3.317e+05  6.563e+05  7.943e+05  8.024e+05  6.717e+05  8.174e+05    1.5e+06  9.037e+05  7.601e+05  3.515e+05
  7.679e+05  9.974e+05  1.219e+06  8.415e+05  9.096e+05  6.912e+05 -5.241e+06  4.068e+05  1.218e+05  5.752e+05 -1.112e+07  1.516e+05  -2.44e+07 -1.504e+06 -8.664e+07 -3.313e+06 -1.551e+05  7.767e+05  5.634e+05  5.859e+05 -5.917e+05  3.482e+05   5.39e+05  5.956e+05 -1.732e+06  2.281e+05  5.814e+05  6.622e+05  8.349e+05  4.904e+05  9.868e+05      -4473  6.518e+05  4.301e+05  6.987e+05  3.364e+05 -1.606e+06 -2.347e+04   1.81e+05   2.86e+05  1.871e+05  6.398e+05  4.315e+05  5.604e+05  5.806e+05  3.821e+05  7.025e+05  2.026e+05  8.893e+05 -1.724e+05 -4.739e+04  5.142e+05  1.914e+05   9.43e+05  7.529e+05  8.516e+05 -2.285e+04  7.576e+05  2.987e+05  9.982e+05  1.011e+06  1.008e+06  1.086e+06  9.955e+05  9.579e+05  4.448e+05  7.892e+05  1.234e+06  1.009e+06  1.004e+06  8.673e+05  9.983e+05  1.007e+06  9.246e+05  1.202e+06  1.006e+06  1.174e+06  1.628e+06  1.462e+06  1.017e+06  1.378e+06  1.162e+06  1.345e+06  1.301e+06  1.473e+06  1.769e+06  1.612e+06  1.932e+06   1.57e+06  1.287e+06  1.799e+06  1.927e+06  1.297e+06 -1.675e+05  1.978e+05  5.352e+05  5.601e+05  5.817e+05  6.648e+05  3.005e+05  7.467e+05  7.136e+05  6.849e+05  4.611e+05  5.981e+05  8.036e+05  6.357e+05  6.947e+05    4.6e+05  5.056e+05  3.551e+05 -3.617e+05  2.266e+05 -2.247e+05   4.31e+05  7.542e+05  1.215e+06  1.426e+06  4.832e+05   1.12e+06  7.918e+04  5.434e+05  6.575e+05  1.381e+05  8.749e+05  4.075e+05  9.787e+05  3.052e+05   1.65e+06   2.26e+05  6.847e+05  4.455e+05  3.571e+05  5.848e+05  1.074e+06   1.11e+06  6.503e+05  5.781e+05  1.164e+06   5.17e+05  4.138e+05
 -2.725e+05  1.515e+06  1.467e+06  9.161e+05  1.618e+06  -9.53e+05  -1.64e+08 -1.215e+07 -1.904e+06 -4.935e+06 -2.464e+07 -3.983e+05 -1.268e+07 -8.061e+05 -3.313e+06 -3.442e+08 -9.783e+06 -9.832e+05 -5.177e+04 -2.628e+05  -9.67e+06 -2.813e+06  -4.35e+05 -3.371e+05  -1.09e+07 -3.234e+06 -1.079e+06 -3.037e+04  -3.39e+05  1.818e+06  1.044e+06 -2.791e+06 -5.216e+05 -1.346e+06 -5.863e+05  3.378e+05 -7.823e+06 -1.531e+06 -4.034e+06       -369  -3.52e+06 -4.088e+05 -3.033e+06  2.117e+05 -6.005e+05  1.211e+06   9.34e+05  1.747e+06  1.573e+06 -1.182e+07 -6.494e+06  -6.75e+05 -6.965e+06 -1.406e+06 -2.868e+04  1.969e+05 -4.876e+06 -7.067e+05  -5.12e+06 -8.931e+05   1.18e+06  1.287e+06  1.476e+06  6.277e+05  9.708e+05   2.98e+06  2.198e+06  9.364e+05  1.038e+06  1.129e+06 -2.831e+06  1.496e+05 -1.821e+06  6.842e+05  -6.96e+05  8.934e+05  9.759e+05  1.644e+06  1.584e+06  1.433e+06  1.634e+06  1.349e+06  1.008e+06  1.377e+06  1.245e+06  1.802e+06  2.106e+06  1.474e+06  2.108e+06  2.062e+06   1.96e+06   2.45e+06  1.561e+06 -6.188e+06 -2.837e+06 -3.579e+05 -1.782e+06 -4.439e+05  -4.88e+05 -5.786e+06 -6.152e+05 -3.018e+06 -9.568e+04 -1.222e+06  8.533e+05  1.364e+06  7.828e+05   1.12e+06  5.487e+05 -1.561e+06  1.134e+06 -5.806e+05  1.119e+06  2.713e+06 -2.669e+06  1.991e+06   3.74e+05  2.018e+06  2.488e+06  1.129e+06   1.55e+06  2.707e+06  1.038e+06  2.357e+06  9.651e+05  1.874e+06  1.722e+06  2.769e+06  1.977e+06 -8.056e+05  1.571e+06   5.11e+05  7.249e+05  1.016e+06  1.665e+06  1.667e+06  1.196e+06   2.19e+06   2.95e+06  2.112e+06  4.804e+05
  9.906e+05  1.882e+06  2.153e+06  1.743e+06  1.735e+06  6.893e+05 -7.287e+06 -2.754e+06 -4.638e+05 -1.105e+06 -3.805e+06 -3.279e+04 -2.067e+06  2.403e+05 -1.551e+05 -9.783e+06 -4.368e+08  4.765e+05  2.241e+05  4.462e+05 -2.106e+08 -4.353e+06 -1.012e+06  -7.61e+05 -9.063e+07 -9.522e+06 -2.201e+06 -5.762e+05  1.853e+05  1.032e+06  1.976e+06  -5.11e+06 -2.232e+06 -3.853e+06 -1.368e+06 -9.858e+05 -2.279e+07 -4.335e+06 -1.011e+07 -4.993e+05 -9.076e+06 -1.538e+06 -4.966e+06 -8.185e+05 -1.873e+06 -1.407e+05 -4.499e+05  1.649e+06  7.409e+05  -4.84e+07 -1.293e+07 -1.105e+06 -1.021e+07 -2.451e+06 -4.573e+05  1.352e+05 -7.457e+06 -1.558e+06 -7.088e+06 -1.891e+06  5.004e+05  1.125e+06   1.46e+06  2.191e+05  1.162e+06  1.787e+06  2.867e+06  3.367e+05  1.461e+06  1.348e+06 -3.761e+06 -1.152e+05 -1.675e+06  8.139e+05 -7.025e+05  9.474e+05  1.033e+06  1.881e+06  1.518e+06  1.762e+06  2.236e+06  1.579e+06  1.409e+06  1.761e+06  2.101e+06  1.881e+06  2.115e+06  1.992e+06  2.099e+06  2.311e+06  2.455e+06   2.93e+06  1.947e+06 -1.192e+07 -6.072e+06 -8.231e+05 -3.282e+06 -3.094e+05 -1.171e+06 -8.289e+06 -9.472e+05 -4.981e+06 -1.151e+05 -7.744e+05  2.023e+06  1.207e+06 -8.058e+05  8.196e+05  1.031e+06 -1.473e+06  4.838e+05 -3.632e+05  1.837e+06 -1.382e+05  1.819e+05   1.74e+06  2.652e+06  1.623e+06  7.072e+05  3.399e+06  2.171e+06  2.529e+06  3.304e+06  3.437e+06   1.39e+06  7.467e+05  1.809e+06  2.595e+06  4.636e+06 -5.934e+05   1.71e+06  3.369e+05  1.654e+06  1.237e+06  1.599e+06   2.03e+06  2.676e+06  1.623e+06  2.879e+06  2.096e+06  6.342e+05
  5.947e+05  9.789e+05  1.204e+06  9.324e+05  9.776e+05  4.602e+05 -1.252e+06  6.845e+04  3.599e+05  3.115e+05  -7.43e+05  6.139e+04  1.443e+05  3.604e+05  7.767e+05 -9.832e+05  4.765e+05 -5.974e+07 -7.754e+06 -1.331e+07 -6.927e+06 -1.121e+06  -5.41e+04 -1.374e+05  -3.64e+06 -1.037e+06 -5.182e+05  2.376e+05  4.984e+05  1.397e+06   9.27e+05 -1.444e+06 -7.834e+04 -1.174e+06 -2.628e+05  2.099e+05 -2.914e+06 -3.694e+05 -2.223e+06  1.079e+04 -2.187e+06 -2.339e+05 -1.163e+06  3.918e+05  -4.67e+05  7.172e+05  4.879e+05  1.115e+06  6.965e+05 -9.389e+05 -3.277e+06 -2.426e+05 -2.694e+06 -6.771e+05  2.751e+05  1.909e+05 -1.482e+06  1.989e+05  -1.93e+06 -7.293e+04  7.318e+05  9.217e+05  1.052e+06  6.926e+05  7.328e+05  1.558e+06  1.662e+06  7.572e+05  8.175e+05  7.402e+05 -7.804e+05   2.34e+05 -2.848e+05  5.024e+05  2.096e+05  7.229e+05   6.84e+05  9.002e+05  1.151e+06  9.757e+05  1.217e+06  7.479e+05  8.452e+05  7.846e+05  8.856e+05  1.066e+06  1.179e+06   1.33e+06  1.539e+06  1.416e+06  1.424e+06  1.823e+06  9.625e+05 -1.261e+06 -2.921e+05  3.761e+05 -1.043e+05  6.469e+05  3.717e+04 -1.119e+06  7.559e+04 -3.407e+05  5.201e+05  1.589e+06  1.168e+06  1.141e+06  5.355e+05  8.295e+05  7.731e+05  3.867e+05  9.395e+05  7.339e+05  1.317e+06  6.212e+05  1.001e+06  1.338e+06  1.469e+06  1.635e+06  1.525e+06   1.26e+06  2.155e+06   2.01e+06  8.793e+05  2.582e+06  5.071e+05   1.62e+06  1.239e+06  1.849e+06  1.639e+06  7.612e+05  1.325e+06  5.005e+05  1.449e+06  1.132e+06  1.667e+06  5.742e+05   1.76e+06  1.803e+06  1.451e+06  1.408e+06    3.6e+05
  3.763e+05   5.22e+05  5.861e+05   5.16e+05  5.256e+05  2.925e+05 -1.221e+05  2.645e+05  2.839e+05  3.021e+05    5.7e+04  1.506e+05  3.448e+05  3.347e+05  5.634e+05 -5.177e+04  2.241e+05 -7.754e+06 -1.587e+07  5.655e+05 -1.291e+06  -1.14e+05   2.68e+05  9.633e+04  -9.66e+05  -1.24e+05  6.038e+04  4.755e+05  4.342e+05  7.872e+05  7.747e+05 -2.224e+05  1.305e+05 -2.494e+05  1.041e+05  2.818e+05 -7.722e+05  1.367e+05 -5.286e+05  1.344e+05 -4.969e+05  6.303e+04 -2.114e+05   4.69e+05 -1.667e+04  5.324e+05   2.86e+05  6.831e+05  6.572e+05   -6.6e+04 -7.441e+05  1.344e+05 -5.119e+05 -4.883e+04  2.328e+05  2.129e+05 -1.509e+05  3.467e+05  -1.56e+05  1.712e+05  4.418e+05   5.77e+05  6.309e+05  4.482e+05  5.166e+05  8.672e+05  8.099e+05  4.315e+05  5.344e+05  4.639e+05  6.359e+04  2.685e+05    2.3e+05  3.514e+05  3.614e+05  5.275e+05  5.106e+05  5.521e+05  6.633e+05  5.751e+05  6.214e+05  6.896e+05  5.245e+05  5.284e+05  4.801e+05  6.549e+05  6.759e+05   7.16e+05  8.601e+05  9.243e+05  7.633e+05   8.22e+05   6.07e+05 -2.414e+04  2.464e+05  3.707e+05  2.338e+05  5.504e+05  2.924e+05  8.078e+04  2.875e+05  1.911e+05  4.804e+05  1.338e+06  8.847e+05  8.173e+05  5.855e+05  5.764e+05  7.052e+05  5.133e+05  5.828e+05  6.375e+05  9.796e+05  5.572e+05  5.656e+05  8.262e+05  1.003e+06  7.802e+05  9.032e+05  9.951e+05  9.176e+05  9.726e+05   1.05e+06  1.258e+06  8.361e+05  8.261e+05  9.714e+05  1.102e+06   1.01e+06  5.394e+05  8.469e+05  6.538e+05  7.965e+05  7.304e+05  9.613e+05  7.366e+05  9.588e+05  1.073e+06  1.111e+06  1.183e+06  1.913e+05
  4.509e+05  6.628e+05  7.902e+05  6.291e+05  6.698e+05  4.019e+05 -1.991e+05  2.608e+05  3.156e+05  3.537e+05 -1.216e+05  1.963e+05  3.257e+05  3.802e+05  5.859e+05 -2.628e+05  4.462e+05 -1.331e+07  5.655e+05 -2.195e+07 -2.248e+06 -2.234e+05  2.091e+05  1.919e+05 -1.096e+06 -2.878e+05  2.072e+04  3.869e+05  4.062e+05  9.813e+05  5.382e+05 -4.919e+05  1.322e+05 -6.812e+04  1.334e+05  3.596e+05 -1.159e+06  1.006e+05 -6.885e+05  2.013e+05 -6.205e+05   1.88e+05 -1.971e+05  4.864e+05  6.592e+04   6.35e+05  4.942e+05  7.532e+05  8.607e+05 -1.632e+05 -9.989e+05  1.184e+05 -7.647e+05   4.15e+04  3.769e+05  2.948e+05 -3.435e+05  2.981e+05 -5.749e+05  2.903e+05  6.751e+05  7.072e+05  7.382e+05  5.627e+05  6.117e+05   9.62e+05  9.478e+05  6.574e+05  6.365e+05  6.066e+05 -1.248e+05  3.066e+05  1.009e+05  4.229e+05  3.394e+05  5.631e+05  5.312e+05  7.742e+05  7.553e+05  7.069e+05  8.596e+05  7.804e+05   7.52e+05  7.122e+05  7.174e+05  8.122e+05  9.061e+05  7.445e+05  9.064e+05  8.155e+05    8.4e+05  1.092e+06  7.699e+05 -6.688e+04  1.047e+05  4.275e+05  1.637e+05  5.996e+05   3.03e+05 -9.103e+04  2.564e+05  1.661e+05  4.073e+05  1.291e+06  8.365e+05  7.294e+05  5.474e+05  6.908e+05  5.693e+05   3.47e+05  7.175e+05  6.138e+05  8.908e+05  8.883e+05  7.543e+05  8.179e+05   7.89e+05  1.139e+06  9.586e+05  8.613e+05  1.118e+06  6.267e+05   1.07e+06  9.427e+05  7.901e+05   1.04e+06    7.8e+05  1.162e+06   1.49e+06  7.959e+05  8.861e+05  5.429e+05  9.183e+05  9.687e+05  1.002e+06  4.149e+05  1.121e+06  1.448e+06   1.12e+06  9.255e+05  2.648e+05
  1.021e+06  2.095e+06  2.168e+06  1.522e+06  2.193e+06  7.356e+05 -7.127e+06 -3.078e+06 -7.089e+05 -1.133e+06 -4.228e+06  3.143e+05 -2.701e+06 -1.074e+04 -5.917e+05  -9.67e+06 -2.106e+08 -6.927e+06 -1.291e+06 -2.248e+06 -8.225e+08 -8.277e+06 -1.828e+06 -1.437e+06 -1.853e+08 -1.354e+07 -3.534e+06 -2.487e+06 -1.273e+06  1.657e+06 -1.749e+05  -7.72e+06 -3.464e+06  -7.19e+06 -2.118e+06 -2.133e+06 -4.157e+07 -7.423e+06 -1.571e+07 -1.208e+06 -1.361e+07 -2.827e+06 -7.405e+06 -1.919e+06 -3.746e+06 -3.966e+05 -1.932e+06  1.196e+06   3.54e+05 -4.047e+07 -1.473e+07 -1.167e+06 -1.243e+07 -2.002e+06 -2.705e+05  2.573e+05 -7.608e+06 -1.501e+06 -6.937e+06 -1.358e+06   4.46e+05  1.572e+06  1.678e+06  9.203e+05  7.454e+05  1.208e+06  2.467e+06  5.556e+05  1.323e+06  1.387e+06 -3.624e+06  9.692e+04 -1.043e+06  1.134e+06  6.159e+04  1.624e+06  1.511e+06  2.008e+06  1.693e+06  2.125e+06  2.117e+06  1.581e+06  1.835e+06  1.761e+06  2.726e+06  2.237e+06  3.347e+06  2.495e+06   1.58e+06  3.252e+06   2.41e+06  2.696e+06  2.386e+06 -1.334e+07 -7.688e+06 -6.923e+05 -4.256e+06 -8.882e+05  -1.17e+06 -9.279e+06 -1.238e+06 -5.529e+06 -9.793e+05 -1.084e+06  2.194e+06  8.067e+05  9.698e+05  8.381e+05  1.029e+06 -2.491e+06  4.127e+05  3.464e+05  2.724e+06 -1.826e+06 -4.068e+05  8.093e+05   4.22e+06   1.74e+06 -4.251e+05  2.951e+06   8.01e+05 -1.039e+06   2.62e+06 -1.333e+06  3.822e+05  1.934e+06  2.072e+06  3.288e+06  3.241e+06  3.599e+04  2.102e+06  6.975e+05  2.194e+06   5.21e+05  1.149e+06 -1.067e+06  1.317e+06  3.851e+06  3.286e+06 -7.119e+05  7.498e+05
  9.905e+05  1.456e+06  1.766e+06  1.342e+06  1.609e+06  8.064e+05 -3.188e+06 -5.223e+05  3.161e+04  4.659e+04 -1.768e+06   2.93e+05 -7.222e+05  2.577e+05  3.482e+05 -2.813e+06 -4.353e+06 -1.121e+06  -1.14e+05 -2.234e+05 -8.277e+06 -1.993e+08  -2.66e+07 -1.297e+07 -3.651e+07 -5.928e+06 -2.327e+06 -6.745e+05 -6.885e+05  1.365e+06 -1.528e+05  -3.84e+06 -1.099e+06 -2.863e+06 -1.125e+06 -7.571e+05 -1.038e+07 -2.871e+06 -6.394e+06 -4.124e+05 -5.482e+06 -1.201e+06 -3.028e+06 -5.404e+05 -1.429e+06  2.036e+05  1.721e+05  1.626e+06  1.116e+06 -3.852e+06 -6.805e+06 -4.636e+05  -5.89e+06 -7.665e+05  5.592e+05  4.643e+05 -3.956e+06 -2.271e+05 -3.231e+06 -3.164e+05  9.813e+05  1.348e+06  1.162e+06  6.818e+05  1.201e+06  2.207e+06  2.087e+06  6.304e+05  1.127e+06  1.297e+06 -1.815e+06  3.997e+05 -8.368e+05  8.814e+05   2.11e+05  1.199e+06  8.806e+05  1.911e+06  2.053e+06  1.589e+06  1.856e+06  1.035e+06  1.543e+06  1.539e+06  1.965e+06  2.018e+06  2.159e+06  1.975e+06  2.703e+06  1.944e+06  2.239e+06  2.745e+06  1.769e+06 -4.244e+06 -2.271e+06 -2.113e+05 -1.551e+06   6.97e+04 -4.648e+05 -3.334e+06 -1.062e+05 -1.501e+06 -4.307e+05  1.118e+05  1.305e+06  5.864e+05  4.695e+05  9.948e+05  8.247e+05 -3.476e+05  4.547e+05  5.644e+05  1.027e+06   1.04e+06 -4.388e+05   1.36e+06  7.566e+05  1.823e+06  2.176e+06  1.982e+06  1.942e+06  1.662e+06  1.249e+06  1.807e+06  3.088e+05  1.122e+06  1.003e+06  1.533e+06  2.001e+06 -2.355e+04  1.557e+06   2.46e+05  1.402e+06  1.422e+06  2.039e+06  1.951e+06  2.092e+06  2.368e+06  2.131e+06  1.066e+06  5.679e+05
