
 72

((monodelphis_domestica: 0.040234, (notamacropus_eugenii: 0.034917, sarcophilus_harrisii: 0.040013): 0.008867): 0.073041, (((choloepus_hoffmanni: 0.036248, dasypus_novemcinctus: 0.047370): 0.017432, (echinops_telfairi: 0.077386, (procavia_capensis: 0.048312, loxodonta_africana: 0.028663): 0.009173): 0.015448): 0.001765, (((sorex_araneus: 0.086506, erinaceus_europaeus: 0.075965): 0.014174, ((vicugna_pacos: 0.033867, (sus_scrofa: 0.033086, (tursiops_truncatus: 0.025360, (bos_taurus: 0.008870, (ovis_aries: 0.005284, capra_hircus: 0.003166): 0.006396): 0.026746): 0.005054): 0.002623): 0.011279, ((pteropus_vampyrus: 0.037446, myotis_lucifugus: 0.050283): 0.009822, (equus_caballus: 0.033525, ((felis_catus: 0.002610, (panthera_tigris_altaica: 0.001998, panthera_pardus: 0.001111): 0.001867): 0.020371, (canis_familiaris: 0.024106, (mustela_putorius_furo: 0.023718, ailuropoda_melanoleuca: 0.017452): 0.004464): 0.005140): 0.014313): 0.000873): 0.000643): 0.002109): 0.006336, ((tupaia_belangeri: 0.054854, ((oryctolagus_cuniculus: 0.034141, ochotona_princeps: 0.056933): 0.028435, (ictidomys_tridecemlineatus: 0.041954, (((fukomys_damarensis: 0.025464, heterocephalus_glaber_female: 0.021286): 0.010275, ((cavia_porcellus: 0.001557, cavia_aperea: 0.004732): 0.033565, (chinchilla_lanigera: 0.020925, octodon_degus: 0.033139): 0.004296): 0.007430): 0.032475, (dipodomys_ordii: 0.066315, (jaculus_jaculus: 0.056552, (nannospalax_galili: 0.038850, (((mesocricetus_auratus: 0.017692, cricetulus_griseus_chok1gshd: 0.013373): 0.008869, (peromyscus_maniculatus_bairdii: 0.021041, microtus_ochrogaster: 0.026224): 0.001533): 0.006645, ((mus_pahari: 0.009315, (mus_caroli: 0.004729, (mus_musculus: 0.002166, mus_spretus: 0.002347): 0.002536): 0.004551): 0.009824, rattus_norvegicus: 0.020894): 0.016388): 0.022788): 0.010957): 0.011248): 0.005803): 0.001797): 0.007274): 0.003430): 0.000957, ((otolemur_garnettii: 0.038071, (propithecus_coquereli: 0.012426, microcebus_murinus: 0.017169): 0.010894): 0.010397, (carlito_syrichta: 0.042853, (((aotus_nancymaae: 0.007901, callithrix_jacchus: 0.009699): 0.000373, (saimiri_boliviensis_boliviensis: 0.008377, cebus_capucinus: 0.007256): 0.001138): 0.011746, (((chlorocebus_sabaeus: 0.003371, ((papio_anubis: 0.001970, (cercocebus_atys: 0.002086, mandrillus_leucophaeus: 0.001760): 0.000363): 0.000389, (macaca_nemestrina: 0.001185, (macaca_mulatta: 0.000963, macaca_fascicularis: 0.000535): 0.000276): 0.001126): 0.000882): 0.001482, (colobus_angolensis_palliatus: 0.003846, (rhinopithecus_roxellana: 0.000696, rhinopithecus_bieti: 0.001188): 0.002832): 0.001755): 0.005684, (nomascus_leucogenys: 0.007294, (pongo_abelii: 0.006034, (gorilla_gorilla: 0.002901, ((pan_troglodytes: 0.000746, pan_paniscus: 0.000950): 0.001372, homo_sapiens: 0.002300): 0.000593): 0.002509): 0.000810): 0.002860): 0.005535): 0.017307): 0.003156): 0.005284): 0.006338): 0.006200): 0.090366, ornithorhynchus_anatinus: 0.203817);

  0.073041  0.040234  0.008867  0.034917  0.040013  0.090366  0.001765  0.017432  0.036248  0.047370  0.015448  0.077386  0.009173  0.048312  0.028663  0.006200  0.006336  0.014174  0.086506  0.075965  0.002109  0.011279  0.033867  0.002623  0.033086  0.005054  0.025360  0.026746  0.008870  0.006396  0.005284  0.003166  0.000643  0.009822  0.037446  0.050283  0.000873  0.033525  0.014313  0.020371  0.002610  0.001867  0.001998  0.001111  0.005140  0.024106  0.004464  0.023718  0.017452  0.006338  0.000957  0.054854  0.003430  0.028435  0.034141  0.056933  0.007274  0.041954  0.001797  0.032475  0.010275  0.025464  0.021286  0.007430  0.033565  0.001557  0.004732  0.004296  0.020925  0.033139  0.005803  0.066315  0.011248  0.056552  0.010957  0.038850  0.022788  0.006645  0.008869  0.017692  0.013373  0.001533  0.021041  0.026224  0.016388  0.009824  0.009315  0.004551  0.004729  0.002536  0.002166  0.002347  0.020894  0.005284  0.010397  0.038071  0.010894  0.012426  0.017169  0.003156  0.042853  0.017307  0.011746  0.000373  0.007901  0.009699  0.001138  0.008377  0.007256  0.005535  0.005684  0.001482  0.003371  0.000882  0.000389  0.001970  0.000363  0.002086  0.001760  0.001126  0.001185  0.000276  0.000963  0.000535  0.001755  0.003846  0.002832  0.000696  0.001188  0.002860  0.007294  0.000810  0.006034  0.002509  0.002901  0.000593  0.001372  0.000746  0.000950  0.002300  0.203817

 -12.272505 -0.053718  3.747937 16.468182 14.148760 11.035460 -21.252532 -7.432774  0.970645 -2.720956 -1.889338  4.460447 -15.393261  7.302664 13.942730  7.404671 10.328125 -18.917117 -4.783022 -4.691389 49.627946 24.515302 -2.089890 35.371994  2.235708 -1.501155  6.176360 47.439352 37.830039 26.429530 51.824326 57.058437 50.110193 -47.496584  5.440104 -1.489714  2.344886  1.243536 13.038162 46.713498 17.184617 12.772531 18.217529 23.982843 58.002645 20.115942 24.236574 44.995983 55.287016 39.535533 26.107936 -2.913544 33.171705  1.231578 28.566267 -3.066423 38.759112 28.781105 24.747329 35.287390 25.922435 24.993561 45.832695 26.661259 20.977103 56.108638 12.254099 -3.690809 44.827202 19.092697  9.481717  7.319114 14.624908 16.994813 40.681474 22.914385 27.899945 38.080194 62.957812 17.259388 24.427875 -0.223175 31.286073 25.846263 17.794657 52.144730 29.434994 36.768909 37.670821 104.898883 39.755858 91.817807 32.385280 27.829887 39.616364 28.242809 58.814888  8.978144 14.320022 -4.660532 17.182331 24.058781 17.655389 -21.505523 16.576959 14.020115 65.955691  9.309748 29.217781 74.299453 16.354203 23.099820 17.375777 22.350663 20.425263 21.229592 62.878714 95.243278 88.097103 85.566678 25.469435 66.198756 91.070158 41.067989 65.784953 91.216792 31.817007 160.113345 89.877618 74.516224 28.606470 97.728298 33.363562 32.496126 74.457471 193.767840 27.622385 88.242202 34.779787 81.285137  2.413761


Hessian

  -1.73e+07 -1.053e+06  -3.37e+06 -8.855e+05 -7.132e+05 -8.925e+06  5.016e+05  7.247e+05  4.069e+05  8.164e+05   6.21e+05  5.317e+05  6.832e+05  6.368e+05  7.662e+05 -2.806e+05   1.01e+06  5.989e+05  3.803e+05  4.531e+05  1.038e+06  1.266e+06  5.997e+05  1.295e+06  1.091e+06  1.225e+06  1.061e+06  1.069e+06  9.813e+05  1.091e+06   1.23e+06  1.231e+06  8.529e+05  9.871e+05  9.424e+05  7.787e+05  8.319e+05  9.382e+05  9.771e+05  1.083e+06  1.186e+06  1.126e+06  1.137e+06  1.279e+06  1.023e+06  9.535e+05  1.037e+06  1.045e+06  1.058e+06   7.07e+05  8.486e+05  5.949e+05  9.776e+05  9.766e+05  9.085e+05  6.693e+05  1.006e+06  8.075e+05  1.134e+06  1.089e+06  1.163e+06  9.605e+05  1.035e+06  1.135e+06  9.963e+05  1.116e+06  1.005e+06   1.17e+06  1.044e+06  9.282e+05  9.132e+05  7.256e+05  8.822e+05  7.385e+05  9.111e+05  8.355e+05  9.074e+05  1.107e+06   1.03e+06  9.934e+05  9.266e+05  1.122e+06  9.755e+05  9.676e+05  9.058e+05  9.901e+05  1.054e+06  1.045e+06  1.066e+06  1.113e+06  1.283e+06  1.121e+06  9.949e+05  9.404e+05  1.006e+06  8.774e+05  1.079e+06   1.16e+06  1.026e+06  9.845e+05  8.028e+05  9.878e+05   1.01e+06  1.116e+06  1.131e+06  1.041e+06  9.163e+05  1.136e+06  1.009e+06  9.471e+05  1.107e+06  1.357e+06  1.185e+06  1.077e+06  1.087e+06   9.88e+05  1.749e+06  1.413e+06  1.196e+06  1.253e+06  1.371e+06  1.422e+06  1.232e+06  1.601e+06  1.351e+06   1.33e+06  1.171e+06   1.58e+06  1.582e+06  1.057e+06  1.232e+06  1.305e+06  1.158e+06  1.176e+06  1.433e+06  1.239e+06  1.364e+06  1.656e+06  1.504e+06  1.215e+06  -2.06e+05
 -1.053e+06 -5.321e+07 -1.975e+07 -3.495e+06 -4.518e+06 -3.616e+05  1.591e+06  1.175e+06  5.326e+05  1.073e+06  1.214e+06  6.916e+05  1.085e+06  8.108e+05  9.978e+05  1.528e+06  1.905e+06  9.865e+05  5.265e+05  6.662e+05  2.048e+06  1.902e+06  7.286e+05  1.842e+06  1.332e+06  1.588e+06  1.189e+06  1.364e+06  1.343e+06  1.164e+06   1.26e+06  1.167e+06  1.999e+06  1.468e+06  1.136e+06  1.023e+06   1.77e+06  1.255e+06  1.501e+06  1.409e+06  1.193e+06  1.014e+06  9.986e+05  1.206e+06  1.721e+06  1.115e+06  1.466e+06  1.219e+06  1.286e+06  1.848e+06   1.83e+06  7.791e+05  1.891e+06  1.403e+06  1.112e+06  8.752e+05  1.825e+06  1.137e+06  1.883e+06  1.554e+06  1.337e+06  1.118e+06  1.109e+06  1.533e+06  1.166e+06  9.361e+05  7.394e+05  1.496e+06  1.166e+06  1.009e+06  1.647e+06  9.652e+05  1.537e+06  1.018e+06  1.438e+06  9.957e+05  1.298e+06  1.155e+06  1.219e+06  1.012e+06  9.492e+05  1.176e+06  1.093e+06  1.012e+06  1.117e+06  1.185e+06  1.339e+06  1.275e+06   1.24e+06  1.076e+06  1.528e+06  9.138e+05  9.468e+05  1.962e+06  1.654e+06  1.101e+06  1.559e+06  1.449e+06  1.164e+06  1.919e+06    1.1e+06   1.65e+06  1.412e+06  1.572e+06  1.176e+06  1.166e+06  1.129e+06  1.126e+06  1.191e+06  1.562e+06  1.455e+06  1.606e+06  1.206e+06  1.414e+06   1.92e+06  1.217e+06  9.982e+05  1.447e+06  1.607e+06  1.535e+06  1.286e+06  1.627e+06    1.2e+06  1.461e+06  8.103e+05  1.257e+06  1.479e+06  1.288e+06  1.533e+06   1.22e+06  1.244e+06  1.454e+06  1.129e+06  1.678e+06  1.057e+06  1.165e+06  1.239e+06  1.243e+06  1.338e+06   1.64e+06  8.234e+04
  -3.37e+06 -1.975e+07 -1.108e+08 -9.466e+06 -1.369e+07 -1.922e+06  1.565e+06  1.268e+06    5.2e+05  1.193e+06  1.293e+06  8.028e+05  1.297e+06  9.658e+05  1.223e+06  1.476e+06  2.184e+06  1.206e+06  5.926e+05  7.929e+05  2.144e+06  2.049e+06  7.461e+05  2.048e+06   1.57e+06  2.017e+06  1.363e+06  1.685e+06  1.461e+06  1.149e+06  1.541e+06   1.64e+06  1.806e+06  1.784e+06  1.301e+06  1.232e+06  1.914e+06  1.483e+06  1.912e+06  1.621e+06  1.837e+06  1.831e+06  1.115e+06  1.177e+06  2.105e+06  1.445e+06  1.847e+06  1.462e+06  1.399e+06   2.11e+06  2.059e+06  8.633e+05  2.244e+06  1.524e+06  1.377e+06  9.977e+05  1.918e+06  1.259e+06  1.809e+06  1.767e+06  1.572e+06  1.374e+06  1.395e+06  1.631e+06  1.351e+06  1.283e+06  8.919e+05  1.387e+06  1.234e+06  1.151e+06  1.794e+06  1.104e+06  1.723e+06  1.117e+06  1.592e+06  1.131e+06  1.488e+06  1.525e+06  1.497e+06  1.139e+06   1.06e+06  1.509e+06  1.266e+06   1.12e+06  1.347e+06  1.258e+06  1.387e+06   1.48e+06  1.273e+06   1.04e+06  1.624e+06  1.148e+06  1.156e+06  1.856e+06   1.87e+06   1.39e+06  1.682e+06  1.547e+06  1.281e+06  1.925e+06  1.265e+06  1.728e+06  1.604e+06  1.771e+06  1.404e+06   1.45e+06  1.526e+06   1.49e+06  1.477e+06  1.553e+06  1.664e+06   1.82e+06  1.223e+06   1.77e+06  1.822e+06  1.549e+06  1.197e+06  1.581e+06  1.424e+06  1.391e+06  1.603e+06  2.237e+06  1.077e+06  1.386e+06  1.187e+06  1.832e+06  1.766e+06  1.656e+06  1.104e+06    1.4e+06  1.096e+06  1.069e+06   1.41e+06  1.708e+06  1.596e+06  1.166e+06  1.617e+06  1.669e+06  2.021e+06  1.297e+06  5.852e+04
 -8.855e+05 -3.495e+06 -9.466e+06 -5.248e+07 -4.454e+06 -5.039e+05  1.437e+06  9.716e+05    3.5e+05  8.853e+05   1.21e+06  6.639e+05  9.132e+05  6.326e+05  8.397e+05  9.372e+05  1.763e+06  9.347e+05  5.225e+05  6.359e+05    1.5e+06  1.447e+06  5.889e+05  1.504e+06  1.144e+06   1.36e+06  9.692e+05  1.222e+06  9.375e+05  1.046e+06  1.085e+06  1.197e+06  1.897e+06  1.374e+06  9.322e+05  9.543e+05  1.875e+06  1.017e+06  1.411e+06  1.238e+06  1.331e+06  1.092e+06  1.018e+06  1.298e+06  1.287e+06  8.756e+05  1.401e+06  1.091e+06  1.075e+06  1.361e+06  1.599e+06  7.129e+05  1.671e+06  1.167e+06  9.821e+05  7.878e+05  1.493e+06  9.635e+05  1.597e+06  1.339e+06  1.019e+06  9.721e+05  8.962e+05  1.271e+06  9.776e+05  6.976e+05  5.918e+05  1.149e+06  1.001e+06  7.881e+05  1.461e+06  8.362e+05  1.254e+06  8.329e+05   1.21e+06  8.469e+05  1.047e+06  1.164e+06  1.081e+06  8.961e+05  1.027e+06  1.015e+06  9.662e+05  8.307e+05  1.026e+06  1.022e+06    1.1e+06  1.038e+06  1.158e+06  1.094e+06  9.672e+05   8.42e+05  1.005e+06  1.311e+06  1.467e+06  9.762e+05  1.232e+06  8.909e+05  1.036e+06  1.392e+06  9.551e+05  1.193e+06  1.158e+06  7.076e+05  1.061e+06  1.047e+06  1.349e+06  1.028e+06  7.966e+05  9.646e+05  1.023e+06  1.056e+06  1.118e+06  1.219e+06  3.276e+04  8.299e+05  1.387e+06  1.085e+06  1.279e+06  1.099e+06  1.303e+06  1.011e+06  9.641e+05  1.187e+06  6.674e+05  1.298e+06   1.06e+06  8.713e+05  9.039e+05  8.001e+05  1.215e+06  4.374e+05  8.286e+05  7.994e+05  1.211e+06  1.115e+06  1.198e+06  5.949e+05  1.437e+06  8.784e+05  1.208e+05
 -7.132e+05 -4.518e+06 -1.369e+07 -4.454e+06 -5.186e+07 -1.533e+05  1.615e+06  1.189e+06  5.301e+05  1.028e+06  1.277e+06  7.128e+05   1.05e+06  8.654e+05  9.127e+05  1.651e+06  1.756e+06  9.858e+05  5.323e+05  6.761e+05   2.15e+06  1.841e+06  6.627e+05  2.026e+06  1.395e+06  1.613e+06  1.143e+06  1.399e+06  1.052e+06  1.367e+06  1.015e+06  9.279e+05  2.214e+06  1.635e+06  1.171e+06  1.029e+06  2.322e+06  1.262e+06  1.702e+06  1.414e+06  9.324e+05  1.426e+06  7.281e+05  1.023e+06  1.485e+06  1.141e+06  1.719e+06   1.32e+06  1.168e+06  1.775e+06  1.996e+06  8.263e+05  1.912e+06   1.37e+06  1.057e+06  8.771e+05  1.647e+06  1.064e+06  1.881e+06  1.592e+06  1.351e+06   1.03e+06  1.264e+06  1.417e+06  1.165e+06   1.05e+06  3.766e+05  1.537e+06  1.217e+06   1.01e+06  1.785e+06  9.345e+05  1.535e+06  9.532e+05  1.324e+06  9.427e+05  1.345e+06  1.285e+06  1.245e+06  8.972e+05  9.986e+05  1.081e+06  1.053e+06  9.792e+05  1.199e+06  1.206e+06  1.097e+06  1.146e+06  1.242e+06  1.216e+06  1.245e+06  7.451e+05  1.093e+06  1.701e+06  1.841e+06  1.134e+06  1.543e+06  1.256e+06  1.186e+06  1.839e+06  1.132e+06   1.59e+06  1.331e+06  1.318e+06  1.204e+06  1.186e+06  1.146e+06  1.395e+06   1.17e+06  1.526e+06  1.235e+06  1.789e+06  1.034e+06  1.259e+06  2.177e+06   1.26e+06  1.165e+06  1.526e+06  1.159e+06   1.43e+06  1.436e+06   1.85e+06   1.03e+06  9.281e+05  1.126e+06   1.17e+06  1.289e+06  1.007e+06  6.396e+05  1.418e+06  1.226e+06  1.776e+06  1.078e+06  1.579e+06  1.281e+06   1.52e+06  1.257e+06  1.131e+06  1.429e+06  1.488e+06  9.528e+04
 -8.925e+06 -3.616e+05 -1.922e+06 -5.039e+05 -1.533e+05 -1.612e+07  1.331e+05  5.453e+05  3.795e+05  7.133e+05  3.911e+05  4.705e+05  5.579e+05  6.003e+05   6.91e+05 -9.678e+05  7.121e+05  4.566e+05  2.954e+05  4.031e+05  7.489e+05  1.024e+06  5.461e+05  1.055e+06   9.56e+05  1.017e+06  1.047e+06  9.028e+05  1.041e+06  1.068e+06  1.277e+06  1.241e+06  4.712e+05  7.997e+05  8.942e+05  6.557e+05  4.971e+05  7.953e+05  8.519e+05   9.73e+05  1.088e+06  1.112e+06  1.214e+06  1.091e+06   7.68e+05  8.564e+05  8.659e+05   9.59e+05  1.043e+06  3.796e+05  6.081e+05  4.992e+05  5.845e+05  8.047e+05  8.199e+05  5.906e+05  7.167e+05  7.581e+05  7.189e+05  9.209e+05  1.155e+06  9.564e+05  1.038e+06  1.056e+06  9.602e+05  1.343e+06  1.084e+06  1.087e+06  9.851e+05  9.101e+05   6.83e+05   6.58e+05  7.156e+05  7.098e+05  7.661e+05  8.594e+05  8.573e+05  1.088e+06  1.034e+06  1.011e+06  9.701e+05  1.101e+06  9.439e+05  9.127e+05   9.29e+05  1.005e+06  1.035e+06  1.149e+06  1.171e+06   1.16e+06  1.407e+06  1.167e+06  9.508e+05  6.417e+05   8.51e+05  7.736e+05  9.451e+05  1.091e+06   9.76e+05  8.101e+05  7.344e+05  7.748e+05  9.496e+05  1.132e+06  1.183e+06  1.069e+06  9.628e+05  1.043e+06  1.042e+06  9.025e+05  1.116e+06  1.288e+06   1.28e+06  1.045e+06   1.14e+06  1.158e+06  1.875e+06  1.509e+06  1.227e+06  1.176e+06  1.446e+06  1.627e+06   1.28e+06  1.623e+06  1.419e+06  1.317e+06  1.178e+06  1.413e+06  1.634e+06  1.043e+06  1.172e+06  1.143e+06  1.256e+06  1.212e+06  1.456e+06  1.239e+06   1.57e+06  1.725e+06  1.667e+06  1.236e+06 -2.055e+05
  5.016e+05  1.591e+06  1.565e+06  1.437e+06  1.615e+06  1.331e+05  -5.41e+08  -2.06e+07 -2.898e+06 -8.655e+06 -4.174e+07 -5.934e+05 -2.082e+07 -1.295e+06 -5.275e+06 -1.652e+08 -7.278e+06 -1.245e+06 -1.027e+05 -1.948e+05 -7.199e+06 -4.465e+06 -8.245e+04 -4.577e+06 -9.195e+05 -2.973e+06  1.306e+05 -6.204e+05   8.88e+05    1.1e+06  1.908e+06  1.792e+06 -1.256e+07 -3.515e+06 -8.287e+05 -1.479e+05 -8.628e+06 -1.366e+06 -3.433e+06 -1.577e+06  4.225e+05  2.679e+05  1.143e+06  2.002e+06 -2.466e+06 -1.345e+05 -2.664e+06 -5.117e+05  3.504e+05  -9.26e+06 -6.679e+06 -6.911e+05 -6.714e+06 -1.473e+06 -1.398e+05  2.486e+05 -4.555e+06 -6.184e+05 -5.356e+06 -1.216e+06  1.299e+06  1.721e+06  1.599e+06  8.626e+05  1.179e+06  3.085e+06  2.858e+06  1.296e+06  1.609e+06  1.459e+06  -2.27e+06  2.824e+05 -1.052e+06  1.203e+06  2.388e+05  1.367e+06  1.348e+06  1.859e+06  2.099e+06  1.775e+06  2.275e+06  2.414e+06  1.658e+06  1.858e+06   1.88e+06  2.095e+06  2.268e+06   1.78e+06  3.102e+06  2.604e+06   2.81e+06    2.9e+06  2.007e+06 -5.932e+06 -2.934e+06 -1.302e+05 -2.336e+06 -3.874e+05 -7.407e+05 -5.268e+06 -4.878e+05 -2.887e+06  3.702e+05  8.931e+05  1.162e+06  1.336e+06 -4.592e+04  6.739e+05  8.939e+05 -7.131e+05  1.194e+06 -1.043e+06  1.176e+06  2.763e+06 -1.343e+06  2.833e+06  1.009e+06  3.011e+06  1.589e+06  8.298e+05  8.095e+05  1.702e+06  1.325e+06    1.5e+06  3.952e+05  1.723e+06  2.403e+06  3.615e+06  1.544e+06 -1.387e+05  1.319e+06  1.815e+06  1.082e+06  9.881e+05  2.462e+06  1.506e+06   2.38e+06  2.123e+06   3.09e+06  2.102e+06  5.714e+05
  7.247e+05  1.175e+06  1.268e+06  9.716e+05  1.189e+06  5.453e+05  -2.06e+07 -8.441e+07 -8.314e+06  -2.52e+07  1.358e+05  3.601e+05  5.524e+05  4.835e+05  4.136e+05 -1.223e+07 -2.828e+06  7.621e+04   2.68e+05  2.664e+05 -3.096e+06 -1.763e+06  2.368e+05 -1.365e+06  4.471e+04 -8.781e+05  2.458e+05  6.345e+04  1.094e+06  7.499e+05  9.673e+05  1.687e+06 -4.373e+06 -6.294e+05  2.593e+05  2.449e+05 -2.825e+06 -1.501e+05  -1.01e+06 -1.119e+05  6.496e+05  3.457e+05  8.533e+05  5.452e+05 -5.516e+05   2.76e+05  -3.85e+05  1.861e+05   3.06e+05 -2.902e+06 -3.258e+06       7621 -2.569e+06 -2.111e+05  4.422e+05  5.111e+05 -1.308e+06  3.278e+05 -1.888e+06  1.475e+05  1.144e+06  1.123e+06  1.275e+06   1.02e+06  1.068e+06  1.792e+06  1.441e+06  1.223e+06  1.286e+06  1.187e+06  -1.01e+05  6.693e+05  4.346e+05  1.017e+06  8.734e+05  1.189e+06  1.491e+06  2.016e+06  1.665e+06  1.465e+06  1.738e+06  2.126e+06  1.409e+06  1.436e+06  1.712e+06  1.723e+06  1.627e+06  1.622e+06  1.953e+06  2.399e+06  2.325e+06  1.827e+06  1.508e+06 -2.218e+06 -8.999e+05  6.492e+05 -7.612e+05  5.564e+05 -1.801e+04 -1.934e+06  2.639e+05  -8.06e+05   4.39e+05  5.863e+05  1.259e+06  1.051e+06   4.63e+05  7.498e+05  1.099e+06  2.399e+05   7.72e+05  2.982e+05  1.211e+06  1.509e+06  7.252e+05  1.169e+06  1.543e+06  1.618e+06    1.7e+06  9.795e+05  1.858e+06  1.043e+06  1.264e+06  1.451e+06  1.525e+06  8.946e+05  1.827e+06  1.652e+06  2.013e+06  5.935e+05  1.122e+06    5.3e+05  1.082e+06  1.171e+06  1.322e+06  1.944e+06  1.098e+06  8.441e+05  1.095e+06  1.747e+06  4.051e+05
  4.069e+05  5.326e+05    5.2e+05    3.5e+05  5.301e+05  3.795e+05 -2.898e+06 -8.314e+06 -3.915e+07 -3.442e+05  1.149e+05  2.724e+05  9.115e+04  1.733e+05  1.261e+05 -1.949e+06  -4.87e+05  3.599e+05  2.838e+05  3.186e+05  -7.74e+05 -2.506e+05   9.95e+04 -3.961e+04  2.859e+05 -2.916e+04 -3.302e+04  2.906e+05  4.793e+05  5.724e+05  5.387e+05  6.196e+05 -6.963e+05      -2335  1.361e+05  3.801e+05 -6.508e+05  1.371e+05 -1.072e+05  3.298e+05  3.681e+05   2.26e+05  4.209e+05  5.658e+05  8.651e+04  3.447e+05  1.912e+05   4.11e+05  3.671e+05 -4.734e+05 -2.161e+05  1.854e+05 -2.104e+05  3.154e+05  4.541e+05  3.159e+05  2.821e+05  3.371e+05  2.765e+05  4.859e+05  5.224e+05  4.589e+05  4.572e+05  6.275e+05  6.209e+05  6.849e+05   4.95e+05  7.211e+05   7.26e+05  6.776e+05  2.937e+05  4.606e+05  5.023e+05  6.043e+05  6.065e+05  5.481e+05  7.498e+05  8.742e+05  8.264e+05  7.276e+05  8.593e+05  8.677e+05  7.372e+05  7.285e+05  9.535e+05  9.748e+05  9.237e+05  1.075e+06  1.096e+06  1.211e+06  1.373e+06  5.775e+05  8.022e+05 -5.391e+05       9312  3.753e+05  3.015e+04  4.067e+05  3.649e+05 -3.706e+05  3.426e+05  2.258e+05  3.822e+05  1.245e+05  4.935e+05  4.547e+05  1.561e+05  2.949e+05  4.858e+05  1.299e+05  3.827e+05  1.455e+05  4.476e+05  2.426e+05  5.992e+05  2.727e+05  3.938e+05   7.72e+05  2.835e+05  4.802e+05  6.229e+05   1.36e+06  4.299e+05  9.017e+05  4.605e+05  3.633e+05  6.232e+05  8.033e+05  8.715e+05  -7.02e+04  4.745e+05  1.723e+05  2.724e+05  2.284e+05  4.611e+05  2.495e+05  6.352e+05  6.777e+05  4.447e+05  6.374e+05  2.406e+05
  8.164e+05  1.073e+06  1.193e+06  8.853e+05  1.028e+06  7.133e+05 -8.655e+06  -2.52e+07 -3.442e+05 -4.785e+07   4.99e+05  3.594e+05  6.163e+05  5.936e+05  5.814e+05 -4.972e+06 -1.134e+06  3.018e+05  3.009e+05  3.527e+05 -1.176e+06 -5.936e+05  3.291e+05 -4.036e+05  2.731e+05 -2.513e+05  4.961e+05  3.234e+05  9.963e+05  7.484e+05  6.174e+05   8.71e+05 -1.804e+06      -2410  4.449e+05  2.951e+05 -1.326e+06  3.011e+05  -1.92e+05  2.648e+05  7.587e+05  6.168e+05  6.831e+05  4.993e+05  1.193e+05  4.743e+05 -1.632e+05  3.137e+05  3.999e+05 -1.145e+06  -1.51e+06  2.063e+05 -1.358e+06  3.078e+04  3.139e+05  5.508e+05 -4.337e+05  6.552e+05 -8.627e+05  4.447e+05  9.941e+05  9.383e+05   1.18e+06  9.931e+05  1.016e+06  1.656e+06  1.221e+06  9.221e+05  1.035e+06  1.036e+06  5.048e+05  6.753e+05  7.542e+05   9.57e+05  1.144e+06  1.174e+06  1.411e+06  1.677e+06  1.646e+06  1.228e+06  1.559e+06  1.639e+06  1.374e+06  1.396e+06  1.678e+06  1.618e+06   1.44e+06  1.753e+06  1.026e+06  2.042e+06  1.987e+06  1.535e+06  1.315e+06 -7.144e+05 -2.201e+05  7.418e+05 -1.846e+05  6.359e+05  1.773e+05 -6.329e+05  3.649e+05 -4.112e+04  8.732e+05  1.199e+06   1.04e+06  1.036e+06  8.171e+05  8.012e+05  8.891e+05  7.966e+05    9.5e+05  6.851e+05  1.083e+06   8.55e+05  1.271e+06   1.04e+06  1.714e+06  1.483e+06  1.463e+06  8.698e+05  1.475e+06  1.198e+06  9.527e+05  1.117e+06  1.415e+06  1.152e+06  1.164e+06  1.236e+06   1.73e+06  9.854e+05  1.209e+06  1.091e+06  1.233e+06  8.991e+05  1.314e+06  1.997e+06  7.854e+05   1.14e+06  5.783e+05  1.126e+06  3.459e+05
   6.21e+05  1.214e+06  1.293e+06   1.21e+06  1.277e+06  3.911e+05 -4.174e+07  1.358e+05  1.149e+05   4.99e+05 -1.313e+08 -2.028e+06 -4.739e+07 -2.972e+06  -1.12e+07 -2.494e+07 -3.832e+06 -7.326e+05  6.909e+04 -1.163e+05 -4.183e+06  -2.56e+06       3917 -2.317e+06 -3.054e+05 -1.574e+06  4.272e+05 -3.222e+05  9.008e+05  6.072e+05  1.859e+06  1.228e+06 -5.939e+06 -1.901e+06 -2.284e+05 -2.819e+04 -4.496e+06 -7.676e+05  -1.94e+06 -5.985e+05  7.403e+05  3.884e+05  1.461e+06  1.384e+06 -1.181e+06  2.306e+05 -1.063e+06 -1.496e+05  3.902e+05 -4.163e+06 -5.216e+06  -3.14e+05     -5e+06 -9.363e+05  1.893e+05  3.399e+05 -3.178e+06 -2.008e+05 -2.899e+06 -5.666e+05  1.185e+06  1.084e+06  1.472e+06   7.45e+05   9.78e+05   2.09e+06  2.257e+06  9.983e+05  1.147e+06  1.193e+06 -1.596e+06  3.246e+05 -9.216e+05  9.058e+05 -1.337e+04  9.895e+05  6.793e+05  1.483e+06  1.477e+06  1.432e+06  1.728e+06  1.076e+06  1.398e+06  1.371e+06  1.373e+06  1.446e+06  1.885e+06  1.634e+06  1.874e+06  1.383e+06  1.926e+06  2.128e+06  1.435e+06  -3.06e+06 -1.684e+06  1.343e+05 -6.836e+05   3.94e+05  -1.11e+05   -3.6e+06 -1.743e+05 -1.514e+06  5.206e+04  7.192e+05  1.372e+06  1.153e+06  5.291e+05  9.141e+05  1.092e+06      -5250  7.394e+05 -1.759e+05  1.128e+06  1.214e+06 -5.826e+05  2.238e+06  1.459e+06  2.285e+06  1.927e+06  1.667e+06  2.039e+06  2.341e+06  1.646e+06  1.249e+06  1.516e+06  1.412e+06  1.696e+06   1.71e+06  2.379e+06  5.293e+05  1.414e+06  6.046e+05  1.483e+06  1.021e+06  1.929e+06  1.364e+06  2.108e+06  1.655e+06  1.919e+06  2.325e+06   4.91e+05
  5.317e+05  6.916e+05  8.028e+05  6.639e+05  7.128e+05  4.705e+05 -5.934e+05  3.601e+05  2.724e+05  3.594e+05 -2.028e+06 -2.531e+07 -8.692e+05 -1.475e+04  1.521e+05  -4.11e+05 -2.954e+04  6.391e+04  1.514e+05  1.977e+05  3.167e+05  2.536e+04  2.692e+05  2.092e+04  4.545e+05  2.423e+05  6.931e+05  3.273e+05  8.302e+05  6.013e+05  9.034e+05  6.968e+05  4.837e+04  2.914e+05  5.221e+05  3.248e+05  2.066e+04  4.494e+05  3.165e+05  3.984e+05  4.848e+05  4.549e+05  9.865e+05  2.493e+05 -1.534e+04  3.709e+05  1.805e+05   4.28e+05  6.484e+05 -6.861e+04  -6.28e+05   1.99e+05 -4.287e+05  1.473e+05  4.245e+05   3.73e+05  2.727e+04  5.767e+05 -2.733e+05  4.137e+05  6.792e+05   7.58e+05  9.736e+05  6.261e+05  7.623e+05  1.108e+06  8.364e+05  7.184e+05  6.734e+05  6.814e+05  3.033e+05  4.698e+05  4.726e+05  4.986e+05  5.388e+05  7.365e+05  6.658e+05  9.745e+05  9.588e+05  7.441e+05  9.428e+05  1.058e+06  5.802e+05  7.588e+05  8.185e+05  9.146e+05   9.27e+05  9.675e+05  1.033e+06  9.317e+05  9.218e+05  1.216e+06  8.103e+05  2.025e+05  5.099e+05  6.356e+05   4.05e+05  7.258e+05  4.601e+05 -1.217e+04  3.425e+05  3.493e+05  7.425e+05  1.428e+06  1.133e+06  1.045e+06  9.083e+05  8.744e+05  9.692e+05  8.016e+05  1.061e+06      1e+06  1.103e+06  8.603e+05  1.129e+06    9.7e+05  1.119e+06  1.328e+06  1.232e+06  1.023e+06  1.141e+06  1.047e+06  1.273e+06  9.264e+05  1.011e+06  1.126e+06  1.199e+06  1.205e+06  1.366e+06  8.298e+05  1.111e+06  7.999e+05  1.033e+06  9.088e+05  1.209e+06   1.22e+06  1.504e+06  1.292e+06  1.636e+06   1.18e+06  2.513e+05
  6.832e+05  1.085e+06  1.297e+06  9.132e+05   1.05e+06  5.579e+05 -2.082e+07  5.524e+05  9.115e+04  6.163e+05 -4.739e+07 -8.692e+05 -1.488e+08 -7.431e+06 -2.461e+07 -1.284e+07 -2.084e+06  1.527e+05  3.537e+05  3.383e+05 -2.674e+06 -1.518e+06  5.058e+04 -1.453e+06   2.02e+05 -7.619e+05  4.718e+05  6.814e+04  4.829e+05  3.384e+05  1.416e+06  1.342e+06 -4.678e+06 -8.243e+05   1.38e+04  4.152e+05 -4.047e+06 -5.312e+05 -1.117e+06 -1.237e+05  7.569e+05  2.659e+05  1.388e+06  1.147e+06 -7.579e+05  5.649e+05 -5.221e+05  4.316e+05  4.017e+05 -2.643e+06 -2.747e+06  1.595e+05 -2.652e+06    1.5e+04  5.867e+05   6.39e+05 -1.622e+06  2.238e+05 -1.385e+06  2.643e+05  1.141e+06  1.127e+06  1.261e+06  8.823e+05  8.827e+05  1.535e+06  1.877e+06  1.006e+06  9.578e+05  1.032e+06 -5.665e+05  6.701e+05       1920   8.98e+05  4.695e+05  8.656e+05  9.463e+05  1.517e+06  1.386e+06  1.375e+06  1.558e+06  1.055e+06   1.64e+06  1.219e+06  1.509e+06  1.744e+06  1.728e+06   1.55e+06   1.86e+06    1.7e+06   1.72e+06  2.121e+06   1.44e+06 -1.788e+06  -8.37e+05  3.255e+05 -2.385e+05  5.452e+05  5.841e+05   -2.1e+06  3.006e+05 -7.585e+05  4.276e+05 -6.791e+04  9.182e+05  8.913e+05   2.81e+05   8.87e+05  7.505e+05 -2.071e+05  5.333e+05 -1.559e+05  9.969e+05 -1.199e+06  2.594e+05  1.821e+06  6.631e+05  2.102e+06  1.339e+06  8.469e+05   1.67e+06  1.056e+06   7.67e+05  1.565e+06  1.039e+06  1.083e+06  1.718e+06  1.892e+06  1.327e+06 -4.199e+04  1.131e+06  3.889e+05  1.149e+06  1.147e+06  2.006e+06  1.655e+06  8.354e+05  3.771e+05  2.109e+06  1.263e+06  4.815e+05
  6.368e+05  8.108e+05  9.658e+05  6.326e+05  8.654e+05  6.003e+05 -1.295e+06  4.835e+05  1.733e+05  5.936e+05 -2.972e+06 -1.475e+04 -7.431e+06 -4.737e+07 -1.526e+06 -8.127e+05  2.318e+05  3.738e+05  3.376e+05  3.891e+05 -5.785e+04  8.403e+04   1.58e+05  1.435e+04  4.198e+05  4.795e+05  4.736e+05  4.288e+05  6.298e+05  4.553e+05  1.266e+06  8.181e+05  1.285e+05  2.366e+05  3.531e+05  5.214e+05  2.163e+05  3.109e+05  3.484e+05  4.133e+05  4.904e+05    2.5e+05  1.003e+06  1.274e+06  2.189e+05   5.71e+05  4.103e+05  5.856e+05  6.721e+05  5.147e+04 -5.568e+05  3.192e+05 -3.782e+05  3.724e+05  6.125e+05  4.579e+05  3.956e+05  5.659e+05  5.112e+05  5.742e+05  8.413e+05  8.847e+05   8.57e+05  7.351e+05  6.639e+05  1.017e+06  9.048e+05  9.719e+05  7.185e+05  7.061e+05  4.771e+05  6.463e+05  7.401e+05  6.988e+05  7.468e+05  7.299e+05  8.729e+05  1.108e+06  8.854e+05  9.938e+05  1.089e+06  9.365e+05  9.235e+05  8.903e+05  1.002e+06  1.107e+06  1.196e+06  1.188e+06  1.207e+06  1.367e+06  1.333e+06  1.156e+06  1.069e+06   1.79e+04  1.433e+05  5.352e+05  4.352e+05  5.624e+05  7.994e+05  1.717e+05    5.9e+05  2.843e+05  5.684e+05  3.036e+05  7.458e+05  6.798e+05  9.559e+05  6.554e+05  6.498e+05  6.118e+05  4.498e+05    3.4e+05  9.982e+05  8.927e+05  1.113e+06  1.009e+06 -1.734e+05  1.198e+06  9.247e+05  1.302e+06  1.245e+06  3.226e+05  1.357e+06   1.02e+06  5.303e+05  9.953e+05    7.8e+05  6.893e+05   1.02e+06  4.855e+05  6.641e+05  2.867e+05  6.561e+05  7.975e+05  8.307e+05  7.515e+05   8.69e+05  1.502e+06  9.129e+05  7.435e+05  3.537e+05
  7.662e+05  9.978e+05  1.223e+06  8.397e+05  9.127e+05   6.91e+05 -5.275e+06  4.136e+05  1.261e+05  5.814e+05  -1.12e+07  1.521e+05 -2.461e+07 -1.526e+06 -8.758e+07 -3.349e+06 -1.559e+05  7.909e+05  5.713e+05  5.997e+05 -6.119e+05  1.876e+05  2.907e+05  1.659e+05  6.389e+05  4.513e+05  5.581e+05  5.906e+05  3.949e+05  6.993e+05  2.047e+05  8.784e+05 -1.914e+06  3.062e+05  5.348e+05  5.981e+05 -1.302e+06 -6.324e+04  2.425e+05  5.822e+05  5.951e+05  8.535e+05  4.727e+05  1.038e+06 -3.884e+04  6.437e+05  4.952e+05  7.022e+05  3.338e+05 -2.042e+05 -6.625e+04  5.118e+05  1.994e+05  9.682e+05  7.689e+05  8.583e+05 -2.114e+04  7.614e+05  3.092e+05  1.003e+06  1.057e+06  1.014e+06  1.098e+06  1.019e+06  9.686e+05  4.216e+05  8.359e+05  1.269e+06  1.007e+06  1.018e+06  8.733e+05  1.013e+06  1.018e+06  9.341e+05  1.208e+06  1.028e+06  1.191e+06  1.661e+06  1.493e+06  1.048e+06  1.402e+06  1.234e+06  1.368e+06  1.321e+06  1.503e+06  1.796e+06  1.632e+06  1.956e+06  1.577e+06  1.349e+06  1.751e+06  1.902e+06  1.293e+06   -1.4e+05  2.189e+05  5.471e+05  5.796e+05  5.893e+05  6.869e+05  3.239e+05  7.499e+05  7.343e+05  7.014e+05  3.916e+05  6.372e+05  8.098e+05  6.081e+05  6.784e+05  4.609e+05  5.089e+05   3.94e+05 -3.024e+05  2.452e+05  -2.06e+05  2.541e+05  8.258e+05   1.33e+06  1.494e+06  4.196e+05  1.075e+06      -6726  6.098e+05  7.247e+05  1.677e+05  9.061e+05  3.832e+05  9.583e+05   4.48e+05  1.677e+06  2.246e+05  7.166e+05  4.957e+05  3.628e+05  5.691e+05   1.09e+06  1.174e+06  6.704e+05  6.729e+05  1.153e+06   5.18e+05  4.158e+05
 -2.806e+05  1.528e+06  1.476e+06  9.372e+05  1.651e+06 -9.678e+05 -1.652e+08 -1.223e+07 -1.949e+06 -4.972e+06 -2.494e+07  -4.11e+05 -1.284e+07 -8.127e+05 -3.349e+06 -3.474e+08 -9.827e+06 -9.925e+05 -4.003e+04 -2.772e+05 -9.828e+06 -3.369e+06  2.117e+04 -3.132e+06 -3.691e+05 -2.873e+06  2.028e+05 -5.806e+05  1.218e+06  9.783e+05  1.758e+06   1.55e+06 -1.246e+07 -3.278e+06 -5.499e+05 -3.835e+05 -9.913e+06 -1.507e+06 -3.286e+06 -1.092e+06 -2.244e+04 -4.386e+05  1.882e+06  1.125e+06  -2.87e+06 -5.121e+05 -1.409e+06 -5.648e+05  3.027e+05 -1.194e+07 -6.527e+06 -7.075e+05  -7.04e+06 -1.423e+06 -1.338e+04  2.143e+05 -4.858e+06 -7.043e+05 -5.204e+06 -8.892e+05  1.152e+06  1.326e+06  1.481e+06  6.227e+05  9.628e+05  2.942e+06  2.242e+06  9.579e+05  1.058e+06  1.119e+06 -2.827e+06  1.696e+05 -1.813e+06  6.929e+05 -7.346e+05  9.316e+05  1.008e+06  1.661e+06   1.61e+06  1.439e+06  1.683e+06  1.294e+06  1.029e+06  1.346e+06  1.228e+06  1.823e+06  2.125e+06  1.517e+06   2.14e+06   2.14e+06  1.949e+06  2.495e+06  1.575e+06 -6.297e+06 -2.911e+06 -3.963e+05 -1.788e+06 -4.815e+05 -4.731e+05 -6.052e+06 -6.026e+05  -3.04e+06 -5.667e+04 -1.219e+06  8.957e+05  1.382e+06  8.044e+05  1.099e+06  5.701e+05 -1.569e+06  1.063e+06 -5.875e+05  1.078e+06  2.603e+06 -2.507e+06  2.008e+06  5.138e+05  2.062e+06   2.46e+06  1.138e+06   1.61e+06  2.809e+06  1.131e+06  2.264e+06  9.314e+05  1.923e+06  1.816e+06  2.916e+06  2.043e+06 -7.975e+05  1.541e+06  4.912e+05  7.117e+05   1.05e+06  1.603e+06  1.661e+06  1.179e+06  2.273e+06  2.999e+06  2.061e+06   4.85e+05
   1.01e+06  1.905e+06  2.184e+06  1.763e+06  1.756e+06  7.121e+05 -7.278e+06 -2.828e+06  -4.87e+05 -1.134e+06 -3.832e+06 -2.954e+04 -2.084e+06  2.318e+05 -1.559e+05 -9.827e+06 -4.381e+08  5.339e+05   2.34e+05  4.564e+05  -2.11e+08  -8.09e+06 -3.891e+05 -7.336e+06 -1.241e+06 -4.078e+06 -7.224e+05  -1.64e+06 -3.314e+04 -4.289e+05  1.626e+06  7.311e+05 -6.169e+07 -7.101e+06 -1.748e+06 -1.189e+06 -2.638e+07  -4.28e+06 -9.916e+06 -2.355e+06 -6.515e+05  7.534e+04  1.048e+06  1.796e+06 -5.522e+06 -2.325e+06 -3.921e+06 -1.355e+06 -9.438e+05 -4.874e+07 -1.298e+07 -1.136e+06 -1.038e+07 -2.485e+06 -4.213e+05  1.326e+05 -7.471e+06   -1.6e+06 -7.237e+06 -1.912e+06  4.596e+05  1.145e+06   1.43e+06  2.142e+05  1.199e+06  1.803e+06  2.859e+06   4.25e+05  1.491e+06  1.306e+06 -3.777e+06 -1.188e+05 -1.717e+06  8.431e+05 -6.213e+05  9.722e+05  1.063e+06  1.887e+06   1.46e+06  1.723e+06  2.268e+06  1.517e+06  1.458e+06  1.732e+06  2.086e+06  1.871e+06  1.962e+06  2.077e+06  2.141e+06  2.216e+06  2.366e+06  2.917e+06  1.935e+06   -1.2e+07 -6.062e+06 -8.324e+05 -3.296e+06 -3.305e+05 -1.176e+06 -8.334e+06 -9.261e+05 -5.022e+06 -2.964e+04  -9.12e+05  1.932e+06  1.196e+06 -7.633e+05   8.04e+05  1.027e+06 -1.495e+06  4.336e+05 -3.138e+05  1.942e+06   5.31e+04  1.541e+05  1.704e+06  2.771e+06  1.532e+06  7.686e+05  3.386e+06  2.485e+06  2.917e+06  3.148e+06  3.359e+06  1.471e+06  8.664e+05  1.777e+06  3.118e+06  4.651e+06 -6.387e+05  1.717e+06  4.861e+05  1.589e+06  1.361e+06  1.522e+06  2.072e+06  2.767e+06  1.473e+06  2.784e+06  2.046e+06  6.446e+05
  5.989e+05  9.865e+05  1.206e+06  9.347e+05  9.858e+05  4.566e+05 -1.245e+06  7.621e+04  3.599e+05  3.018e+05 -7.326e+05  6.391e+04  1.527e+05  3.738e+05  7.909e+05 -9.925e+05  5.339e+05 -6.055e+07 -7.834e+06 -1.352e+07 -6.939e+06  -1.86e+06  1.607e+04 -1.933e+06 -2.056e+05 -1.111e+06  4.067e+05 -4.637e+05  7.039e+05  5.093e+05  1.115e+06  7.448e+05 -3.501e+06 -1.321e+06 -9.097e+04 -1.555e+05 -2.527e+06 -3.732e+05 -1.128e+06 -5.182e+05  2.499e+05  5.108e+05  1.419e+06  9.115e+05 -1.515e+06  -7.81e+04 -1.184e+06 -2.663e+05  2.117e+05 -9.358e+05 -3.293e+06 -2.458e+05 -2.729e+06 -6.748e+05  2.857e+05  1.983e+05 -1.488e+06  2.071e+05 -1.936e+06 -8.709e+04  7.319e+05  9.341e+05  1.056e+06  6.912e+05  7.472e+05  1.571e+06  1.677e+06  7.678e+05  8.366e+05  7.622e+05 -8.343e+05  2.445e+05 -3.015e+05  5.177e+05  2.017e+05  7.299e+05  6.785e+05  8.884e+05  1.179e+06  9.821e+05  1.211e+06  7.731e+05  8.562e+05  8.062e+05  8.891e+05  1.087e+06  1.226e+06  1.312e+06  1.543e+06  1.409e+06  1.426e+06  1.875e+06  9.736e+05 -1.267e+06 -3.022e+05   3.83e+05 -9.424e+04  6.591e+05  4.872e+04 -1.136e+06  8.656e+04 -3.616e+05  5.003e+05  1.576e+06  1.173e+06  1.177e+06   6.11e+05  8.414e+05  7.832e+05  3.804e+05  9.694e+05  7.748e+05  1.298e+06  6.723e+05  7.652e+05  1.358e+06  1.484e+06  1.685e+06  1.554e+06  1.281e+06  2.173e+06  2.013e+06  9.454e+05  2.629e+06  5.719e+05  1.642e+06  1.235e+06  1.879e+06  1.653e+06  8.147e+05  1.355e+06  5.489e+05  1.487e+06  1.089e+06  1.631e+06  5.967e+05  1.841e+06  1.761e+06  1.563e+06  1.414e+06  3.645e+05
  3.803e+05  5.265e+05  5.926e+05  5.225e+05  5.323e+05  2.954e+05 -1.027e+05   2.68e+05  2.838e+05  3.009e+05  6.909e+04  1.514e+05  3.537e+05  3.376e+05  5.713e+05 -4.003e+04   2.34e+05 -7.834e+06 -1.605e+07  5.713e+05 -1.291e+06 -4.525e+05  1.361e+05 -4.446e+05  7.379e+04 -1.883e+05  4.865e+05 -1.233e+04  5.382e+05  2.911e+05  6.904e+05  6.828e+05 -5.552e+05 -1.488e+05  2.637e+05  9.312e+04  -3.38e+05  1.321e+05 -1.622e+05  6.993e+04  4.783e+05  4.474e+05  8.037e+05  8.061e+05 -2.405e+05  1.338e+05  -2.47e+05  1.073e+05  2.928e+05 -6.387e+04 -7.613e+05  1.345e+05 -5.135e+05 -4.954e+04  2.367e+05  2.133e+05 -1.432e+05  3.532e+05 -1.481e+05  1.771e+05  4.411e+05  5.785e+05  6.379e+05  4.624e+05  5.252e+05  8.655e+05  8.182e+05  4.405e+05  5.424e+05  4.734e+05  4.909e+04  2.732e+05  2.285e+05  3.567e+05    3.7e+05  5.302e+05  5.158e+05  5.694e+05  6.656e+05  5.762e+05  6.206e+05  6.773e+05  5.297e+05  5.328e+05  4.892e+05  6.578e+05  6.991e+05  7.227e+05  8.676e+05  9.356e+05  7.619e+05  8.309e+05  6.115e+05 -2.725e+04  2.521e+05  3.763e+05  2.382e+05  5.604e+05  2.989e+05  8.613e+04  2.953e+05  1.942e+05  4.835e+05  1.332e+06  8.991e+05  8.263e+05    5.9e+05  5.715e+05  7.161e+05  5.287e+05  5.921e+05  6.342e+05  9.901e+05  5.775e+05  5.393e+05  8.182e+05  1.006e+06  7.773e+05   8.86e+05  1.004e+06  8.821e+05  9.868e+05  1.057e+06  1.277e+06   8.29e+05  8.525e+05  9.961e+05  1.095e+06  9.895e+05  5.682e+05  8.625e+05  6.467e+05  8.118e+05  7.434e+05   9.78e+05  7.158e+05  9.877e+05  1.098e+06  1.153e+06  1.203e+06   1.93e+05
  4.531e+05  6.662e+05  7.929e+05  6.359e+05  6.761e+05  4.031e+05 -1.948e+05  2.664e+05  3.186e+05  3.527e+05 -1.163e+05  1.977e+05  3.383e+05  3.891e+05  5.997e+05 -2.772e+05  4.564e+05 -1.352e+07  5.713e+05 -2.225e+07  -2.27e+06 -5.573e+05  2.038e+05 -5.278e+05  2.006e+05 -1.849e+05  4.939e+05  6.841e+04  6.255e+05  5.102e+05  7.594e+05  8.752e+05  -1.19e+06 -2.875e+05  1.976e+05  1.879e+05 -7.628e+05  8.929e+04 -3.371e+05  1.919e+04  4.072e+05  4.154e+05  1.015e+06  5.401e+05 -4.985e+05  1.268e+05 -6.528e+04   1.38e+05  3.697e+05 -1.689e+05 -1.028e+06  1.195e+05 -7.692e+05  4.968e+04  3.847e+05  3.038e+05 -3.405e+05  3.047e+05 -5.869e+05  2.864e+05  6.822e+05  7.156e+05  7.389e+05  5.642e+05  6.123e+05  9.725e+05  9.587e+05  6.669e+05  6.438e+05  6.168e+05 -1.463e+05  3.149e+05  9.695e+04  4.305e+05  3.329e+05  5.779e+05  5.334e+05  7.736e+05  7.737e+05  7.128e+05   8.69e+05   8.18e+05  7.523e+05  7.237e+05  7.208e+05  8.193e+05  9.382e+05  7.377e+05  9.198e+05  8.151e+05  8.629e+05  1.098e+06  7.811e+05 -6.454e+04  9.303e+04  4.345e+05  1.676e+05  6.031e+05  3.094e+05 -9.516e+04   2.61e+05  1.656e+05  4.179e+05  1.286e+06  8.282e+05  7.432e+05  5.871e+05  7.103e+05   5.75e+05  3.528e+05  7.337e+05  6.506e+05  8.706e+05   8.79e+05  7.368e+05  8.208e+05   8.16e+05  1.176e+06  9.629e+05  8.369e+05  1.159e+06  5.997e+05  1.089e+06  9.486e+05   8.49e+05  1.043e+06  7.574e+05  1.191e+06  1.496e+06  8.034e+05  8.969e+05  5.743e+05   9.42e+05  9.703e+05  9.992e+05  4.277e+05  1.164e+06   1.45e+06  1.104e+06  9.247e+05  2.686e+05
  1.038e+06  2.048e+06  2.144e+06    1.5e+06   2.15e+06  7.489e+05 -7.199e+06 -3.096e+06  -7.74e+05 -1.176e+06 -4.183e+06  3.167e+05 -2.674e+06 -5.785e+04 -6.119e+05 -9.828e+06  -2.11e+08 -6.939e+06 -1.291e+06  -2.27e+06  -8.11e+08 -1.424e+07 -1.004e+06 -1.144e+07 -2.266e+06 -5.629e+06 -1.648e+06 -3.322e+06 -4.852e+05 -2.014e+06  1.069e+06  3.969e+05 -1.128e+08 -1.051e+07 -3.087e+06 -2.286e+06 -4.907e+07 -7.349e+06  -1.47e+07 -3.917e+06 -2.647e+06 -1.394e+06  1.561e+06 -8.346e+05  -8.62e+06 -3.524e+06 -7.743e+06 -2.204e+06 -2.092e+06 -4.062e+07 -1.486e+07 -1.178e+06 -1.288e+07 -2.029e+06 -2.367e+05  2.189e+05 -7.796e+06 -1.515e+06 -7.004e+06 -1.532e+06  3.173e+05  1.612e+06  1.681e+06  9.616e+05  7.522e+05  1.287e+06  2.531e+06  7.333e+05  1.394e+06  1.357e+06 -3.735e+06  1.106e+05 -1.275e+06  1.172e+06  1.201e+05  1.623e+06  1.521e+06  1.944e+06  1.646e+06  2.108e+06  2.255e+06  1.352e+06  1.876e+06  1.723e+06  2.776e+06  2.211e+06  3.226e+06  2.603e+06  1.807e+06   3.39e+06  2.142e+06  2.301e+06  2.374e+06 -1.361e+07 -7.636e+06 -7.898e+05 -4.443e+06  -9.55e+05  -1.23e+06 -9.334e+06 -1.185e+06 -5.623e+06 -7.093e+05 -1.512e+06  2.117e+06  7.394e+05  7.185e+05  7.444e+05   7.89e+05 -2.242e+06  5.024e+05   7.65e+05   2.72e+06 -1.888e+06 -2.549e+05  1.273e+06  4.138e+06  1.831e+06 -4.793e+05  2.678e+06  1.378e+06  1.673e+04  1.907e+06 -8.846e+05   7.95e+05  1.905e+06  2.101e+06  3.992e+06   3.18e+06 -1.399e+04  2.063e+06  1.042e+06  2.112e+06  5.171e+05  8.607e+05 -3.011e+05  1.967e+06  3.532e+06   3.41e+06 -5.031e+05  7.648e+05
  1.266e+06  1.902e+06  2.049e+06  1.447e+06  1.841e+06  1.024e+06 -4.465e+06 -1.763e+06 -2.506e+05 -5.936e+05  -2.56e+06  2.536e+04 -1.518e+06  8.403e+04  1.876e+05 -3.369e+06  -8.09e+06  -1.86e+06 -4.525e+05 -5.573e+05 -1.424e+07 -2.521e+08 -1.702e+06 -1.447e+08 -5.092e+06 -2.574e+07 -3.706e+06  -5.04e+06 -4.176e+05 -1.861e+06  6.037e+05  1.125e+05 -4.643e+07 -6.124e+06 -1.766e+06 -1.262e+06 -1.874e+07 -4.943e+06 -9.069e+06 -3.293e+06 -1.277e+06 -2.265e+06  1.811e+06  7.109e+05 -6.471e+06 -2.264e+06 -5.174e+06 -2.264e+06 -1.372e+06 -6.878e+06 -9.683e+06 -8.914e+05 -8.384e+06 -2.328e+06 -3.172e+05  9.189e+04 -5.389e+06 -7.402e+05 -5.144e+06 -1.543e+06  9.379e+05  1.469e+06  1.828e+06   2.81e+05  1.132e+06  3.328e+06  3.123e+06  1.009e+06  1.156e+06  1.066e+06 -2.583e+06  3.412e+05 -1.219e+06  8.155e+05  1.772e+05  1.402e+06  1.018e+06  1.715e+06  1.832e+06  1.838e+06  1.973e+06  1.013e+06  1.275e+06  1.324e+06  1.766e+06  1.733e+06  1.875e+06  1.607e+06  2.317e+06    2.1e+06   2.44e+06  2.719e+06  1.509e+06 -6.531e+06 -4.335e+06 -6.116e+05 -2.774e+06  -2.69e+05 -9.344e+05 -4.999e+06 -7.963e+05 -3.123e+06  3.453e+04 -4.729e+05  1.742e+06  9.495e+05 -6.558e+05  2.881e+05  1.135e+06 -7.541e+05  5.268e+05 -5.602e+05  1.016e+06 -1.307e+06 -7.978e+05  1.948e+06   2.94e+06  2.221e+06  3.015e+06  1.202e+06  2.401e+06  8.879e+05  2.786e+06  1.086e+06  8.783e+05  1.286e+06  1.949e+06  2.805e+06  3.523e+06  1.336e+05  1.442e+06  4.791e+05  2.388e+06  8.777e+05  1.945e+06  3.082e+06  2.346e+06  3.783e+06  2.591e+06  2.753e+06  6.318e+05
