
 52

((((((((((((amblysomus_hottentotus: 0.000000, amblysomus_corriae: 0.000000): 0.000000, amblysomus_marleyi: 0.004433): 0.000000, amblysomus_septentrionalis: 0.000000): 0.000000, amblysomus_robustus: 0.000000): 0.004923, ((neamblysomus_gunningi: 0.004386, neamblysomus_julianae: 0.004476): 0.008899, carpitalpa_arendsi: 0.008887): 0.000000): 0.009945, (((chrysospalax_trevelyani: 0.014059, calcochloris_obtusirostris: 0.004031): 0.000000, chrysospalax_villosus: 0.013292): 0.000000, (chlorotalpa_sclateri: 0.004766, chlorotalpa_duthieae: 0.000000): 0.013429): 0.000000): 0.003868, eremitalpa_granti: 0.012864): 0.003376, ((cryptochloris_wintoni: 0.000000, chrysochloris_asiatica: 0.008844): 0.000000, chrysochloris_stuhlmanni: 0.023437): 0.011243): 0.102602, ((((((limnogale_mergulus: 0.044874, microgale_brevicaudata: 0.059636): 0.027908, microgale_talazaci: 0.036024): 0.029480, geogale_aurita: 0.099078): 0.006590, oryzorictes: 0.076291): 0.030780, ((tenrec_ecaudatus: 0.095776, hemicentetes_semispinosus: 0.039648): 0.022188, (setifer_setosus: 0.008662, echinops_telfairi: 0.021727): 0.021547): 0.022030): 0.075078, (potamogale_velox: 0.062044, micropotamogale_lamottei: 0.079206): 0.086635): 0.066019): 0.009764, ((((elephantulus_rufescens: 0.042251, elephantulus_intufi: 0.024014): 0.006368, (elephantulus_myurus: 0.027234, elephantulus_edwardii: 0.023520): 0.019600): 0.001007, (((macroscelides_flavicaudatus: 0.007640, macroscelides_proboscideus: 0.004917): 0.019357, macroscelides_micus: 0.033625): 0.008992, (petrosaltator_rozeti: 0.044410, petrodromus_tetradactylus: 0.025334): 0.025346): 0.016109): 0.105468, ((rhynchocyon_petersi: 0.000767, rhynchocyon_cirnei_reichardi: 0.001532): 0.002318, rhynchocyon_udzungwensis: 0.003070): 0.122875): 0.057575): 0.003585, orycteropus_afer: 0.126386): 0.000000, ((((loxodonta_africana: 0.008529, loxodonta_cyclotis: 0.000000): 0.000000, elephas_maximus: 0.005265): 0.065240, (trichechus_manatus: 0.012261, dugong_dugon: 0.015803): 0.053744): 0.005962, ((heterohyrax_brucei: 0.008301, procavia_capensis: 0.012391): 0.002654, dendrohyrax_dorsalis: 0.008104): 0.129877): 0.031345, ((zaglossus_bruijni: 0.021767, tachyglossus_aculeatus: 0.019314): 0.027436, ornithorhynchus_anatinus: 0.073962): 0.837335);

  0.000000  0.003585  0.009764  0.102602  0.003376  0.003868  0.009945  0.004923  0.000000  0.000000  0.000000  0.000000  0.000000  0.004433  0.000000  0.000000  0.000000  0.008899  0.004386  0.004476  0.008887  0.000000  0.000000  0.000000  0.014059  0.004031  0.013292  0.013429  0.004766  0.000000  0.012864  0.011243  0.000000  0.000000  0.008844  0.023437  0.066019  0.075078  0.030780  0.006590  0.029480  0.027908  0.044874  0.059636  0.036024  0.099078  0.076291  0.022030  0.022188  0.095776  0.039648  0.021547  0.008662  0.021727  0.086635  0.062044  0.079206  0.057575  0.105468  0.001007  0.006368  0.042251  0.024014  0.019600  0.027234  0.023520  0.016109  0.008992  0.019357  0.007640  0.004917  0.033625  0.025346  0.044410  0.025334  0.122875  0.002318  0.000767  0.001532  0.003070  0.126386  0.031345  0.005962  0.065240  0.000000  0.008529  0.000000  0.005265  0.053744  0.012261  0.015803  0.129877  0.002654  0.008301  0.012391  0.008104  0.837335  0.027436  0.021767  0.019314  0.073962

 -392.394427  0.010005  0.031561  0.000000  0.005801  0.000000  0.000000  0.000000 -107.142840 -107.142840 -107.142840 -106.212536 -119.293544  0.000000 -119.293544 -119.293544 -116.365117  0.000000  0.000000  0.000000  0.000000 -148.062971 -53.768599 -148.494290  0.000000  0.000000  0.000000  0.000000  0.000000 -117.514427  0.000000 -0.015254 -116.961017 -138.401664  0.006924  0.000000  0.068390  0.020168  0.000000  0.005060  0.000000  0.000000  0.000000  0.000000  0.000000  0.000000  0.000000  0.006692  0.000000  0.000000  0.000000  0.000000  0.000000 -0.013673  0.000000  0.000000  0.000000 -0.005504 -0.005660  0.000000  0.000000 -0.005306  0.000000  0.000000  0.000000  0.000000  0.000000  0.000000 -0.006995  0.005055 -0.010426  0.000000  0.000000  0.000000  0.000000  0.000000  0.000000  0.000000  0.000000  0.000000  0.000000  0.012981  0.034718  0.000000 -294.010385 -0.016305 -138.168105  0.000000 -0.014224  0.000000 -0.007020 -0.021766 -0.019883  0.011401 -0.034785  0.000000  0.005306  0.014447  0.000000  0.006282  0.000000


Hessian

 -6.993e+04 -8.883e+04 -6.286e+04      -1469      816.1      779.3      775.8      741.1      342.5      342.5      342.5      337.6     -10.47      183.3     -10.47     -10.47     -9.169      74.76      105.3      97.83      56.94      11.48      82.22      11.59      187.6      181.8      82.83      123.9      133.9     -9.314      135.7     -118.1     -129.5     -10.81       -116         97 -5.878e+04 -5.665e+04     -271.7       -747     -651.6     -579.7      341.6      205.2      122.6     -157.6     -284.7 -5.666e+04        352      243.8        513 -5.581e+04      708.3 -5.575e+04     -119.9      46.47     -141.5      -3213      -1097      384.3      329.4      175.5      795.3      387.9        337     -733.2     -981.9      258.7     -120.1     -611.6     -374.6      93.51      381.8      663.9     -98.64      409.6       1256       1298      851.9      758.1      -2728 -1.004e+05 -3.527e+04 -1.506e+04      -5931 -1.133e+04      6.399      -1734      -1842       1533       1706       -397      56.14      348.2     -186.3      318.5      884.1      207.2      45.19      126.5       1071
 -8.883e+04 -3.158e+05 -1.628e+05 -1.025e+04      -1404      -1414      -1565      -1339     -868.2     -868.2     -868.2     -877.5     -19.95      356.4     -19.95     -19.95     -16.85      145.1      215.8      156.2      109.2        132        239      132.1      569.7      345.9      158.7      184.9      261.8      -17.9      245.7       1339      577.6     -20.84       1351      185.5 -1.154e+05 -1.094e+05      835.3     -641.9      -2526      -2442       1218     -43.75        179      54.31     -289.1 -1.106e+05       1654      556.9       1561 -1.075e+05       1331 -1.063e+05     -68.59      68.08     -65.44 -1.582e+04      -4980      302.9     -498.4      -2404      797.3     -189.3      766.6     -396.6      -1419      -2392      -1388      -1579      -2857      101.6      758.2       1241      519.8      -1247      521.1      252.5       1934       2017      -5943 -1.447e+05 -5.259e+04 -2.866e+04 -1.144e+04 -2.185e+04      12.19     -157.9      -1153      -4967       1096     -799.9      1.008      12.14      -3069      755.8       2212     -66.99      86.07     -220.8       1960
 -6.286e+04 -1.628e+05 -2.439e+05 -2.059e+04      -3305      -3337      -3421      -3420      -1904      -1904      -1904      -1904     -13.42      280.5     -13.42     -13.42     -10.69      155.6      227.5      192.6      121.2      33.65      155.8      33.88      383.2        353      172.3      244.9      269.3     -11.21      255.1      38.11     -101.1     -16.33     -88.31      205.1 -1.197e+05 -1.126e+05        562      237.9     -863.4     -704.8      271.9     -65.98      -1043      635.4      -1309 -1.109e+05       1759      107.3        377 -1.087e+05      -1898 -1.072e+05      -1622     -267.5      -1489     -610.1     -823.1      112.7     -710.1     -472.7     -681.6        672      411.3      803.4      149.6      982.4      955.2      712.6       1051      436.7      869.4      680.3      328.5      251.4       2019       2155       1764       1508      -2247 -1.113e+05 -3.711e+04 -2.543e+04      -9854 -1.882e+04      12.19       4499      -2687     -487.8       1685     -896.7      319.9       4044      -1275       1204       1946      648.7      56.99      683.2       2200
      -1469 -1.025e+04 -2.059e+04 -3.288e+04      -5275      -6391      -6335      -7257      -2940      -2940      -2940      -2942      14.26      -2075      14.26      14.26        2.9      194.5        257      240.4      164.7     -155.4     -47.86     -153.6      1.992      400.1        208     -408.7      284.1      14.25      160.2      -3929      -2035      20.64      -4695      260.9      587.3      674.4     -94.84      633.8      640.8      755.6      244.2      421.1       3.57      132.2      319.5      685.1      849.7      487.8      182.7      996.1     -114.9      390.1      55.42      97.72        248       -355      849.2       1295      550.9      434.3     -139.8      538.1      222.3      290.4      559.2      931.5      630.8      482.9      968.8      365.5      627.6      293.1     -125.7      358.1       1841       1873       1480       1395     -550.6      -2741      -1238      -1249       1667       3175  1.033e-08      136.7      -1409      648.2       2390       1129       1941       3081     -35.27       1061      258.7      13.62  1.879e-07      13.62      247.1
      816.1      -1404      -3305      -5275 -1.937e+05 -1.568e+05  -1.38e+05  -1.38e+05  -7.26e+04  -7.26e+04  -7.26e+04  -7.26e+04      209.8      703.4      209.8      209.8      213.1      579.3      655.1      627.9      543.3      130.5      -7772      132.8      618.6      787.5      594.9      -9453      710.5      201.4      189.5 -3.653e+04 -1.598e+04      146.9 -2.955e+04      299.5       1204      925.8      196.8       1580      967.2      763.5     -204.2      -1812      490.6      -1708      596.3       1913       1471       1560       1274       1746     -308.4      -3495      443.4      337.8      -1318       1521       2061       1749       1959       1197      -2126     -208.9     -45.26     -920.4     -211.9       -167        375      32.96      -5571      466.2      871.2      779.4      872.6      48.85     -235.5       1737       1997      -8865      441.9       1450       1240      -1036      85.97      163.7  5.098e-08       3046     -438.6      -2212       1112       1214       2117 -2.382e+04      -4520       1426      115.2      855.8  1.723e-07      855.8      765.9
      779.3      -1414      -3337      -6391 -1.568e+05 -1.967e+05 -1.382e+05 -1.382e+05 -7.272e+04 -7.272e+04 -7.272e+04 -7.272e+04      124.7      551.4      124.7      124.7      128.2      419.6      494.5        467      383.5      18.86      -7857      47.73      459.6      625.4        436      -9603      550.1      116.4      -3389  -3.42e+04 -1.592e+04      90.77 -2.978e+04        197       1147      853.5      112.4       1522      895.8      877.2     -155.1       1161      412.8      326.7      518.2       1825       1379       1485       1186       1656     -406.8      -3588      381.1      376.2      -1386       1658       2110       1815       2024       1262      -2126     -208.9     -45.26     -920.4     -270.6     -225.6      316.3      32.96      -5629      466.2      871.2      779.4      872.6       1331       1047       3019       1997      -8865      381.3       1383       1186      -1114      35.71      68.01  7.194e-08       2947     -516.6      -2307       1018       1458       2361      -6142      -1134       1426     -36.01      704.6  1.702e-07      704.6      765.9
      775.8      -1565      -3421      -6335  -1.38e+05 -1.382e+05 -1.676e+05 -1.473e+05 -7.746e+04 -7.746e+04 -7.746e+04 -7.746e+04      56.06      419.2      56.06      56.06      22.78      287.2      362.5      335.8      252.1     -239.9      -2146     -245.2     -59.58      445.9      259.5      -7037      421.8       32.6      299.5 -2.935e+04 -1.554e+04      34.45 -3.687e+04      357.5      104.9      921.5      381.3       1686       1043       1015      12.15       1279      -2314      419.4      810.2       2100       1454       1553       1238       1938     -325.5      -3303     -567.1        276      327.1      580.7       1508       -571     -361.4      -1124      -2126     -208.9     -45.26     -920.4       -583       -538      3.948      32.96      -5942      466.2      871.2      779.4      872.6       1201        917       2890       1997      -8865      -1081       1348       1017      -1039      198.6      378.3  8.241e-08       2946     -442.6      -2324       1112      841.6       1744      -5730     -870.3       1426     -60.34        684  1.485e-07        684      773.3
      741.1      -1339      -3420      -7257  -1.38e+05 -1.382e+05 -1.473e+05 -1.885e+05 -7.746e+04 -7.746e+04 -7.746e+04 -7.746e+04      60.35      429.1      60.35      60.35     -234.2        229      310.9      283.6        194     -206.2     -47.14     -205.9     -64.77      440.6        254 -1.464e+04      439.3      27.52      293.2 -2.936e+04 -1.554e+04      30.67 -3.688e+04      351.5      235.9       1093      417.2       1718       1106       1079      44.26       1312      606.9      451.2      841.4       2139       1484       1585       1269       1969     -295.1      -3274      405.7      362.4      393.5       1739       1749       1461       1670      908.1      -2126     -208.9     -45.26     -920.4     -252.2     -207.2      334.8      32.96      -5611      466.2      871.2      779.4      872.6       1444       1160       3133       1997      -8865     -227.8       1228       1065      -1136      216.6      412.5   5.46e-08       2974      -4001      -2422       1030     -168.1      734.7      -5703     -717.3       1426      154.3      898.7  1.472e-07      898.7      773.3
      342.5     -868.2      -1904      -2940  -7.26e+04 -7.272e+04 -7.746e+04 -7.746e+04 -4.076e+04 -4.076e+04 -4.076e+04 -4.076e+04     -65.67      41.29     -65.67     -65.67      -63.5     -27.34       11.3     -3.354      -46.4     -188.7     -103.4     -188.5     -184.5      78.65     -17.46      97.08      46.48      -64.2      3.127 -1.556e+04      -8240     -64.36 -1.951e+04       35.2     -32.44      403.3       39.1      718.7      400.8      386.4     -154.8        513      139.8      67.07      268.2      942.1        598      661.6        488      852.9     -338.5      -1901      44.23         16       34.5      747.2        752      590.3      700.3      300.2      -1116     -109.7     -23.76     -483.2     -309.1     -285.5    -0.9244       17.3      -3122      244.7      457.4      409.2      458.1      594.6      445.3       1481       1048      -4654     -280.2      589.4        509     -692.8      18.73      35.68  1.685e-08       1378       -376      -1386      419.2      667.6       1142      -3182     -565.7      748.7      15.18      405.9  1.003e-07      405.9        406
      342.5     -868.2      -1904      -2940  -7.26e+04 -7.272e+04 -7.746e+04 -7.746e+04 -4.076e+04 -4.076e+04 -4.076e+04 -4.076e+04     -65.67      41.29     -65.67     -65.67      -63.5     -27.34       11.3     -3.354      -46.4     -188.7     -103.4     -188.5     -184.5      78.65     -17.46      97.08      46.48      -64.2      3.127 -1.556e+04      -8240     -64.36 -1.951e+04       35.2     -32.44      403.3       39.1      718.7      400.8      386.4     -154.8        513      139.8      67.07      268.2      942.1        598      661.6        488      852.9     -338.5      -1901      44.23         16       34.5      747.2        752      590.3      700.3      300.2      -1116     -109.7     -23.76     -483.2     -309.1     -285.5    -0.9244       17.3      -3122      244.7      457.4      409.2      458.1      594.6      445.3       1481       1048      -4654     -280.2      589.4        509     -692.8      18.73      35.68  2.083e-08       1378       -376      -1386      419.2      667.6       1142      -3182     -565.7      748.7      15.18      405.9  1.033e-07      405.9        406
      342.5     -868.2      -1904      -2940  -7.26e+04 -7.272e+04 -7.746e+04 -7.746e+04 -4.076e+04 -4.076e+04 -4.076e+04 -4.076e+04     -65.67      41.29     -65.67     -65.67      -63.5     -27.34       11.3     -3.354      -46.4     -188.7     -103.4     -188.5     -184.5      78.65     -17.46      97.08      46.48      -64.2      3.127 -1.556e+04      -8240     -64.36 -1.951e+04       35.2     -32.44      403.3       39.1      718.7      400.8      386.4     -154.8        513      139.8      67.07      268.2      942.1        598      661.6        488      852.9     -338.5      -1901      44.23         16       34.5      747.2        752      590.3      700.3      300.2      -1116     -109.7     -23.76     -483.2     -309.1     -285.5    -0.9244       17.3      -3122      244.7      457.4      409.2      458.1      594.6      445.3       1481       1048      -4654     -280.2      589.4        509     -692.8      18.73      35.68  2.083e-08       1378       -376      -1386      419.2      667.6       1142      -3182     -565.7      748.7      15.18      405.9  1.033e-07      405.9        406
      337.6     -877.5      -1904      -2942  -7.26e+04 -7.272e+04 -7.746e+04 -7.746e+04 -4.076e+04 -4.076e+04 -4.076e+04 -4.076e+04      -64.8      42.93      -64.8      -64.8     -62.64     -25.71      12.94     -1.712     -44.77     -187.8     -102.6     -187.7     -182.9       80.3     -15.83      98.71      46.48     -63.35      4.755 -1.556e+04      -8239     -63.49 -1.951e+04      36.81      -34.2      400.1      39.95        720      402.1      387.7     -153.5      514.3      141.1      68.29      269.5      943.1      596.6      662.1      467.8      853.6     -337.2      -1899      44.46      8.983      30.74      743.5      752.7      591.8      701.9      301.7      -1116     -109.7     -23.76     -483.2     -307.6       -284     0.5863       17.3      -3121      244.7      457.4      409.2      458.1      595.4      446.1       1482       1048      -4654     -280.2      575.6      507.8     -691.8      19.45      37.04  2.922e-08       1379     -374.9      -1386      420.3      668.6       1143      -3181     -564.4      748.7      15.42      406.2  7.778e-08      406.2        406
     -10.47     -19.95     -13.42      14.26      209.8      124.7      56.06      60.35     -65.67     -65.67     -65.67      -64.8     -65.67      41.29     -65.67     -65.67      -63.5     -27.34       11.3     -3.354      -46.4     -64.51      20.73     -64.35     -1.561     -123.9     -17.46      97.08      46.48      -64.2      -22.6     -8.637     -61.36     -64.91     -70.01     -9.706     -24.47      3.691     -27.93     -84.99      18.02     -25.44     -17.49      25.13      76.61      1.658     -41.78      50.85     -76.04     -36.42      42.98      109.4     -12.94     -112.1     -28.85      3.215     -37.92      4.688      -7.58     -50.72     -50.72     -50.72 -1.358e-09 -2.194e-08 -1.764e-08 -1.774e-08     -38.84     -38.84     -38.84 -1.518e-08     -38.84 -9.015e-09 -2.929e-08 -1.017e-08 -1.343e-08     -35.75     -35.75     -35.75 -1.017e-08 -2.371e-08      29.25      10.37     -52.71     -46.57      316.6      603.1 -5.901e-09     -94.99     -30.02      79.92      169.3      11.57      11.57      5.552      62.38  -1.71e-08      11.09      11.09 -3.659e-09      11.09 -3.212e-08
      183.3      356.4      280.5      -2075      703.4      551.4      419.2      429.1      41.29      41.29      41.29      42.93      41.29 -5.093e+04      41.29      41.29      45.37      261.5      335.9      308.5      225.5      43.48      205.2      43.77      308.6      79.59      278.8        496      402.9      44.06      269.1      293.3      49.39      42.73      180.6      290.5      308.5      320.5      -7177      83.71      401.1      277.3      304.5      -3634      515.3      353.2      265.1        302      245.9      295.1      467.6      599.4      374.6      181.6      274.9      6.099      257.7      381.7      341.6      284.3      284.3      284.3 -7.262e-07  7.435e-08  2.188e-08 -9.658e-08      306.9      306.9      306.9  1.076e-07      306.9  1.085e-07 -2.568e-07  1.385e-07 -5.902e-07      281.5      281.5      281.5  2.117e-07  1.853e-07      407.6      408.4      296.4      288.4      810.7       1544  1.524e-08      220.3      324.2      549.4      717.8      368.4      368.4      356.8      118.5  1.314e-07     -3.371     -3.371  5.729e-08     -3.371 -8.413e-07
     -10.47     -19.95     -13.42      14.26      209.8      124.7      56.06      60.35     -65.67     -65.67     -65.67      -64.8     -65.67      41.29     -65.67     -65.67      -63.5     -27.34       11.3     -3.354      -46.4     -64.51      20.73     -64.35     -1.561     -123.9     -17.46      97.08      46.48      -64.2      -22.6     -8.637     -61.36     -64.91     -70.01     -9.706     -24.47      3.691     -27.93     -84.99      18.02     -25.44     -17.49      25.13      76.61      1.658     -41.78      50.85     -76.04     -36.42      42.98      109.4     -12.94     -112.1     -28.85      3.215     -37.92      4.688      -7.58     -50.72     -50.72     -50.72 -1.358e-09 -2.194e-08 -1.764e-08 -1.774e-08     -38.84     -38.84     -38.84 -1.518e-08     -38.84 -9.015e-09 -2.929e-08 -1.017e-08 -1.343e-08     -35.75     -35.75     -35.75 -1.017e-08 -2.371e-08      29.25      10.37     -52.71     -46.57      316.6      603.1 -5.901e-09     -94.99     -30.02      79.92      169.3      11.57      11.57      5.552      62.38  -1.71e-08      11.09      11.09 -3.659e-09      11.09 -3.212e-08
     -10.47     -19.95     -13.42      14.26      209.8      124.7      56.06      60.35     -65.67     -65.67     -65.67      -64.8     -65.67      41.29     -65.67     -65.67      -63.5     -27.34       11.3     -3.354      -46.4     -64.51      20.73     -64.35     -1.561     -123.9     -17.46      97.08      46.48      -64.2      -22.6     -8.637     -61.36     -64.91     -70.01     -9.706     -24.47      3.691     -27.93     -84.99      18.02     -25.44     -17.49      25.13      76.61      1.658     -41.78      50.85     -76.04     -36.42      42.98      109.4     -12.94     -112.1     -28.85      3.215     -37.92      4.688      -7.58     -50.72     -50.72     -50.72 -1.358e-09 -2.194e-08 -1.764e-08 -1.774e-08     -38.84     -38.84     -38.84 -1.457e-08     -38.84 -8.429e-09 -3.013e-08 -1.017e-08 -1.427e-08     -35.75     -35.75     -35.75 -1.017e-08 -2.371e-08      29.25      10.37     -52.71     -46.57      316.6      603.1 -5.901e-09     -94.99     -30.02      79.92      169.3      11.57      11.57      5.552      62.38  -1.71e-08      11.09      11.09 -3.788e-09      11.09  5.281e-07
     -9.169     -16.85     -10.69        2.9      213.1      128.2      22.78     -234.2      -63.5      -63.5      -63.5     -62.64      -63.5      45.37      -63.5      -63.5     -63.96     -108.3      13.46     0.1892     -79.23     -62.74      16.21     -62.62      1.929     -120.4     -13.96     -31.27      50.54     -62.36     -19.09     -5.193     -59.49     -63.04     -66.48     -6.235     -21.32      6.951     -24.05     -81.03      21.81     -21.64     -13.64      28.93      71.76      5.269     -38.03      54.74     -72.24     -36.92      46.77      113.4     -8.966     -108.1     -28.37      6.472     -34.64      4.934      -4.61     -52.93     -52.93     -52.93  2.136e-07 -1.365e-07   -1.1e-07  -1.32e-07     -35.93     -35.93     -35.93  -1.24e-07     -35.93  2.428e-08 -2.117e-08   2.88e-08  6.081e-07     -32.84     -32.84     -32.84 -2.232e-07  -2.36e-07      32.16      12.37     -51.39     -43.92      318.5      606.7 -3.193e-08     -91.02     -52.45       82.9      172.4     0.2763     0.2763      9.617       65.9 -1.351e-07      12.09      12.09 -4.399e-09      12.09 -3.484e-07
      74.76      145.1      155.6      194.5      579.3      419.6      287.2        229     -27.34     -27.34     -27.34     -25.71     -27.34      261.5     -27.34     -27.34     -108.3 -2.503e+04     -57.56      126.3      94.79     -25.21      135.6     -24.92      179.2     -50.53      149.5      340.7        272     -24.63      139.9      166.3     -19.27     -25.96       51.1      163.1      123.2      176.2      126.8      21.73      214.2      132.1      145.3      223.9        324      164.2      95.41      276.3      2.267      -1048      240.1      387.4      158.7     -30.37      23.07      85.46      6.741      182.2      154.8      81.06      81.06      81.06  6.469e-09 -3.223e-08   1.78e-07 -2.503e-08      103.7      103.7      103.7 -4.081e-08      103.7 -2.891e-08 -1.696e-07 -1.759e-07 -4.403e-07      99.34      99.34      99.34  -5.03e-08 -7.584e-08      223.1      198.8      81.96      87.15      652.5       1243  5.888e-09     0.3515      114.5      333.7      502.4      177.8      177.8        184        201 -2.891e-08      70.77      70.77  7.749e-09      70.77  2.721e-07
      105.3      215.8      227.5        257      655.1      494.5      362.5      310.9       11.3       11.3       11.3      12.94       11.3      335.9       11.3       11.3      13.46     -57.56  -5.07e+04     -269.4      168.7      13.44      175.1      13.73      252.1      22.59      222.3      417.1      346.1      14.02      212.6      239.4      19.38      12.69      123.9      234.6      192.9      244.5      190.5      23.21      262.6      201.2      213.7        291      393.8      -2001      157.4      347.9      107.5      164.3      329.7      460.8        232      40.66      178.8      246.7      164.8      245.3      214.6      148.2      148.2      148.2  1.038e-07 -1.187e-07  -4.25e-08  -1.11e-07      170.8      170.8      170.8 -1.111e-07      170.8 -9.759e-08  3.393e-08 -9.843e-08 -2.005e-08      157.2      157.2      157.2 -2.007e-07  -2.26e-07      282.6        252      99.94        150      735.7       1401 -1.892e-08      77.06      178.3      406.9      575.9      -1415      -1415      299.4      412.1  -6.82e-08      117.4      117.4 -4.898e-08      117.4  5.096e-07
      97.83      156.2      192.6      240.4      627.9        467      335.8      283.6     -3.354     -3.354     -3.354     -1.712     -3.354      308.5     -3.354     -3.354     0.1892      126.3     -269.4 -4.992e+04      141.9     -1.201      160.5    -0.9129      225.9     -4.808        196      390.8      318.7    -0.6238      186.3      212.9      4.763     -1.957      97.06      209.6      165.1      218.6      173.5      67.59      260.9      178.7      191.9      270.8      371.5      200.5      141.7        324      83.34      148.2      307.2      435.8      205.2       15.5      -52.1      8.887     -69.24      -3137     -119.5      75.72      75.72      75.72 -5.819e-08  1.179e-07 -9.211e-08  1.266e-07      98.24      98.24      98.24  7.636e-08      98.24  8.334e-08  2.171e-07  9.479e-08 -3.051e-07     -133.4     -133.4     -133.4  1.295e-07  1.032e-07      269.2      243.3        128      133.8      721.6       1375  7.528e-09      49.98      161.5      380.8      550.1      216.5      216.5      223.5      121.8   1.38e-07      143.4      143.4 -3.231e-09      143.4 -9.927e-07
      56.94      109.2      121.2      164.7      543.3      383.5      252.1        194      -46.4      -46.4      -46.4     -44.77      -46.4      225.5      -46.4      -46.4     -79.23      94.79      168.7      141.9 -2.537e+04     -44.27      116.6     -43.98      143.8     -86.59      114.1      305.3      158.5      -43.9      104.4      130.8     -38.32     -45.02      15.35      128.3      96.71      149.6      92.98     -13.31        180      97.89        112      191.4      290.1      144.4      63.92      242.6      2.633       72.5      226.5      353.5        123     -65.28      87.06      149.7      70.78      152.3      126.1      48.39      48.39      48.39  4.587e-07 -1.388e-07 -9.248e-08 -1.307e-07         71         71         71 -9.158e-08         71   5.51e-08 -1.083e-07 -8.025e-08  2.343e-07      71.48      71.48      71.48 -1.038e-07 -1.289e-07        121      164.7      46.98       55.3      676.4       1288 -3.682e-09     -31.88      81.14        221      465.5      157.7      157.7      152.8        196 -9.918e-08      113.5      113.5  4.566e-09      113.5   1.47e-06
      11.48        132      33.65     -155.4      130.5      18.86     -239.9     -206.2     -188.7     -188.7     -188.7     -187.8     -64.51      43.48     -64.51     -64.51     -62.74     -25.21      13.44     -1.201     -44.27      -2388      -2326      -2388      -4401     -11.88     -29.92      36.63      48.45      -63.2     -1.437     -126.1     -138.2        -75       -156     -13.82      69.69      100.2      121.7     -15.17      87.52      94.12      102.3      22.41      182.3       19.7     -425.8      247.7     -87.72     -45.77       54.8      275.8     -28.55      65.43      68.66      17.41      61.65     -123.3      21.06     -464.5     -464.5     -464.5  2.234e-07 -1.341e-07  4.221e-08   -1.3e-07     -214.1     -214.1     -214.1 -1.289e-07     -214.1  1.965e-08 -3.741e-08  1.956e-08   5.82e-07     -168.6     -168.6     -168.6 -2.504e-07 -2.703e-07      122.2      67.11     -59.98     0.8901      319.3      608.2  -3.33e-08     -82.26     -637.9      85.46      282.3      93.89      93.89      144.3      212.6 -2.385e-07      34.57      100.4  2.789e-08      100.4      87.15
      82.22        239      155.8     -47.86      -7772      -7857      -2146     -47.14     -103.4     -103.4     -103.4     -102.6      20.73      205.2      20.73      20.73      16.21      135.6      175.1      160.5      116.6      -2326      -6462      -2328      -5253      141.6     -939.8      -5868      189.6      12.58      52.72     -159.9     -157.5      3.252     -7.684      36.74      163.9      118.5      170.6      35.34      130.7      137.3      151.3      70.89     -357.4       66.2     -378.3      296.6     -37.49     0.6994      104.3      326.4      22.77        116     -8.295      106.8     -606.6     -213.2      112.3     -730.7     -730.7     -730.7  2.465e-07   -1.1e-07  6.349e-08  -1.06e-07     -133.2     -133.2     -133.2  -1.12e-07     -133.2  3.621e-08 -1.535e-08 -7.108e-09  6.042e-07     -80.04     -80.04     -80.04 -2.261e-07 -2.461e-07      235.5      202.2       33.3      136.8      346.3      659.5 -3.045e-08      61.31     -501.4      217.8      428.7      80.51      80.51      289.4      270.4 -2.191e-07      16.97      82.78  2.554e-08      82.78      87.15
      11.59      132.1      33.88     -153.6      132.8      47.73     -245.2     -205.9     -188.5     -188.5     -188.5     -187.7     -64.35      43.77     -64.35     -64.35     -62.62     -24.92      13.73    -0.9129     -43.98      -2388      -2328      -2389      -4419     -11.62     -27.16      28.52      48.79     -63.07      1.836     -122.2     -138.1     -74.86     -155.7     -13.58      69.81      100.2      121.8     -15.77      81.53      94.05      102.2      19.23      179.2      20.02     -425.7      247.9      -87.5     -45.57      55.01      276.1     -28.32      65.65      67.95      17.58      61.67     -124.3      20.96     -466.2     -466.2     -466.2  2.412e-07 -1.153e-07  5.823e-08 -1.113e-07     -214.2     -214.2     -214.2 -1.174e-07     -214.2  3.129e-08 -2.106e-08 -1.301e-08  5.982e-07       -170       -170       -170 -2.299e-07 -2.499e-07      122.7      67.31     -59.99      1.095      319.4      608.4 -3.072e-08     -82.01     -637.7      85.74      282.5      93.45      93.45      146.3      213.3 -2.191e-07      34.59      100.4 -2.973e-09      100.4      87.15
      187.6      569.7      383.2      1.992      618.6      459.6     -59.58     -64.77     -184.5     -184.5     -184.5     -182.9     -1.561      308.6     -1.561     -1.561      1.929      179.2      252.1      225.9      143.8      -4401      -5253      -4419 -2.819e+04      485.5      -5144      360.7      242.1     0.4955      377.8      94.58      -87.5      32.61      33.36      297.8      401.8     -486.5      529.3      25.79      -1585      419.6      440.9     -989.2      547.5     -390.6     -503.1      794.2      173.4      229.2      449.5      861.8      288.8      465.5      406.7      338.8      422.7     -24.43      285.4       -563       -563       -563 -1.487e-07  5.379e-08 -1.341e-07  6.286e-08     -96.77     -96.77     -96.77 -4.495e-07     -96.77  1.206e-07 -1.447e-08 -5.731e-08 -3.096e-07      -1148      -1148      -1148  1.758e-07  1.358e-07      364.9      443.8      212.7      310.9      774.3       1475  5.167e-09      174.8     -904.9      310.4      849.4      474.3      474.3      604.2      730.8  1.152e-07      95.74      221.1  3.673e-08      221.1        166
      181.8      345.9        353      400.1      787.5      625.4      445.9      440.6      78.65      78.65      78.65       80.3     -123.9      79.59     -123.9     -123.9     -120.4     -50.53      22.59     -4.808     -86.59     -11.88      141.6     -11.62      485.5 -6.158e+04     -32.34      133.6      89.77     -121.3      470.3      430.8      88.31      81.46      253.9      392.2      362.2      407.6      329.4        256      418.3      360.5      370.2      432.6      566.3      401.6      284.9      479.2      241.9      288.4      494.4      592.3      364.6      230.3      322.1        374        290      253.8      -2227      214.6      214.6      214.6 -1.582e-08 -3.568e-08 -5.106e-08 -2.745e-08        245        245        245 -4.826e-08        245 -3.231e-08  1.011e-07 -3.215e-08  4.204e-08      249.5      249.5      249.5 -6.437e-08 -8.911e-08      54.25      404.7      261.7      316.8      805.1       1534  7.376e-09      210.7      302.8      151.1      686.5      -1496      -1496      424.5      559.9 -4.493e-08     -163.8     -163.8  1.005e-08     -163.8  6.972e-07
      82.83      158.7      172.3        208      594.9        436      259.5        254     -17.46     -17.46     -17.46     -15.83     -17.46      278.8     -17.46     -17.46     -13.96      149.5      222.3        196      114.1     -29.92     -939.8     -27.16      -5144     -32.34 -1.678e+04      331.5      207.8     -15.43      157.3      183.7     -9.505     -16.16      69.24      180.3      140.4      192.3        129     -150.3      -2197      105.6      171.8      250.2      295.1      171.5      104.5        292      54.41      117.4      276.1      404.5      176.2     -12.56      79.52      147.2      67.67      194.5      167.8      89.68      89.68      89.68  3.221e-07 -1.641e-07 -5.443e-08 -1.562e-07      118.6      118.6      118.6 -4.914e-08      118.6 -3.628e-08  -8.84e-08 -5.065e-08 -5.918e-08      111.9      111.9      111.9  -1.54e-08 -4.091e-08        163      214.5      98.51      103.1      702.3       1338 -1.669e-08      22.31      129.7      269.4      514.4      196.5      196.5      206.2      266.8 -6.879e-08      55.37      55.37 -2.462e-08      55.37  5.859e-07
      123.9      184.9      244.9     -408.7      -9453      -9603      -7037 -1.464e+04      97.08      97.08      97.08      98.71      97.08        496      97.08      97.08     -31.27      340.7      417.1      390.8      305.3      36.63      -5868      28.52      360.7      133.6      331.5 -1.629e+04      500.3      64.31      193.8      105.1     -48.67      68.26      228.9      215.9      190.6      141.9      197.1      96.96      263.7      181.3      216.7      293.3      -1745      239.9        164      346.1      111.9      168.8      332.4      462.5      235.5      45.66     -429.4      276.4     -753.6       -471      174.3      -1213      -1213      -1213 -2.305e-07  -9.26e-08  8.528e-08  -8.52e-08      70.78      70.78      70.78 -7.174e-08      70.78 -5.681e-08  6.427e-08 -6.502e-08 -6.964e-08      113.5      113.5      113.5 -1.033e-07 -1.287e-07      370.5      270.5     -8.633      203.5      733.2       1397 -1.213e-08      197.9      -1040      483.8      656.9     -808.7     -808.7      403.1      404.1 -1.205e-07      18.27      18.27 -2.407e-08      18.27   6.69e-07
      133.9      261.8      269.3      284.1      710.5      550.1      421.8      439.3      46.48      46.48      46.48      46.48      46.48      402.9      46.48      46.48      50.54        272      346.1      318.7      158.5      48.45      189.6      48.79      242.1      89.77      207.8      500.3  -4.37e+04     -198.3      279.8      306.3      54.33      47.92      191.1      260.4      211.2        269      260.5      145.2      188.6      128.2      272.1      351.4      -5282      292.3      226.1      411.8      94.09      -1969      273.3      523.3      297.3      106.3     -54.28      -9.93     -67.62      304.5      268.8      214.1      214.1      214.1  3.124e-07 -3.998e-08  9.663e-08 -3.254e-08        223        223        223 -5.467e-08        223  -4.97e-08 -2.562e-07 -4.976e-08  1.811e-07      223.1      223.1      223.1  -3.92e-08 -6.463e-08      334.6      305.5      215.9      220.1      770.1       1467 -5.241e-09        143      244.4      457.2      631.4      298.4      298.4      302.9      134.7 -9.212e-08     -24.26     -24.26  2.201e-10     -24.26   6.64e-07
     -9.314      -17.9     -11.21      14.25      201.4      116.4       32.6      27.52      -64.2      -64.2      -64.2     -63.35      -64.2      44.06      -64.2      -64.2     -62.36     -24.63      14.02    -0.6238      -43.9      -63.2      12.58     -63.07     0.4955     -121.3     -15.43      64.31     -198.3     -64.21     -20.11      -6.28      -60.1     -63.51     -67.38     -7.421     -22.56      5.539     -25.46     -82.54      19.56      -23.8     -15.07      27.54       40.6      3.964     -39.38      53.33     -73.99     -46.41      44.67      111.9     -10.39     -109.5     -30.13      3.773     -38.25      4.696     -5.657     -52.47     -52.47     -52.47  4.305e-09 -1.636e-08 -1.209e-08 -1.217e-08     -36.98     -36.98     -36.98 -8.911e-09     -36.98 -2.907e-09 -2.384e-08 -3.983e-09 -7.979e-09     -33.81     -33.81     -33.81 -1.017e-08 -2.371e-08      31.19      12.46     -50.88     -44.19      317.9      605.6 -3.589e-09     -92.31     -30.66      82.39      171.9      10.86      10.86      8.108      63.23 -1.633e-08      10.79      10.79  -2.07e-09      10.79  5.647e-07
      135.7      245.7      255.1      160.2      189.5      -3389      299.5      293.2      3.127      3.127      3.127      4.755      -22.6      269.1      -22.6      -22.6     -19.09      139.9      212.6      186.3      104.4     -1.437      52.72      1.836      377.8      470.3      157.3      193.8      279.8     -20.11 -1.799e+04     -84.05      27.18      25.07      295.5      279.7      252.8      263.1      103.8      -1264        154     -30.81     -17.26      169.9      -1093     -291.4      99.27      403.2     -109.5      127.2      -1342      456.3      61.52      125.7      175.5      259.9     -740.8     -927.9      123.4        186        186        186  -1.37e-07  5.604e-08 -7.514e-08  7.071e-08      235.7      235.7      235.7  1.246e-08      235.7 -1.029e-07 -9.869e-09   1.99e-08 -7.296e-08     -439.4     -439.4     -439.4  8.124e-08  5.514e-08      195.2      314.3        192      216.2      742.4       1414  8.767e-09      109.4      203.9      338.9      594.6     -299.7     -299.7      462.7      489.6  9.667e-08        119        119  4.708e-08        119  -7.26e-07
     -118.1       1339      38.11      -3929 -3.653e+04  -3.42e+04 -2.935e+04 -2.936e+04 -1.556e+04 -1.556e+04 -1.556e+04 -1.556e+04     -8.637      293.3     -8.637     -8.637     -5.193      166.3      239.4      212.9      130.8     -126.1     -159.9     -122.2      94.58      430.8      183.7      105.1      306.3      -6.28     -84.05 -1.638e+05 -7.751e+04     -11.44 -1.471e+05      214.9       1516       1235      935.6       1111      914.6       1007      90.54     -313.1      558.4     -132.2     -195.3       2635       1767       1352       1088       1665      684.3      870.8        117     -992.4      49.01      449.8       1189       1877       1153      921.5     -979.4      541.4      -2007      401.5       1058     -316.5       1213      -1399      -7455     -112.9      737.8      660.5      751.2      492.3       1819       2076       1342     -100.4       1331      372.5       2549     -619.4       1606       3060  -5.49e-08       3800      -1573       1211      170.1      974.8      -1571 -1.043e+04       1625      799.1      295.3        659  1.719e-07        659      622.9
