
 32

(((((((((cabassous_centralis: 0.033043, cabassous_unicinctus: 0.025420): 0.178956, cabassous_chacoensis: 0.164090): 0.077982, cabassous_tatouay: 0.178528): 0.352977, (tolypeutes_tricinctus: 0.660689, tolypeutes_matacus: 0.639693): 0.442011): 0.131116, priodontes_maximus: 0.750048): 0.241192, (calyptophractus_retusus: 0.497289, chlamyphorus_truncatus: 0.645519): 0.434261): 0.181999, (((chaetophractus_vellerosus: 0.119148, zaedyus_pichiy: 0.134582): 0.002674, chaetophractus_villosus: 0.132356): 0.023618, euphractus_sexcinctus: 0.157539): 0.810582): 0.650633, (((((dasypus_sabanicola: 0.018092, dasypus_yepesi: 0.011854): 0.062068, dasypus_pilosus: 0.077662): 0.002155, (dasypus_hybridus: 0.000302, dasypus_septemcinctus: 0.001191): 0.198264): 0.000000, dasypus_novemcinctus: 0.100106): 0.377160, dasypus_kappleri: 0.300848): 1.341872): 0.508490, ((((bradypus_variegatus: 0.202980, bradypus_pygmaeus: 0.183529): 0.311297, bradypus_torquatus: 0.449547): 0.225271, (choloepus_hoffmanni: 0.142315, choloepus_didactylus: 0.120181): 0.550968): 1.333158, (((tamandua_tetradactyla: 0.049046, tamandua_mexicana: 0.057675): 0.651653, myrmecophaga_tridactyla: 0.685441): 1.094081, cyclopes_didactylus: 1.922176): 0.905840): 0.408424, ((zaglossus_bruijni: 0.143207, tachyglossus_aculeatus: 0.081554): 0.737793, ornithorhynchus_anatinus: 1.102035): 3.667636);

  0.508490  0.650633  0.181999  0.241192  0.131116  0.352977  0.077982  0.178956  0.033043  0.025420  0.164090  0.178528  0.442011  0.660689  0.639693  0.750048  0.434261  0.497289  0.645519  0.810582  0.023618  0.002674  0.119148  0.134582  0.132356  0.157539  1.341872  0.377160  0.000000  0.002155  0.062068  0.018092  0.011854  0.077662  0.198264  0.000302  0.001191  0.100106  0.300848  0.408424  1.333158  0.225271  0.311297  0.202980  0.183529  0.449547  0.550968  0.142315  0.120181  0.905840  1.094081  0.651653  0.049046  0.057675  0.685441  1.922176  3.667636  0.737793  0.143207  0.081554  1.102035

  0.000000  0.000000  0.000000  0.000000  0.000000  0.000000  0.000000  0.000000  0.000000 -0.008302  0.000000  0.000000  0.000000  0.000000  0.000000  0.000000  0.000000  0.000000  0.000000  0.000000  0.000000  0.000000  0.000000  0.000000  0.000000  0.000000  0.000000  0.000000 -105.802027  0.000000  0.000000  0.000000  0.000000  0.000000  0.000000 -0.004655 -0.006977  0.000000  0.000000  0.000000  0.000000  0.000000  0.000000  0.000000  0.000000  0.000000  0.000000  0.000000  0.000000  0.000000  0.000000  0.000000  0.000000  0.000000  0.000000  0.000000  0.000000  0.000000  0.000000  0.000000  0.000000


Hessian

     -119.8      -28.3     -21.16     -15.17     -5.342     -9.775     -9.673      10.28      106.7      127.4      19.57      1.256     -15.93     -8.315     -10.61     -6.955      -16.7      -5.95     -6.038     -12.43      58.01      122.4      53.61      71.86      64.99      46.35     -9.287     -5.777      32.12        106      36.72      60.86      123.7      17.82       46.5      368.3      340.9      42.68     -5.404     -69.22     -22.51     -4.624      8.965      32.04      28.91      1.424    -0.7192      22.23      25.04        -15     -10.36     -10.51      35.49      32.06     -7.332     -6.836     -5.448     -2.137      74.44      67.34    -0.7223
      -28.3     -164.8     -37.78     -20.22     -26.53     -3.703      18.84      54.38      119.1      145.4      48.75      16.46      -32.4     -6.703     -19.85     -11.12     -14.66     -15.14     -15.61     -8.368      19.96      83.78      39.97      41.71      23.77      25.01     -41.92      -8.53      44.49      103.7      11.04     -98.76     -48.76      45.65       46.6      501.3      265.7      69.37     -11.77     -22.83     -10.85     -11.39      6.778      5.642      22.58      3.756     -8.425       52.9      40.99     -10.48     -10.39     0.7324      61.29      45.27     -11.19     -9.865     -3.387     -2.933      94.73      87.05     -2.628
     -21.16     -37.78     -503.1     -80.71     -27.06     -17.18      31.55      68.11      214.8      170.6      17.38       9.31     -49.07     -32.51     -25.98     -12.44     -38.45     -6.559     -8.435     -162.7     -54.31      123.6      118.8      66.85      35.06      66.22     -21.56     -17.31      49.07      197.7      109.9     -33.01      127.3       47.3      15.53      625.2      406.2      98.97     -11.77     -15.09     -5.265     -1.571      7.262      12.64      22.88       5.46      3.113      49.78      52.28     -4.687     -16.73     -3.363      13.53     -12.06     -3.251     -8.249     -3.183     -5.317      137.4      154.2     -5.429
     -15.17     -20.22     -80.71     -728.5     -151.6     -59.83    -0.3912      68.33      102.4      58.43      13.77      25.64     -22.34     -27.15     -21.14     -32.43     -135.6     -18.43     -5.867     -47.18      76.08      15.78      -50.8      41.17      36.92      83.83     -21.68      12.33      52.94      222.7      151.9     -64.36      382.6     -69.63         74      644.7        216      47.33      6.396     -16.96      -11.6    -0.7681     -4.335       24.3      13.22      1.925      1.845      49.83      37.57     -12.71      -12.1      -15.2        217      198.4     -10.84      -11.1     -2.283      2.011      110.6      105.5    -0.5551
     -5.342     -26.53     -27.06     -151.6      -1092     -217.1     -8.816       7.44      156.7      288.4      43.73     -12.55     -51.43     -17.88     -11.39     -109.6     -48.56     -20.93     -6.408      -23.4      114.6      142.5      3.361      15.86     -26.55      86.04     -18.94      5.135      39.83      195.2     -238.4      228.6      186.4     -5.954      51.03      578.7        178      29.01      4.986     -3.756     -15.94      30.68      17.22       46.1      45.85     -7.276      17.61      73.99     -55.37     -2.989     -4.649      14.21      85.03       57.3     -5.037      -2.21     0.3904     -4.023      142.7      171.1     -5.707
     -9.775     -3.703     -17.18     -59.83     -217.1     -758.1     -5.424      94.97      231.8      198.4      90.38      29.08     -78.17     -32.62     -24.51     -50.39     -48.82     -19.41     -11.91     -19.07      87.16      208.2      50.01      109.1      50.69      89.02      -12.2      17.63      9.936      278.2     -30.35     -88.11      69.87      6.264      49.68      558.5     -328.1      24.89      7.195     -9.736     -15.99      5.414       3.94      3.509      31.36      16.18     -9.243      115.7      34.02     -7.218     -6.392      14.09      141.8      21.62      10.18      -9.43     -2.138     -6.934      112.6      102.3     0.8679
     -9.673      18.84      31.55    -0.3912     -8.816     -5.424      -4957     -330.3     -133.6     -180.5     -523.6      -2497      39.32      61.06      48.31      6.553      14.33      23.61      57.55      26.71      210.4      473.8      317.5      113.8      283.9        369      10.91      69.84      40.67      367.2      -23.9      404.5      769.5      118.1      153.6      917.9       1469      226.9       65.1      13.67      5.942      25.43      33.54      43.39      92.14      54.84     -15.26      10.45     -37.86     -5.709      26.09      27.62        148     -238.9      32.97       18.4      1.072      9.762      233.8        252      8.636
      10.28      54.38      68.11      68.33       7.44      94.97     -330.3      -4533      282.4     -68.47      -1104       -334      37.89      57.81      29.04      27.59      54.14      10.59      37.84      31.67      188.2      279.7     -141.5      149.1      212.2      142.2      38.48      72.25      54.93      260.7      132.1      366.3      5.412      320.1      307.8     -27.29      -3058      208.9      80.41      21.16      20.69      33.42      77.28      162.2      101.5      37.93      49.53      82.84      178.8      10.78      14.38      24.05     -156.1     -127.8      57.68      4.129      3.039      15.71      335.8      248.9      25.91
      106.7      119.1      214.8      102.4      156.7      231.8     -133.6      282.4 -5.585e+04 -3.863e+04      94.88       -233      222.2      93.43      257.6      157.3      44.46      142.7      110.3        155     -571.8     -313.2      472.4     -319.7     -185.4     -464.6      41.88      131.6      616.7       1833      199.6       1622     -72.67      584.3     -319.1       2586       3943      914.7      209.2      81.89      26.64      -37.6       87.6      256.4        242      63.99      22.12      370.4      175.1      47.67      20.44      175.4     -126.3     -521.2      208.2      34.51      17.75      41.54        251      301.5      63.36
      127.4      145.4      170.6      58.43      288.4      198.4     -180.5     -68.47 -3.863e+04 -6.172e+04     -593.7     -233.1        208      77.34      250.1      207.4      147.1      122.1      98.28         88     -633.8      438.8     -232.9     -236.3        223     -93.85      30.31      230.4      683.8       1879       1077       1028      -1906      821.7     -99.95       2401       3712      899.1      291.3      127.7      41.25     -195.4      50.67      452.1      218.1      60.02      18.25      180.1      350.7       60.3      30.86      147.2      450.8        209      145.9      19.73     -5.896      47.63      294.3      312.8      72.87
      19.57      48.75      17.38      13.77      43.73      90.38     -523.6      -1104      94.88     -593.7      -4851     -501.1       61.2      41.76      77.42      41.25      46.49      15.54      18.59      34.26      366.9      356.6      99.51        184      227.1      306.4      16.32      56.81       -141       94.4     -89.74      594.5      32.57      181.6      58.79      882.4       1086     0.7105      39.11      25.05      38.12      88.97      35.67      91.51      74.55      37.16      66.83      77.03      86.37      20.79      29.51      2.951      158.6      170.5      3.887    0.03603      5.682       27.9      210.6      209.7      32.81
      1.256      16.46       9.31      25.64     -12.55      29.08      -2497       -334       -233     -233.1     -501.1      -3619      25.67      12.59      26.22      14.85     0.2732      26.11      26.98     0.7575      227.5      526.8      297.3      134.6      402.8      338.1      28.54      88.84      79.84      107.7       -105      468.1      932.3      208.3      252.3       1036       1664      134.3       81.6      13.51      15.27      27.98      32.13      46.67      86.53      79.42     -5.361      42.64      27.91      5.762      3.851      10.01      52.74     -27.63      22.09      15.92      13.21      14.44       96.2      72.54      4.667
     -15.93      -32.4     -49.07     -22.34     -51.43     -78.17      39.32      37.89      222.2        208       61.2      25.67     -523.8     -49.73     -53.82     -12.44      -18.7     -18.81     -18.17     -29.92      70.68      193.1      78.84      104.7      71.42      97.75      -13.4     -23.78      53.75      175.4      206.2      177.8      27.12      119.3      128.4        184      174.8      126.9     -27.37     -9.275     -5.906     -3.329      13.79      14.37      29.18      8.007     -9.495      77.36       64.4     -8.038      -5.32      4.746      168.8      123.7      6.484     -7.539     -6.434      6.209      107.3      90.73      6.351
     -8.315     -6.703     -32.51     -27.15     -17.88     -32.62      61.06      57.81      93.43      77.34      41.76      12.59     -49.73     -409.7      -60.1     -19.18     -5.961     -24.08     -10.09     -24.34      77.47      141.2      51.59      82.55      74.66      57.02      -5.27      19.81      29.25      177.1      205.4     -89.95      206.1      165.1      41.24      -3208      97.67      29.84      20.58     -7.453     -3.001     -21.89     -4.226     -4.754     -1.882      1.888      -16.3      61.33      45.71     -1.588     -6.319     -5.583      20.29      47.41     -1.842     -4.864    -0.3018      3.249      125.5      83.86     0.8508
     -10.61     -19.85     -25.98     -21.14     -11.39     -24.51      48.31      29.04      257.6      250.1      77.42      26.22     -53.82      -60.1     -422.8     -6.243     -12.88      7.824     -9.924     -11.82        114      145.3      91.77      47.56      49.74        109     -12.25    -0.8323      47.46      107.2      69.14     -70.76     -25.32       80.6      91.57      269.6      235.8      92.02      6.719     -12.21     -7.318     -14.68      8.494      14.02      23.91      21.58      2.369       52.4      49.13     -3.495     -9.252     -6.396      -18.2      47.69     -8.625     -4.532     -1.277     -8.964      103.3      107.9     -7.722
     -6.955     -11.12     -12.44     -32.43     -109.6     -50.39      6.553      27.59      157.3      207.4      41.25      14.85     -12.44     -19.18     -6.243     -370.6     -10.13     -3.947     -4.047      -13.9       41.6     -112.2      70.43      81.61      51.65      66.53     -10.28       7.29      50.33      187.3       67.9      293.7      383.5     -28.09      36.27        555      153.9      90.67      13.63     -9.888      -6.94      23.52      3.208      38.16       27.7      2.484      8.048      11.55      42.19     -6.902     -2.721     -4.215       28.9     -14.63     -4.526     -1.927    -0.6161     -1.388      83.63      73.69     -1.372
      -16.7     -14.66     -38.45     -135.6     -48.56     -48.82      14.33      54.14      44.46      147.1      46.49     0.2732      -18.7     -5.961     -12.88     -10.13     -490.1     -54.58     -24.52     -23.46      80.75      95.04      65.24      102.4      71.63      70.56     -12.32       4.77      45.09      144.2      92.13     -67.26     -33.89      87.86     -14.33        601      297.7      72.26     -7.334     -8.559     -12.97     -27.89      10.18      25.52     -2.394      8.112     -12.92      38.49      62.66     -10.36     -9.139     -8.551      74.13      131.1     -18.87     -9.126     -3.589     -2.607      116.1      103.1      3.122
      -5.95     -15.14     -6.559     -18.43     -20.93     -19.41      23.61      10.59      142.7      122.1      15.54      26.11     -18.81     -24.08      7.824     -3.947     -54.58     -529.6     -117.6     -6.547      85.09        154      104.9      58.06      13.92      97.51     -3.049     -11.23      45.95      169.6      85.57      32.26     -155.9      26.43      15.02      557.4      84.07      122.9     -13.48     0.8248     -7.797      3.371     0.8293      71.85      61.33     -4.551     -2.778       87.4      78.18    -0.2419    -0.8205      5.224      77.18      61.36       7.96     -4.949    -0.1286     -1.196      72.34      73.51   -0.04812
     -6.038     -15.61     -8.435     -5.867     -6.408     -11.91      57.55      37.84      110.3      98.28      18.59      26.98     -18.17     -10.09     -9.924     -4.047     -24.52     -117.6     -416.6     -9.643      92.91      200.4      188.4      100.9      44.12      115.8     -11.76      9.004      42.92      157.6      97.81        122      118.8      115.8      54.53      555.6      191.7      10.75      8.606    -0.3194     -3.347       4.86      9.349      14.36      22.96      12.19      1.477      42.33      68.43       1.52     -6.693      1.767      70.45      46.49     -2.195     -5.698     -4.728     -6.361      114.9      103.9     -3.221
     -12.43     -8.368     -162.7     -47.18      -23.4     -19.07      26.71      31.67        155         88      34.26     0.7575     -29.92     -24.34     -11.82      -13.9     -23.46     -6.547     -9.643     -261.6     -18.39      111.8      105.9      44.89      49.99      91.46     -10.01      6.642      73.32      215.2      131.8     -114.1      111.2      27.54      32.77      572.3      288.4      111.8      -1.24     -11.16     -5.729     -3.917      2.567      15.92      13.93      4.265       7.57      40.39      52.92     -4.759     -11.43     -12.32      54.24      35.27     -3.359     -10.27     -4.173     -1.029      120.4      122.9     -3.712
      58.01      19.96     -54.31      76.08      114.6      87.16      210.4      188.2     -571.8     -633.8      366.9      227.5      70.68      77.47        114       41.6      80.75      85.09      92.91     -18.39 -1.127e+04      -3306     -636.2     -377.4     -350.1      -7155      40.54      125.4      135.1      782.9       50.8        126      -1462      55.67     -106.5     -287.7      -3950        251      152.3      54.86       30.1      15.03      93.66       36.9      65.84      63.16      41.97      218.6      224.5      28.66      50.48      50.59      300.6     -3.888      41.08      38.98      16.51      51.46     -184.7      24.06      31.06
      122.4      83.78      123.6      15.78      142.5      208.2      473.8      279.7     -313.2      438.8      356.6      526.8      193.1      141.2      145.3     -112.2      95.04        154      200.4      111.8      -3306 -6.454e+04      -4685      -3779      -6234      -3368      67.87         68      476.9      597.6      -2330       1736      864.2      229.5      466.5       1845       3357      912.4     -168.7      121.9      94.02      90.58       35.4     -74.99      65.53      46.15      101.1        480      428.2      88.56      32.45      151.1       1005       1144      123.5      60.05      22.38      86.16     -437.3      95.82      29.09
      53.61      39.97      118.8      -50.8      3.361      50.01      317.5     -141.5      472.4     -232.9      99.51      297.3      78.84      51.59      91.77      70.43      65.24      104.9      188.4      105.9     -636.2      -4685 -1.257e+04      -1133      -1120     -583.7       44.3      153.8      323.1      954.9      157.1       1929      914.9      75.21      141.5       1840       3862      377.1      154.5      65.88      27.41     -11.08     -17.36        358      310.6     -10.03      45.88      13.27      108.7       35.1      56.76      47.31      81.32      276.9       46.1      22.08      12.98       63.4      209.8     -16.84      69.35
      71.86      41.71      66.85      41.17      15.86      109.1      113.8      149.1     -319.7     -236.3        184      134.6      104.7      82.55      47.56      81.61      102.4      58.06      100.9      44.89     -377.4      -3779      -1133 -1.117e+04     -937.1       -489      22.54      61.73      178.9      730.7      542.1        747       1179      209.6      221.7       1819       3827      315.7      58.66      54.55       56.8      58.82      27.39      177.9      249.2     -2.261      89.25      353.2      231.5      42.02      66.78      96.69      517.8      770.5         53       35.2      25.62       63.9      102.8      113.1      53.43
      64.99      23.77      35.06      36.92     -26.55      50.69      283.9      212.2     -185.4        223      227.1      402.8      71.42      74.66      49.74      51.65      71.63      13.92      44.12      49.99     -350.1      -6234      -1120     -937.1  -1.13e+04     -614.1      33.43      -3.26      297.7      410.8      517.2     -29.51      351.9      579.9      350.8       1908       3899      363.3      66.66      38.65      33.52      72.16     -34.91      75.93      162.4     0.3611      48.08      389.5      237.6      28.92      57.07      59.72      486.2        564       29.4      45.25      32.11      37.31        233      244.3      47.56
      46.35      25.01      66.22      83.83      86.04      89.02        369      142.2     -464.6     -93.85      306.4      338.1      97.75      57.02        109      66.53      70.56      97.51      115.8      91.46      -7155      -3368     -583.7       -489     -614.1      -7817      41.83      120.5      83.72        740      90.55      43.22      -1352      101.6     -223.3     -479.8      -4396      260.7      156.1      49.06      28.43      13.38      76.11      8.241      62.44      60.39      54.96        262      232.2      31.58       59.5      89.76      281.2        224      74.87      45.75       13.4      49.42      1.373      123.1       42.5
     -9.287     -41.92     -21.56     -21.68     -18.94      -12.2      10.91      38.48      41.88      30.31      16.32      28.54      -13.4      -5.27     -12.25     -10.28     -12.32     -3.049     -11.76     -10.01      40.54      67.87       44.3      22.54      33.43      41.83     -104.7    0.04951      31.77        131      51.13      13.81      34.15      35.51      8.569      471.5      290.1      41.44     -5.871     -7.267     -3.396     -4.604      4.008      24.89      22.17     0.5005     -1.474      19.71      11.83     -5.351     -9.333     -2.586      29.14      5.768     -2.758     -7.045     -2.823     -1.436      60.26      49.54     -0.985
     -5.777      -8.53     -17.31      12.33      5.135      17.63      69.84      72.25      131.6      230.4      56.81      88.84     -23.78      19.81    -0.8323       7.29       4.77     -11.23      9.004      6.642      125.4         68      153.8      61.73      -3.26      120.5    0.04951     -824.3     -124.1     -158.9     -81.06      107.4     -202.8      123.2     -66.19      346.5      -1816        123     -597.1     -8.197     -9.865      16.11      16.86      54.01      61.73      20.58      12.71      61.74      71.52      7.275      4.134      9.432     -55.63      47.31     0.6041      4.691     0.5551     -10.85      63.24      51.07     -2.163
      32.12      44.49      49.07      52.94      39.83      9.936      40.67      54.93      616.7      683.8       -141      79.84      53.75      29.25      47.46      50.33      45.09      45.95      42.92      73.32      135.1      476.9      323.1      178.9      297.7      83.72      31.77     -124.1      -6583 -1.009e+04      -1029     -454.9      -82.7     -776.1     -229.5     -615.2      -3560      -8556       -225      28.68      13.84     -27.64      121.4      42.88      53.91      129.3      53.04      237.2      267.5      45.17      36.75      47.11      154.6      229.7      57.45      19.84      10.65      4.405      67.95     -33.97      9.253
        106      103.7      197.7      222.7      195.2      278.2      367.2      260.7       1833       1879       94.4      107.7      175.4      177.1      107.2      187.3      144.2      169.6      157.6      215.2      782.9      597.6      954.9      730.7      410.8        740        131     -158.9 -1.009e+04 -9.215e+04      -4811     -170.8     -792.6      -3582      -4323     -795.8       2048 -1.349e+04     -144.9      114.3      80.47     -80.13      314.5      220.2      283.2      349.8     -4.726      521.1      669.6      104.1      78.96      151.6     -67.25      294.6      126.8       52.4      59.18      41.73     -64.09     -88.34     -16.74
      36.72      11.04      109.9      151.9     -238.4     -30.35      -23.9      132.1      199.6       1077     -89.74       -105      206.2      205.4      69.14       67.9      92.13      85.57      97.81      131.8       50.8      -2330      157.1      542.1      517.2      90.55      51.13     -81.06      -1029      -4811  -2.91e+04        471     -877.2      -2805     -600.7       1618       4796      -1700     -74.53      64.87      48.56      14.25      146.6      370.4      280.7      105.3      14.11      347.9      358.9      11.63      57.82      130.8      239.6      129.9      76.86      58.79      35.79         64     -81.34      233.5      78.04
      60.86     -98.76     -33.01     -64.36      228.6     -88.11      404.5      366.3       1622       1028      594.5      468.1      177.8     -89.95     -70.76      293.7     -67.26      32.26        122     -114.1        126       1736       1929        747     -29.51      43.22      13.81      107.4     -454.9     -170.8        471 -1.365e+05 -4.873e+04     -485.3     -47.82       2409       3798     -493.8     -87.62      65.22     -50.93      303.6     -68.82       80.4      385.4      342.1      305.2     -285.8     -604.8      69.17      153.4      81.92       1705       2012      48.26     -16.67    -0.8889      143.6        250      552.6        115
      123.7     -48.76      127.3      382.6      186.4      69.87      769.5      5.412     -72.67      -1906      32.57      932.3      27.12      206.1     -25.32      383.5     -33.89     -155.9      118.8      111.2      -1462      864.2      914.9       1179      351.9      -1352      34.15     -202.8      -82.7     -792.6     -877.2 -4.873e+04 -1.811e+05      42.48      162.1      -4283 -6.091e+04     -442.9      102.2      124.5      11.54      129.3      21.12      572.6      949.5     -16.36      228.9     -156.1      334.7      118.1      130.7      13.58       2285       2299      159.5      45.81     -27.88       8.26     -10.12     -314.9      -15.8
      17.82      45.65       47.3     -69.63     -5.954      6.264      118.1      320.1      584.3      821.7      181.6      208.3      119.3      165.1       80.6     -28.09      87.86      26.43      115.8      27.54      55.67      229.5      75.21      209.6      579.9      101.6      35.51      123.2     -776.1      -3582      -2805     -485.3      42.48 -2.392e+04     -261.4       1866       5496      -1247        155      37.02       10.4      87.58      263.7      11.88      114.3      125.9      65.36      374.8      395.6      43.02      58.54      93.58      750.1      750.9      86.92      24.35      16.18      48.75     -192.7     -117.7     -21.72
       46.5       46.6      15.53         74      51.03      49.68      153.6      307.8     -319.1     -99.95      58.79      252.3      128.4      41.24      91.57      36.27     -14.33      15.02      54.53      32.77     -106.5      466.5      141.5      221.7      350.8     -223.3      8.569     -66.19     -229.5      -4323     -600.7     -47.82      162.1     -261.4      -6940      -6671       4195     -281.6     -75.86      61.54      32.74      47.83      79.78      148.3      148.6      71.78      53.31      62.47      102.2      31.39      34.81      31.88     -27.09     -74.04      56.63       28.9      27.91      25.56      117.8      102.2      32.18
      368.3      501.3      625.2      644.7      578.7      558.5      917.9     -27.29       2586       2401      882.4       1036        184      -3208      269.6        555        601      557.4      555.6      572.3     -287.7       1845       1840       1819       1908     -479.8      471.5      346.5     -615.2     -795.8       1618       2409      -4283       1866      -6671 -7.669e+06 -8.795e+05     -76.97      419.4      361.4      356.5      620.6      510.4      70.24      603.8      411.7      614.1       1363       1364     -73.81      -1199      320.1 -1.675e+04 -1.682e+04      335.4      99.64      85.77     -538.9      -5364      -6075      -1232
      340.9      265.7      406.2        216        178     -328.1       1469      -3058       3943       3712       1086       1664      174.8      97.67      235.8      153.9      297.7      84.07      191.7      288.4      -3950       3357       3862       3827       3899      -4396      290.1      -1816      -3560       2048       4796       3798 -6.091e+04       5496       4195 -8.795e+05 -2.589e+06      -2659     -408.7      356.4      347.7      562.5      3.864      -5500      -2077      -1532      620.3       2765       2767      328.1      288.1      480.5       4156       4194        489      322.2        181      235.2      297.3      -6385      254.4
      42.68      69.37      98.97      47.33      29.01      24.89      226.9      208.9      914.7      899.1     0.7105      134.3      126.9      29.84      92.02      90.67      72.26      122.9      10.75      111.8        251      912.4      377.1      315.7      363.3      260.7      41.44        123      -8556 -1.349e+04      -1700     -493.8     -442.9      -1247     -281.6     -76.97      -2659 -1.869e+04         24      50.55      20.93      112.3      204.5      7.288     -96.11      198.1      150.5        427      552.6      72.95       65.2       73.6        294      526.6      117.5       35.1      24.47       45.5      87.66     -79.11      39.59
     -5.404     -11.77     -11.77      6.396      4.986      7.195       65.1      80.41      209.2      291.3      39.11       81.6     -27.37      20.58      6.719      13.63     -7.334     -13.48      8.606      -1.24      152.3     -168.7      154.5      58.66      66.66      156.1     -5.871     -597.1       -225     -144.9     -74.53     -87.62      102.2        155     -75.86      419.4     -408.7         24     -882.8      -8.63     -5.701     -3.855      6.767      57.88      44.12      18.85      3.804      81.17      64.47      6.467      2.911     0.8793     -30.59      55.42      9.519    -0.3884     -1.101     -15.47      51.62      73.85     -8.631
     -69.22     -22.83     -15.09     -16.96     -3.756     -9.736      13.67      21.16      81.89      127.7      25.05      13.51     -9.275     -7.453     -12.21     -9.888     -8.559     0.8248    -0.3194     -11.16      54.86      121.9      65.88      54.55      38.65      49.06     -7.267     -8.197      28.68      114.3      64.87      65.22      124.5      37.02      61.54      361.4      356.4      50.55      -8.63     -127.5     -28.56     -6.838      7.565      11.65       11.3     -1.268     -1.628      23.55       16.1     -17.61     -11.36     -7.427      35.14      18.74     -4.809     -7.121     -3.845     -2.719      49.73      37.75     -1.885
     -22.51     -10.85     -5.265      -11.6     -15.94     -15.99      5.942      20.69      26.64      41.25      38.12      15.27     -5.906     -3.001     -7.318      -6.94     -12.97     -7.797     -3.347     -5.729       30.1      94.02      27.41       56.8      33.52      28.43     -3.396     -9.865      13.84      80.47      48.56     -50.93      11.54       10.4      32.74      356.5      347.7      20.93     -5.701     -28.56     -85.01     -13.33      1.961      21.47      22.42    -0.2102      1.548      26.92      34.43     -16.07      -10.8      -4.56      26.58      7.802     -4.592     -6.739     -2.914     -4.901      56.11      58.06     -6.114
     -4.624     -11.39     -1.571    -0.7681      30.68      5.414      25.43      33.42      -37.6     -195.4      88.97      27.98     -3.329     -21.89     -14.68      23.52     -27.89      3.371       4.86     -3.917      15.03      90.58     -11.08      58.82      72.16      13.38     -4.604      16.11     -27.64     -80.13      14.25      303.6      129.3      87.58      47.83      620.6      562.5      112.3     -3.855     -6.838     -13.33     -592.8     -40.59      12.52      38.71     -17.97     -281.5      32.39      26.11     -2.306      -4.99     -8.277      102.2      84.39     -17.27     -4.172      1.983     -2.846      55.76      64.09     -2.887
      8.965      6.778      7.262     -4.335      17.22       3.94      33.54      77.28       87.6      50.67      35.67      32.13      13.79     -4.226      8.494      3.208      10.18     0.8293      9.349      2.567      93.66       35.4     -17.36      27.39     -34.91      76.11      4.008      16.86      121.4      314.5      146.6     -68.82      21.12      263.7      79.78      510.4      3.864      204.5      6.767      7.565      1.961     -40.59     -893.1     -3.514     -18.43     -249.4     -29.07      -12.4     -25.64      1.629     -6.679      4.211     -74.37     -30.35     0.6447     -3.157      1.539      15.23      71.44      70.78      5.351
      32.04      5.642      12.64       24.3       46.1      3.509      43.39      162.2      256.4      452.1      91.51      46.67      14.37     -4.754      14.02      38.16      25.52      71.85      14.36      15.92       36.9     -74.99        358      177.9      75.93      8.241      24.89      54.01      42.88      220.2      370.4       80.4      572.6      11.88      148.3      70.24      -5500      7.288      57.88      11.65      21.47      12.52     -3.514      -3138      -1910      15.44     -9.111      124.7      112.8       8.79       29.8      51.91        299      348.3      45.94      29.01      12.85      38.21      115.7      75.63      28.77
      28.91      22.58      22.88      13.22      45.85      31.36      92.14      101.5        242      218.1      74.55      86.53      29.18     -1.882      23.91       27.7     -2.394      61.33      22.96      13.93      65.84      65.53      310.6      249.2      162.4      62.44      22.17      61.73      53.91      283.2      280.7      385.4      949.5      114.3      148.6      603.8      -2077     -96.11      44.12       11.3      22.42      38.71     -18.43      -1910      -3361       21.1      13.83      92.71      113.5      20.55      30.64      26.11      278.7      309.9      34.89      32.24      11.21      48.07      131.8      129.7      43.85
      1.424      3.756       5.46      1.925     -7.276      16.18      54.84      37.93      63.99      60.02      37.16      79.42      8.007      1.888      21.58      2.484      8.112     -4.551      12.19      4.265      63.16      46.15     -10.03     -2.261     0.3611      60.39     0.5005      20.58      129.3      349.8      105.3      342.1     -16.36      125.9      71.78      411.7      -1532      198.1      18.85     -1.268    -0.2102     -17.97     -249.4      15.44       21.1     -688.6      -11.9      1.469      6.785     0.6297      3.575      11.71        107      93.51     -6.062      3.854     -2.377      9.188      33.84      50.35      13.77
    -0.7192     -8.425      3.113      1.845      17.61     -9.243     -15.26      49.53      22.12      18.25      66.83     -5.361     -9.495      -16.3      2.369      8.048     -12.92     -2.778      1.477       7.57      41.97      101.1      45.88      89.25      48.08      54.96     -1.474      12.71      53.04     -4.726      14.11      305.2      228.9      65.36      53.31      614.1      620.3      150.5      3.804     -1.628      1.548     -281.5     -29.07     -9.111      13.83      -11.9     -421.3      31.32      17.33    -0.8717     -5.201     -13.64      78.15      112.9     -8.828      -2.17      1.933      3.779      50.96      55.34      4.799
      22.23       52.9      49.78      49.83      73.99      115.7      10.45      82.84      370.4      180.1      77.03      42.64      77.36      61.33       52.4      11.55      38.49       87.4      42.33      40.39      218.6        480      13.27      353.2      389.5        262      19.71      61.74      237.2      521.1      347.9     -285.8     -156.1      374.8      62.47       1363       2765        427      81.17      23.55      26.92      32.39      -12.4      124.7      92.71      1.469      31.32      -5941      -4598      18.06      32.03      62.96      486.9      624.5      35.62      16.38       24.8      51.67      258.1      346.3      50.74
      25.04      40.99      52.28      37.57     -55.37      34.02     -37.86      178.8      175.1      350.7      86.37      27.91       64.4      45.71      49.13      42.19      62.66      78.18      68.43      52.92      224.5      428.2      108.7      231.5      237.6      232.2      11.83      71.52      267.5      669.6      358.9     -604.8      334.7      395.6      102.2       1364       2767      552.6      64.47       16.1      34.43      26.11     -25.64      112.8      113.5      6.785      17.33      -4598      -6147      33.33      29.04      61.25      455.9      559.4      45.73      23.73      21.56      57.43      283.8      351.2      50.79
        -15     -10.48     -4.687     -12.71     -2.989     -7.218     -5.709      10.78      47.67       60.3      20.79      5.762     -8.038     -1.588     -3.495     -6.902     -10.36    -0.2419       1.52     -4.759      28.66      88.56       35.1      42.02      28.92      31.58     -5.351      7.275      45.17      104.1      11.63      69.17      118.1      43.02      31.39     -73.81      328.1      72.95      6.467     -17.61     -16.07     -2.306      1.629       8.79      20.55     0.6297    -0.8717      18.06      33.33     -91.23     -21.57     -3.229      23.72      13.28     -4.372      -10.9     -3.846     -8.608      48.78      54.53     -5.599
     -10.36     -10.39     -16.73      -12.1     -4.649     -6.392      26.09      14.38      20.44      30.86      29.51      3.851      -5.32     -6.319     -9.252     -2.721     -9.139    -0.8205     -6.693     -11.43      50.48      32.45      56.76      66.78      57.07       59.5     -9.333      4.134      36.75      78.96      57.82      153.4      130.7      58.54      34.81      -1199      288.1       65.2      2.911     -11.36      -10.8      -4.99     -6.679       29.8      30.64      3.575     -5.201      32.03      29.04     -21.57      -92.1     -4.904      17.55      20.01     -5.874      -19.8      -3.59     -4.543      48.92      51.85     -4.194
     -10.51     0.7324     -3.363      -15.2      14.21      14.09      27.62      24.05      175.4      147.2      2.951      10.01      4.746     -5.583     -6.396     -4.215     -8.551      5.224      1.767     -12.32      50.59      151.1      47.31      96.69      59.72      89.76     -2.586      9.432      47.11      151.6      130.8      81.92      13.58      93.58      31.88      320.1      480.5       73.6     0.8793     -7.427      -4.56     -8.277      4.211      51.91      26.11      11.71     -13.64      62.96      61.25     -3.229     -4.904     -280.9      86.44      97.59     -154.2     -5.165      -1.05     -7.972      16.63      30.99     -7.066
      35.49      61.29      13.53        217      85.03      141.8        148     -156.1     -126.3      450.8      158.6      52.74      168.8      20.29      -18.2       28.9      74.13      77.18      70.45      54.24      300.6       1005      81.32      517.8      486.2      281.2      29.14     -55.63      154.6     -67.25      239.6       1705       2285      750.1     -27.09 -1.675e+04       4156        294     -30.59      35.14      26.58      102.2     -74.37        299      278.7        107      78.15      486.9      455.9      23.72      17.55      86.44 -2.529e+04 -1.994e+04      46.73      46.13      12.84      58.63      999.1        939      54.56
      32.06      45.27     -12.06      198.4       57.3      21.62     -238.9     -127.8     -521.2        209      170.5     -27.63      123.7      47.41      47.69     -14.63      131.1      61.36      46.49      35.27     -3.888       1144      276.9      770.5        564        224      5.768      47.31      229.7      294.6      129.9       2012       2299      750.9     -74.04 -1.682e+04       4194      526.6      55.42      18.74      7.802      84.39     -30.35      348.3      309.9      93.51      112.9      624.5      559.4      13.28      20.01      97.59 -1.994e+04 -2.455e+04      65.72      46.49      21.27         76      868.8        720      57.89
     -7.332     -11.19     -3.251     -10.84     -5.037      10.18      32.97      57.68      208.2      145.9      3.887      22.09      6.484     -1.842     -8.625     -4.526     -18.87       7.96     -2.195     -3.359      41.08      123.5       46.1         53       29.4      74.87     -2.758     0.6041      57.45      126.8      76.86      48.26      159.5      86.92      56.63      335.4        489      117.5      9.519     -4.809     -4.592     -17.27     0.6447      45.94      34.89     -6.062     -8.828      35.62      45.73     -4.372     -5.874     -154.2      46.73      65.72     -271.4     -6.495     -2.181     -8.305      25.25      22.05     -5.871
