
 72

((monodelphis_domestica: 0.025181, (notamacropus_eugenii: 0.021991, sarcophilus_harrisii: 0.026550): 0.005323): 0.045072, (((choloepus_hoffmanni: 0.026269, dasypus_novemcinctus: 0.031871): 0.010510, (echinops_telfairi: 0.052093, (procavia_capensis: 0.030587, loxodonta_africana: 0.021162): 0.005789): 0.008951): 0.001120, (((sorex_araneus: 0.052981, erinaceus_europaeus: 0.047817): 0.008940, ((pteropus_vampyrus: 0.023119, myotis_lucifugus: 0.035858): 0.006133, (((felis_catus: 0.001421, (panthera_tigris_altaica: 0.001680, panthera_pardus: 0.000624): 0.001049): 0.011219, (canis_familiaris: 0.013933, (mustela_putorius_furo: 0.014039, ailuropoda_melanoleuca: 0.011531): 0.002455): 0.002931): 0.008404, (equus_caballus: 0.021012, (vicugna_pacos: 0.022769, (sus_scrofa: 0.019667, (tursiops_truncatus: 0.016925, (bos_taurus: 0.005758, (ovis_aries: 0.004490, capra_hircus: 0.002226): 0.004042): 0.016148): 0.003077): 0.001552): 0.006225): 0.000809): 0.000471): 0.001123): 0.003786, ((tupaia_belangeri: 0.033990, ((oryctolagus_cuniculus: 0.022542, ochotona_princeps: 0.036188): 0.016435, (ictidomys_tridecemlineatus: 0.023584, (((fukomys_damarensis: 0.016154, heterocephalus_glaber_female: 0.013693): 0.006068, ((cavia_porcellus: 0.001006, cavia_aperea: 0.005095): 0.020171, (chinchilla_lanigera: 0.012489, octodon_degus: 0.020591): 0.002716): 0.004459): 0.018857, (dipodomys_ordii: 0.041468, (jaculus_jaculus: 0.035412, (nannospalax_galili: 0.023203, (((mesocricetus_auratus: 0.011115, cricetulus_griseus_chok1gshd: 0.007966): 0.004999, (peromyscus_maniculatus_bairdii: 0.012040, microtus_ochrogaster: 0.014536): 0.000896): 0.003848, ((mus_pahari: 0.005682, (mus_caroli: 0.002751, (mus_musculus: 0.001309, mus_spretus: 0.001483): 0.001525): 0.002586): 0.005634, rattus_norvegicus: 0.013002): 0.009252): 0.013314): 0.006318): 0.006484): 0.003448): 0.001178): 0.003952): 0.002061): 0.000635, ((otolemur_garnettii: 0.023538, (propithecus_coquereli: 0.007703, microcebus_murinus: 0.010380): 0.006268): 0.006036, (carlito_syrichta: 0.027065, (((aotus_nancymaae: 0.005290, callithrix_jacchus: 0.005902): 0.000223, (saimiri_boliviensis_boliviensis: 0.005155, cebus_capucinus: 0.004480): 0.000684): 0.006810, (((chlorocebus_sabaeus: 0.001980, ((papio_anubis: 0.001192, (cercocebus_atys: 0.001473, mandrillus_leucophaeus: 0.001187): 0.000221): 0.000255, (macaca_nemestrina: 0.000851, (macaca_mulatta: 0.000736, macaca_fascicularis: 0.000348): 0.000202): 0.000700): 0.000520): 0.000850, (colobus_angolensis_palliatus: 0.002472, (rhinopithecus_roxellana: 0.000508, rhinopithecus_bieti: 0.000977): 0.001828): 0.001074): 0.003274, (nomascus_leucogenys: 0.005019, (pongo_abelii: 0.004069, (gorilla_gorilla: 0.001919, ((pan_troglodytes: 0.000599, pan_paniscus: 0.000818): 0.000813, homo_sapiens: 0.001402): 0.000315): 0.001429): 0.000482): 0.001661): 0.003072): 0.009660): 0.001786): 0.003025): 0.003775): 0.003639): 0.058589, ornithorhynchus_anatinus: 0.145330);

  0.045072  0.025181  0.005323  0.021991  0.026550  0.058589  0.001120  0.010510  0.026269  0.031871  0.008951  0.052093  0.005789  0.030587  0.021162  0.003639  0.003786  0.008940  0.052981  0.047817  0.001123  0.006133  0.023119  0.035858  0.000471  0.008404  0.011219  0.001421  0.001049  0.001680  0.000624  0.002931  0.013933  0.002455  0.014039  0.011531  0.000809  0.021012  0.006225  0.022769  0.001552  0.019667  0.003077  0.016925  0.016148  0.005758  0.004042  0.004490  0.002226  0.003775  0.000635  0.033990  0.002061  0.016435  0.022542  0.036188  0.003952  0.023584  0.001178  0.018857  0.006068  0.016154  0.013693  0.004459  0.020171  0.001006  0.005095  0.002716  0.012489  0.020591  0.003448  0.041468  0.006484  0.035412  0.006318  0.023203  0.013314  0.003848  0.004999  0.011115  0.007966  0.000896  0.012040  0.014536  0.009252  0.005634  0.005682  0.002586  0.002751  0.001525  0.001309  0.001483  0.013002  0.003025  0.006036  0.023538  0.006268  0.007703  0.010380  0.001786  0.027065  0.009660  0.006810  0.000223  0.005290  0.005902  0.000684  0.005155  0.004480  0.003072  0.003274  0.000850  0.001980  0.000520  0.000255  0.001192  0.000221  0.001473  0.001187  0.000700  0.000851  0.000202  0.000736  0.000348  0.001074  0.002472  0.001828  0.000508  0.000977  0.001661  0.005019  0.000482  0.004069  0.001429  0.001919  0.000315  0.000813  0.000599  0.000818  0.001402  0.145330

  5.079589 -4.269701 -1.111669 12.575698  8.201405 -2.023488  6.549174  2.009167  8.403300 30.362035 12.793613  9.737299 -21.426761 -6.470359 16.069842 62.357933 -11.746077 -15.433734 12.842400 -2.364265  3.218762 -17.105930 16.985779 -0.341652 13.981880  9.309499 11.309762 16.237815 26.700947 59.132781 74.887493 24.719361 19.233909  9.234680 13.151902 15.265309 -11.315725 19.520143  1.906656  7.885705 21.963748 20.897658  0.241401  6.172642  6.067378  3.407645 29.849324 53.163345 17.451391 31.898447 -40.617109  5.692471 -6.059737  3.481803 -1.639425  3.217694  7.198613  5.022453 -7.051117 11.736857  1.851411 42.819685 20.304210  7.584401 35.457373 38.945977 27.427403 -3.157919 41.760512  6.661488 -4.696300  2.325024 10.807768  1.726983 -1.795422  7.263421 29.686483 -12.598877 -5.782546 27.706226 -11.993028 -13.361825 31.398677 34.809767 29.916676 22.115394 28.707889  4.551711  1.058795  3.180273  3.925045  4.091751  1.066467 -0.909944 -0.851676  1.747018 12.642624 27.910953  1.345762 -13.591668 -3.899156 24.923576 24.975628  1.322184 30.201339 27.572060 51.541390  1.056263 32.172775  2.172621  2.692020 89.759108 27.940247 111.737888 93.760245 124.685839 186.223270 121.693572 11.218436 106.394317 100.032059 85.757451 86.363190 119.633270 80.379927  1.560764 -2.175318  5.101055 12.690845  6.080752  0.092667  7.893812 26.286730 26.635012 26.324551 21.488159 27.544764 32.967709 91.046152 35.675531 -2.976120


Hessian

   -3.3e+07 -1.526e+06 -5.729e+06 -1.436e+06 -8.168e+05 -1.584e+07   8.67e+05   1.19e+06  6.906e+05  1.457e+06  1.125e+06   9.32e+05  1.282e+06  1.194e+06  1.545e+06 -4.399e+05   9.16e+05   9.58e+05  7.335e+05   7.86e+05  4.905e+05  1.488e+06  1.586e+06    1.5e+06  4.233e+05  1.209e+06   1.53e+06  1.456e+06  1.548e+06  2.065e+06  2.048e+06  1.126e+06  1.293e+06  1.443e+06  1.547e+06  1.666e+06  1.248e+06  1.449e+06   1.69e+06  9.441e+05  1.627e+06  1.543e+06  1.719e+06  1.916e+06  1.567e+06   1.93e+06   1.94e+06  2.169e+06  2.313e+06   8.79e+05  6.046e+05  9.336e+05  9.433e+05  1.341e+06  1.537e+06  1.085e+06  8.026e+05  1.135e+06  5.849e+05  1.451e+06  1.703e+06  1.732e+06  1.693e+06  1.484e+06  1.461e+06  1.989e+06  1.985e+06  1.591e+06  1.715e+06  1.563e+06  1.018e+06  1.192e+06  1.206e+06  1.245e+06  1.055e+06  1.221e+06  1.239e+06  1.376e+06  1.401e+06  1.637e+06   1.31e+06   1.77e+06  1.419e+06  1.282e+06  1.385e+06  1.478e+06  1.437e+06  1.827e+06  1.759e+06  1.655e+06  2.058e+06  1.784e+06  1.755e+06  9.547e+05  1.171e+06  1.337e+06  1.587e+06  1.719e+06  1.543e+06  8.483e+05  1.263e+06  1.059e+06  1.463e+06  1.951e+06   2.17e+06  1.656e+06  1.875e+06  1.764e+06  1.764e+06  1.172e+06   1.46e+06  1.678e+06  1.919e+06  2.428e+06  3.011e+06  2.336e+06  3.089e+06  2.823e+06  2.202e+06  1.434e+06   2.65e+06   2.36e+06  2.888e+06   2.48e+06  1.842e+06  1.838e+06  1.479e+06  1.963e+06  2.515e+06  1.325e+06  1.995e+06  1.328e+06  1.847e+06  1.551e+06  2.167e+06  1.406e+06  2.253e+06  2.628e+06  2.341e+06  2.464e+06  -1.61e+05
 -1.526e+06 -9.503e+07 -3.016e+07  -5.01e+06 -5.387e+06 -3.443e+05  2.216e+06  1.771e+06   8.31e+05  1.708e+06  1.898e+06    1.3e+06   1.85e+06  1.438e+06  1.703e+06  1.769e+06  2.156e+06  1.552e+06  1.016e+06  1.095e+06  2.047e+06  2.549e+06  1.966e+06  1.809e+06  1.366e+06  1.901e+06  1.863e+06  1.457e+06  1.693e+06  1.625e+06  2.926e+06  1.699e+06  1.538e+06  1.624e+06  1.818e+06  1.825e+06  2.348e+06  1.815e+06   2.65e+06  1.104e+06  2.484e+06  1.712e+06  2.231e+06  1.918e+06  1.981e+06  1.321e+06  1.677e+06  1.882e+06  1.192e+06  1.807e+06  2.012e+06  1.116e+06  2.299e+06  2.016e+06  1.613e+06  1.568e+06  2.242e+06  1.478e+06  2.268e+06  2.116e+06   1.88e+06  1.602e+06  1.925e+06  2.126e+06  1.724e+06  2.201e+06  1.355e+06  1.799e+06  1.935e+06  1.619e+06  2.169e+06  1.506e+06  1.973e+06  1.505e+06  1.739e+06  1.396e+06  1.979e+06  1.389e+06  1.341e+06  1.373e+06  1.143e+06  1.878e+06  1.409e+06  1.611e+06  1.677e+06   1.43e+06  1.468e+06  1.449e+06  1.224e+06  1.421e+06  1.687e+06  2.128e+06    1.7e+06  1.572e+06  1.981e+06  1.567e+06  2.132e+06  1.869e+06  1.903e+06  2.423e+06   1.73e+06  2.156e+06  2.044e+06  1.893e+06  2.038e+06  1.992e+06  2.686e+06  1.663e+06  1.973e+06  1.948e+06  1.769e+06  1.656e+06  1.122e+06  1.241e+06 -8.903e+05  1.701e+06  2.123e+05  2.361e+06  1.415e+06  1.699e+06  1.362e+06  5.646e+05  1.548e+06  1.882e+06  1.087e+06  2.022e+06   1.38e+06  7.969e+05  2.263e+06  2.051e+06  2.231e+06  1.276e+06  1.559e+06  1.837e+06  1.728e+06  1.789e+06  2.039e+06  2.019e+06  7.416e+05  2.089e+06  2.981e+05
 -5.729e+06 -3.016e+07 -2.186e+08 -1.687e+07 -2.076e+07 -3.033e+06  2.281e+06  1.968e+06  8.577e+05  1.875e+06  1.786e+06  1.432e+06  1.945e+06  1.591e+06  1.881e+06   1.58e+06  2.499e+06  1.663e+06  1.043e+06  1.182e+06  2.141e+06  2.733e+06  2.078e+06  1.919e+06  9.173e+05  1.902e+06  1.685e+06  1.938e+06  1.688e+06  2.029e+06  2.766e+06  1.689e+06  1.691e+06  1.344e+06  2.102e+06  2.011e+06  1.801e+06  2.145e+06  2.493e+06  1.157e+06  2.929e+06  2.147e+06  3.121e+06  2.086e+06  2.177e+06  1.845e+06  1.963e+06  1.644e+06  1.992e+06  2.128e+06  2.907e+06  1.459e+06  2.383e+06  2.356e+06  2.157e+06   1.54e+06  2.296e+06  1.651e+06  1.586e+06   2.23e+06  2.323e+06  2.086e+06  1.972e+06  2.259e+06  2.037e+06  2.197e+06  1.801e+06   1.67e+06  2.363e+06  2.098e+06  2.243e+06  1.655e+06  2.213e+06  1.711e+06  2.162e+06  1.511e+06  2.236e+06  1.623e+06   1.76e+06  1.737e+06  1.181e+06  2.065e+06   1.56e+06  2.001e+06   1.86e+06  1.923e+06  1.802e+06  2.053e+06  1.844e+06  1.998e+06  1.565e+06  1.767e+06  2.041e+06  1.789e+06  2.389e+06  1.686e+06  2.183e+06  2.062e+06  2.027e+06  1.814e+06  1.705e+06  2.137e+06  2.246e+06   2.63e+06  2.004e+06  2.125e+06  2.484e+06  2.048e+06  1.916e+06  1.701e+06  1.699e+06  2.209e+06  2.243e+06  2.214e+06  1.066e+06  2.773e+06  2.259e+06  2.209e+06  2.939e+06  2.897e+06  2.461e+06  1.116e+06  2.267e+06  2.651e+06   1.46e+06  2.037e+06  1.741e+06  2.046e+06  2.527e+06  1.895e+06  2.599e+06  -2.36e+05  2.296e+06  1.381e+06  1.933e+06  1.332e+06  2.262e+06  2.084e+06   2.31e+06  2.211e+06  3.021e+05
 -1.436e+06  -5.01e+06 -1.687e+07 -9.524e+07  -5.78e+06 -7.683e+05   2.24e+06  1.648e+06   5.95e+05  1.527e+06  1.765e+06  1.113e+06   1.54e+06  9.479e+05  1.512e+06   1.29e+06  2.076e+06  1.238e+06  9.576e+05  9.488e+05  2.061e+06  1.705e+06  1.258e+06  1.601e+06  1.917e+06  1.863e+06  1.722e+06  1.342e+06  1.683e+06   1.53e+06  1.489e+06  1.893e+06  1.243e+06  1.353e+06   1.76e+06   1.58e+06  1.755e+06  1.525e+06  2.007e+06  7.154e+05  2.168e+06  1.551e+06  2.108e+06  1.321e+06  1.578e+06  1.632e+06  1.965e+06  1.647e+06  1.831e+06  1.876e+06  1.327e+06  1.021e+06  2.022e+06  1.867e+06  1.578e+06  1.071e+06  1.805e+06  1.425e+06  1.914e+06  2.015e+06  1.795e+06  1.384e+06  1.522e+06  1.643e+06  1.553e+06  1.881e+06  1.138e+06   1.78e+06  1.569e+06  1.469e+06  1.976e+06  1.365e+06  1.704e+06  1.167e+06  1.735e+06  1.167e+06  1.887e+06   1.67e+06  1.384e+06   1.43e+06  1.111e+06   1.23e+06  1.629e+06   1.56e+06  1.814e+06  1.857e+06  1.831e+06  1.448e+06  1.412e+06  1.572e+06  2.629e+06  1.802e+06  1.604e+06  1.589e+06  2.059e+06  1.322e+06   1.66e+06  1.555e+06  1.504e+06  1.908e+06  1.333e+06  1.573e+06  1.394e+06  2.744e+06  1.574e+06   1.34e+06  2.099e+06  1.516e+06  1.601e+06   1.02e+06  1.236e+06  1.783e+06  9.299e+05  2.226e+06  1.776e+06  9.403e+05  1.701e+06  1.879e+06   1.83e+06  1.627e+06  1.456e+06  9.827e+05  1.942e+06  3.352e+05  1.874e+06  1.634e+06  1.241e+06  1.482e+06  1.864e+06  1.065e+06  1.473e+06  2.522e+05  1.094e+06  4.551e+05  1.816e+06  2.528e+06  1.058e+06  1.397e+06  1.322e+06  1.344e+06  3.465e+05
 -8.168e+05 -5.387e+06 -2.076e+07  -5.78e+06 -8.709e+07       5079  2.412e+06   2.02e+06  9.061e+05  1.734e+06  2.251e+06  1.325e+06  1.895e+06  1.676e+06  1.257e+06  1.716e+06  2.717e+06  1.564e+06   9.98e+05  1.052e+06  2.719e+06  2.625e+06  1.946e+06  1.568e+06   2.07e+06  2.201e+06  2.144e+06  2.101e+06  1.687e+06  1.305e+06  2.143e+06  1.398e+06  1.527e+06  1.328e+06  1.547e+06  1.669e+06   2.44e+06  1.843e+06   2.63e+06  1.093e+06   2.47e+06  1.917e+06  2.653e+06  1.953e+06    2.4e+06  1.625e+06  1.707e+06  1.195e+06  1.593e+06  2.644e+06  2.371e+06  1.348e+06  2.872e+06  2.093e+06   1.67e+06  1.448e+06  2.307e+06  1.641e+06  2.667e+06  2.558e+06  1.966e+06  1.779e+06  1.919e+06  2.033e+06  1.838e+06  1.078e+06  8.131e+05  2.322e+06  1.942e+06  1.713e+06  2.341e+06  1.513e+06  2.281e+06  1.511e+06  2.039e+06  1.591e+06  2.141e+06  1.871e+06  1.736e+06  1.639e+06  1.641e+06  2.103e+06  1.494e+06  1.613e+06  2.216e+06  1.814e+06  1.909e+06  1.973e+06  1.924e+06  1.036e+06  1.952e+06  1.609e+06  1.677e+06   2.39e+06   2.51e+06  1.518e+06  2.259e+06  2.064e+06  1.808e+06  2.352e+06   1.64e+06  2.311e+06  1.962e+06  2.101e+06  1.834e+06  1.747e+06  1.545e+06  1.763e+06  1.907e+06  1.966e+06  1.688e+06  1.768e+06  1.023e+06  1.913e+06  1.424e+06  2.071e+06  1.512e+06  1.273e+06  1.695e+06  2.082e+06  2.715e+06  1.933e+06  1.581e+06  1.167e+06  1.391e+06  2.061e+06  1.411e+06  1.032e+06  2.245e+06  1.913e+06  1.949e+06  1.097e+06  1.859e+06  2.011e+06  2.165e+06  2.093e+06    1.9e+06  1.991e+06  1.759e+06  2.476e+06  3.459e+05
 -1.584e+07 -3.443e+05 -3.033e+06 -7.683e+05       5079 -2.982e+07  1.677e+05  8.838e+05   6.59e+05  1.269e+06  6.759e+05  7.802e+05  1.047e+06  1.103e+06  1.441e+06 -1.688e+06  2.624e+05  6.248e+05  5.623e+05    6.1e+05 -2.552e+05  1.126e+06  1.538e+06  1.243e+06 -3.078e+05  8.819e+05  1.384e+06  1.273e+06  1.367e+06  2.167e+06  1.886e+06  7.112e+05  1.266e+06  1.048e+06   1.37e+06  1.506e+06 -6.557e+04  1.185e+06  1.159e+06  8.396e+05  1.137e+06  1.348e+06  1.469e+06  1.764e+06   1.25e+06  1.942e+06  1.859e+06  2.059e+06  2.396e+06  2.901e+05      -8990  8.051e+05  1.313e+05  1.004e+06  1.298e+06  9.567e+05  2.094e+05  9.925e+05 -6.868e+04  1.122e+06  1.531e+06   1.61e+06  1.682e+06  1.252e+06  1.364e+06  2.291e+06  2.165e+06  1.359e+06  1.519e+06  1.482e+06   4.75e+05  1.074e+06  7.819e+05  1.112e+06  9.576e+05  1.184e+06  1.111e+06  1.243e+06  1.222e+06  1.615e+06  1.313e+06    1.4e+06  1.204e+06  1.237e+06  1.356e+06  1.248e+06  1.434e+06  1.626e+06  1.774e+06  1.873e+06  2.032e+06  1.889e+06  1.604e+06  5.225e+05  8.756e+05  1.261e+06  1.323e+06  1.675e+06  1.297e+06  4.223e+05  1.106e+06  7.876e+05  1.349e+06   1.55e+06  2.141e+06  1.472e+06  1.428e+06  1.727e+06  1.815e+06   1.06e+06  1.184e+06  1.422e+06  2.142e+06  2.277e+06  2.509e+06  2.263e+06  2.638e+06  2.571e+06  2.423e+06  1.422e+06  2.624e+06  2.155e+06  2.723e+06  2.216e+06  1.717e+06  1.835e+06  1.667e+06  1.723e+06  2.323e+06  1.119e+06  1.799e+06   1.02e+06  1.869e+06  1.361e+06  2.001e+06   9.38e+05  2.029e+06  2.292e+06  2.743e+06  2.373e+06 -2.754e+04
   8.67e+05  2.216e+06  2.281e+06   2.24e+06  2.412e+06  1.677e+05 -1.058e+09   -3.2e+07 -3.827e+06 -1.294e+07 -6.844e+07 -9.377e+05 -3.449e+07 -2.798e+06 -8.126e+06 -2.655e+08 -1.212e+07 -3.693e+06 -6.276e+05 -7.241e+05 -1.607e+07 -8.181e+06 -2.679e+06 -9.635e+05 -2.742e+07 -8.877e+06 -5.165e+06  -1.06e+06 -4.321e+06  1.111e+06 -4.715e+06 -8.493e+06 -2.798e+06 -6.063e+06 -2.346e+06 -1.596e+06 -1.876e+07 -3.773e+06 -9.865e+06 -8.518e+05 -1.153e+07  -3.29e+06 -7.742e+06 -1.636e+06 -4.855e+06  4.998e+05 -4.219e+05  2.375e+06 -8.517e+05 -1.454e+07  -1.43e+07 -2.274e+06 -1.517e+07 -4.563e+06  -6.65e+05 -9.888e+05 -1.004e+07 -2.316e+06 -1.495e+07 -4.759e+06 -2.666e+05  1.726e+06  1.367e+06  1.211e+05  3.856e+05  4.032e+06  3.244e+06 -5.645e+05  8.707e+05  1.042e+06 -7.382e+06 -6.302e+05 -4.122e+06   6.55e+05 -1.618e+06  8.464e+05  6.077e+05  6.706e+05  8.736e+05  1.755e+06  1.144e+06  1.772e+06  1.978e+05  1.246e+06  2.062e+06  1.367e+06  2.147e+06  2.093e+06  2.357e+06  2.957e+06  4.539e+06  1.603e+06  1.086e+06  -1.28e+07 -7.979e+06 -1.384e+06 -5.673e+06  -1.35e+06 -3.877e+06 -1.487e+07 -2.184e+06 -7.316e+06 -2.632e+06 -2.221e+06  7.269e+04   4.61e+05 -9.498e+05 -1.131e+06 -1.326e+05  -1.87e+06  -2.51e+06  5.743e+05  1.117e+05  1.736e+06  3.209e+06  3.179e+06  2.506e+06  3.833e+06  2.665e+06  7.426e+05  -9.91e+04  4.228e+06  2.402e+06   1.13e+06 -2.273e+04  1.353e+06  3.983e+05  2.526e+06  3.495e+06 -3.111e+06  1.165e+06  2.816e+05  7.324e+05  1.255e+06 -6.878e+05   1.28e+06 -3.589e+06  6.233e+04  2.542e+06  1.173e+06  1.084e+06
   1.19e+06  1.771e+06  1.968e+06  1.648e+06   2.02e+06  8.838e+05   -3.2e+07 -1.495e+08 -1.087e+07 -3.967e+07       6419  4.557e+05  2.417e+05  6.132e+05   3.81e+05 -1.681e+07 -5.646e+06 -4.281e+05  2.251e+05  1.661e+05 -7.255e+06 -2.193e+06 -4.374e+05  3.752e+05 -9.986e+06  -2.82e+06 -1.099e+06  -4.04e+05  6.801e+05   2.99e+06  9.311e+05 -2.288e+06 -6.457e+05 -2.697e+06 -2.048e+05  1.557e+05 -7.821e+06 -1.217e+06 -4.014e+06  3.548e+04 -3.869e+06 -6.696e+05 -2.984e+06  2.293e+05  -6.18e+05  8.472e+05  3.962e+05  2.016e+06  1.711e+06 -5.917e+06 -6.539e+06 -3.512e+05 -5.887e+06 -1.032e+06  3.375e+05   6.34e+05 -3.192e+06 -2.905e+05 -4.231e+06 -4.314e+05  5.891e+05  1.058e+06  1.284e+06  1.138e+06  1.131e+06  2.449e+06   2.41e+06  7.517e+05  1.224e+06  1.183e+06 -1.538e+06  5.697e+05 -4.042e+05   1.15e+06   4.98e+05  1.233e+06  1.278e+06  1.844e+06  1.824e+06  1.537e+06  1.901e+06   1.32e+06  1.462e+06  1.568e+06  2.021e+06   1.74e+06  1.911e+06  2.567e+06  1.504e+06  2.064e+06  2.704e+06  1.949e+06  1.811e+06 -5.966e+06 -2.748e+06  1.866e+05 -1.653e+06 -1.742e+05 -5.622e+05 -4.801e+06  -6.68e+04 -2.171e+06 -3.292e+05 -1.007e+06   1.37e+06  1.309e+06 -1.311e+05  7.169e+05  8.869e+05 -6.572e+05  2.694e+05 -8.961e+05  6.029e+05  9.197e+05  9.448e+05  6.326e+05  2.007e+06  1.458e+06   1.02e+06  5.651e+05  2.008e+06   1.34e+06  2.647e+06   1.17e+06  1.423e+06  4.925e+05  1.141e+06  2.972e+06  2.977e+06 -6.347e+05   1.61e+06  1.874e+05  1.041e+06  6.175e+05  1.989e+06  1.279e+06   2.21e+05  2.637e+06   2.55e+06  1.386e+06  8.285e+05
  6.906e+05   8.31e+05  8.577e+05   5.95e+05  9.061e+05   6.59e+05 -3.827e+06 -1.087e+07 -5.972e+07 -5.002e+04      -2047  4.918e+05   -5.1e+04  2.013e+05   2.41e+05 -2.357e+06 -9.574e+05  4.565e+05  5.222e+05  4.079e+05 -1.651e+06 -1.084e+05 -7.965e+04  6.821e+05 -2.201e+06 -3.374e+05    3.2e+05  1.401e+05  6.888e+05  7.894e+05 -9.627e+04  2.199e+05  3.848e+05  2.795e+05  4.553e+05  2.788e+05 -1.507e+06  7.475e+04 -5.135e+05  1.687e+05 -5.805e+05  2.682e+05 -3.259e+04  2.804e+04  4.721e+05  5.742e+05      8e+05  7.858e+05  5.838e+05 -9.722e+05 -4.847e+05  2.629e+05 -5.173e+05  4.649e+05  6.918e+05  5.856e+05 -4.026e+05  2.883e+05   1.48e+05  5.727e+05  5.908e+05  7.472e+05  8.818e+05  5.658e+05  7.723e+05  1.046e+06  1.194e+06  1.029e+06  7.997e+05  8.863e+05  4.343e+05  7.488e+05  5.368e+05  8.732e+05  7.465e+05  8.114e+05  1.009e+06   1.16e+06  1.197e+06  1.095e+06  1.161e+06  1.217e+06  1.029e+06  9.806e+05  1.498e+06  1.352e+06  1.119e+06  1.138e+06  1.106e+06  1.428e+06  1.065e+06  1.445e+06   1.22e+06 -1.303e+06 -3.108e+05  4.816e+05  3.144e+04   4.11e+05  2.601e+05 -3.274e+05  5.296e+05 -2.607e+05  1.474e+05  -7.32e+05  4.587e+05  4.956e+05 -1.518e+05   3.13e+05  8.267e+05  3.099e+04   2.12e+05  1.912e+05  -5.34e+04  6.703e+05  8.632e+05  5.272e+05  1.693e+05  1.304e+06  1.077e+06  1.489e+05   7.09e+05 -1.337e+04  5.854e+05   6.89e+05 -3.199e+05  6.011e+05  1.552e+05  9.336e+05  8.086e+05 -4.144e+05  6.354e+05 -2.998e+05  1.332e+05 -6.341e+04   1.07e+06 -8.064e+05  8.203e+05  1.584e+05  7.424e+05  4.031e+05  4.783e+05
  1.457e+06  1.708e+06  1.875e+06  1.527e+06  1.734e+06  1.269e+06 -1.294e+07 -3.967e+07 -5.002e+04 -7.748e+07  6.238e+05  6.818e+05   8.09e+05  7.915e+05  7.543e+05 -6.701e+06 -2.704e+06  1.233e+05  3.337e+05  5.487e+05 -3.716e+06 -9.166e+05  4.016e+05  5.024e+05 -4.818e+06 -8.787e+05 -2.068e+05   5.75e+05  8.295e+05  1.972e+06  1.615e+06 -4.533e+05  5.674e+04 -8.348e+05   7.75e+04  2.086e+05 -3.597e+06  1.212e+05 -1.912e+06   4.49e+05 -1.951e+06  2.421e+05 -7.294e+05  9.154e+05 -1.026e+05  9.558e+05  7.093e+05  1.452e+06  1.308e+06  -2.55e+06 -2.875e+06  2.788e+05 -2.662e+06 -2.299e+05  6.434e+05  8.617e+05 -1.048e+06  6.477e+05 -1.765e+06  3.293e+05  1.223e+06  1.349e+06  1.555e+06  1.347e+06  1.413e+06  1.877e+06  1.546e+06  1.444e+06  1.309e+06  1.336e+06  -9.13e+04  7.725e+05  7.377e+05  1.361e+06   1.51e+06  1.526e+06   1.95e+06  2.146e+06  2.131e+06  1.361e+06  2.163e+06  1.997e+06  1.497e+06  1.854e+06  2.184e+06  1.981e+06  1.976e+06  2.444e+06  2.426e+06  1.903e+06  2.554e+06  2.384e+06  1.679e+06 -2.561e+06  -8.73e+05  8.918e+05 -4.785e+05  6.886e+05 -1.465e+05 -1.962e+06  4.715e+05 -4.737e+05  5.816e+05  4.964e+05  1.323e+06  1.229e+06   7.58e+05  1.136e+06  1.356e+06  8.504e+05  7.658e+05  6.752e+05  1.045e+06  1.181e+06  1.713e+06  1.598e+06  1.167e+06  1.771e+06  1.154e+06  1.478e+06  2.469e+06  6.085e+05  1.129e+06  1.599e+05  1.738e+06  1.127e+06  1.179e+06  1.678e+06  2.501e+06   9.04e+05  1.509e+06  8.575e+05  1.691e+06   1.54e+06  2.141e+06  4.209e+05  1.403e+06  2.229e+06  1.815e+06  1.432e+06  7.149e+05
  1.125e+06  1.898e+06  1.786e+06  1.765e+06  2.251e+06  6.759e+05 -6.844e+07       6419      -2047  6.238e+05 -2.452e+08 -2.931e+06 -8.052e+07 -4.396e+06  -1.54e+07 -3.589e+07 -7.297e+06  -2.58e+06 -5.423e+05  -5.22e+05 -9.187e+06 -5.729e+06 -1.727e+06 -4.458e+05 -1.411e+07 -5.291e+06 -2.591e+06  6.481e+04 -3.249e+05  2.848e+06  3.856e+05 -4.733e+06 -1.148e+06 -3.708e+06 -1.507e+06  2.492e+05 -1.306e+07 -1.883e+06 -7.494e+06 -2.484e+05 -6.711e+06 -1.643e+06 -5.156e+06  3.483e+05 -2.941e+06  2.173e+05 -1.446e+05  2.604e+06  2.033e+06 -8.218e+06 -1.289e+07 -1.365e+06 -1.227e+07 -3.312e+06 -1.962e+05 -1.286e+05 -8.796e+06 -1.729e+06 -9.742e+06 -2.425e+06  5.715e+05  1.414e+06  1.504e+06 -7.333e+05  7.217e+05  3.923e+06  3.594e+06 -3.422e+05  5.962e+05  7.405e+05 -5.528e+06 -3.012e+05 -3.314e+06  3.608e+05 -1.921e+06  1.039e+06 -1.683e+05  1.903e+05  5.656e+05  1.728e+06  1.624e+06 -9.906e+04  5.181e+05  8.592e+05  5.492e+05  8.754e+05  1.932e+06  1.405e+06  1.807e+06  1.812e+06  2.742e+06  3.007e+06  1.564e+06 -7.827e+06 -5.435e+06 -8.473e+05 -3.195e+06 -7.054e+05 -1.735e+06 -8.659e+06 -1.105e+06 -4.354e+06 -1.303e+06 -1.146e+06  1.627e+06  1.182e+06 -1.761e+06  1.384e+05  4.042e+05 -1.545e+06 -8.994e+05 -1.121e+06  1.196e+06  4.695e+05  -7.79e+05  2.093e+06  2.677e+06  2.833e+06  2.596e+06  1.812e+06  1.521e+06  4.102e+06  3.513e+06  3.765e+06  7.874e+05  1.897e+06  1.718e+06  2.285e+06  3.483e+06 -1.794e+06  1.907e+06 -2.922e+06  1.805e+06  6.586e+05  1.884e+06  2.307e+06   5.14e+05   2.68e+06  2.127e+06  1.763e+06  9.202e+05
   9.32e+05    1.3e+06  1.432e+06  1.113e+06  1.325e+06  7.802e+05 -9.377e+05  4.557e+05  4.918e+05  6.818e+05 -2.931e+06 -4.029e+07 -7.507e+05 -1.147e+05  4.969e+05 -1.051e+06 -7.319e+05 -6.158e+05      -1154  2.062e+05 -6.365e+05 -1.386e+05   5.27e+05  3.706e+05 -5.022e+05 -1.564e+05   2.76e+05   7.07e+05  5.751e+05  1.743e+06  1.606e+06 -1.574e+05  6.168e+05  -2.17e+05  5.141e+05  8.603e+05 -9.809e+05  4.894e+05 -5.507e+05  3.644e+05 -4.915e+05  2.672e+05  3.873e+05  8.086e+05  1.516e+05  1.314e+06  7.322e+05  1.534e+06  1.133e+06 -5.986e+05 -2.719e+06  6.967e+04 -1.314e+06 -2.961e+05  3.897e+05  3.604e+05 -7.601e+05  4.444e+05 -1.116e+06  1.293e+05  7.642e+05  1.097e+06  1.248e+06  5.989e+05  1.026e+06  1.589e+06   1.61e+06  8.104e+05  7.089e+05  8.033e+05 -3.766e+05   5.59e+05 -8.514e+04  6.598e+05   4.32e+05  9.173e+05  6.829e+05  8.668e+05  1.118e+06  1.066e+06   1.24e+06  4.413e+05  6.863e+05  9.257e+05  8.352e+05  7.408e+05    9.8e+05  5.956e+05  8.829e+05   1.19e+06  1.063e+06  9.537e+05  1.024e+06   -4.2e+04  1.734e+05  7.482e+05  3.529e+05  1.108e+06  4.901e+05 -5.863e+05  3.138e+05  2.066e+05  8.121e+05  1.118e+06  1.367e+06  1.179e+06  3.038e+05  7.925e+05  1.272e+06  7.712e+05  7.987e+05  7.192e+05  1.601e+06  5.317e+05  1.925e+06  1.104e+06  1.824e+06   2.09e+06    1.3e+06  1.564e+06  1.884e+06  1.373e+06  1.217e+06  1.429e+06  1.488e+06  1.388e+06  1.254e+06   2.07e+06  1.853e+06  1.081e+06  1.621e+06  3.457e+05  1.378e+06   1.33e+06  1.483e+06  1.133e+06  2.026e+06  1.612e+06  1.238e+06  9.039e+05  5.309e+05
  1.282e+06   1.85e+06  1.945e+06   1.54e+06  1.895e+06  1.047e+06 -3.449e+07  2.417e+05   -5.1e+04   8.09e+05 -8.052e+07 -7.507e+05 -2.666e+08 -1.134e+07 -3.544e+07 -1.912e+07 -4.542e+06 -4.745e+05  2.724e+05  1.715e+05 -7.964e+06 -3.351e+06 -7.379e+05  3.966e+05 -1.068e+07 -3.821e+06 -1.598e+06  4.291e+05 -2.527e+05  2.493e+06 -1.377e+06  -3.25e+06 -2.841e+05 -2.253e+06 -6.813e+05  8.822e+04 -1.072e+07 -2.071e+06 -5.072e+06 -1.531e+05 -4.511e+06 -9.525e+05 -2.929e+06   2.53e+05 -1.355e+06 -3.737e+04 -4.153e+05  2.856e+06  2.233e+06 -5.375e+06 -8.365e+06 -3.793e+05 -7.825e+06 -1.385e+06  4.498e+05  4.518e+05 -5.245e+06 -8.617e+05 -7.001e+06 -1.019e+06  3.307e+05  1.392e+06  1.343e+06 -1.298e+05  1.018e+06   2.58e+06  3.071e+06   5.06e+05  3.638e+05  1.069e+06 -2.601e+06  5.457e+05 -1.116e+06  8.323e+05 -6.818e+05  1.294e+06  3.954e+05  3.411e+05  1.219e+06   1.76e+06  1.288e+06   2.33e+05  1.284e+06  9.834e+05  1.002e+06  1.246e+06  1.725e+06  1.965e+06  1.977e+06  2.312e+06  1.174e+06  8.604e+05  1.949e+06 -6.331e+06 -3.689e+06 -2.987e+05 -2.362e+06 -2.897e+05 -1.601e+05 -6.201e+06 -2.216e+05 -3.085e+06  -1.16e+06  1.046e+06   1.21e+06   7.96e+05 -3.545e+05  2.364e+05  5.276e+05  -1.96e+06 -1.635e+06 -1.156e+06  5.204e+05 -6.458e+05  -3.83e+05  9.455e+05 -1.397e+06  1.934e+06  1.269e+06  1.566e+06  1.959e+06  3.982e+06  2.312e+06   1.93e+06  3.605e+05  1.222e+06  8.121e+05  2.184e+06  3.172e+06 -2.067e+06  1.105e+06 -3.742e+06  1.511e+06  3.157e+04  1.605e+06  -7.44e+05  9.428e+05  2.345e+06  2.586e+06  1.783e+06  8.945e+05
  1.194e+06  1.438e+06  1.591e+06  9.479e+05  1.676e+06  1.103e+06 -2.798e+06  6.132e+05  2.013e+05  7.915e+05 -4.396e+06 -1.147e+05 -1.134e+07  -8.12e+07 -1.107e+06  -1.99e+06 -6.945e+05  2.025e+05  4.267e+05  4.408e+05 -5.885e+05 -7.241e+05  -1.09e+05  8.168e+05 -2.124e+06 -8.552e+05 -1.362e+05 -4.594e+05 -1.917e+05  1.925e+06   1.77e+05 -6.274e+05  6.652e+05 -5.034e+05  1.518e+05  8.348e+05 -2.786e+06 -3.586e+04 -1.548e+06 -8.444e+04 -9.682e+05  1.869e+05 -6.736e+05  5.608e+04 -3.286e+05  4.918e+05  3.748e+05   1.89e+06  1.008e+06 -3.875e+05 -2.735e+06  2.347e+05  -1.93e+06  -8.54e+04  6.973e+05  2.593e+05 -9.892e+05  2.993e+05 -2.478e+06  2.521e+04  5.641e+05  1.183e+06  9.535e+05  4.278e+05  7.061e+05  2.004e+06  1.968e+06  4.887e+05  6.476e+05  8.255e+05 -5.343e+05  7.869e+05 -6.214e+04  6.602e+05  5.001e+05  7.738e+05  4.989e+05  9.448e+05   1.09e+06  1.092e+06  1.386e+06   6.27e+05  1.041e+06   9.85e+05  1.005e+06  9.588e+05  1.183e+06  1.384e+06   1.24e+06  1.605e+06  4.766e+05  7.098e+05  1.059e+06 -9.078e+05 -8.323e+05  3.795e+05  -2.75e+05  4.169e+05  5.473e+05 -1.247e+06  3.689e+05 -5.904e+05  8.552e+04 -1.135e+06   9.42e+05  9.869e+05       8603  4.517e+05  6.904e+05 -1.399e+05  1.757e+05 -1.241e+05  1.776e+05 -5.509e+05  1.258e+06   1.06e+06   1.35e+06  2.185e+06  1.314e+06  1.126e+06  2.621e+06  2.249e+06  2.201e+06 -2.013e+05  4.145e+05  1.016e+06  9.837e+05  9.343e+05  2.654e+06 -3.494e+05  1.601e+06  -1.01e+06   4.07e+05  8.399e+04  1.148e+06  7.715e+05  8.798e+05  2.252e+06  1.351e+06  1.064e+06   6.62e+05
  1.545e+06  1.703e+06  1.881e+06  1.512e+06  1.257e+06  1.441e+06 -8.126e+06   3.81e+05   2.41e+05  7.543e+05  -1.54e+07  4.969e+05 -3.544e+07 -1.107e+06 -1.315e+08 -4.721e+06 -1.821e+05  1.072e+06  9.226e+05  9.071e+05 -2.218e+06  2.567e+05  9.444e+05  4.915e+05 -4.505e+06 -1.014e+05  3.423e+05  1.449e+06 -1.643e+05  1.408e+06  6.906e+05 -3.542e+05  7.762e+05 -2.934e+05  6.597e+05 -3.736e+05  -3.52e+06  -9.02e+05  -1.77e+05  4.751e+05 -5.347e+05  5.066e+05  3.051e+05  7.499e+05  5.531e+05  5.232e+05  3.669e+05  3.605e+05  5.565e+05 -1.649e+06 -2.644e+06   6.31e+05 -1.108e+06  1.098e+06  9.787e+05  1.332e+06 -6.505e+05  5.671e+05 -1.399e+06  9.359e+05  1.435e+06  1.416e+06  1.512e+06  1.163e+06  1.482e+06  2.106e+06  1.159e+06  1.475e+06  1.022e+06  1.522e+06   3.55e+05  1.276e+06  8.653e+05  1.413e+06  7.333e+05  1.539e+06  1.742e+06  2.325e+06  2.036e+06  1.587e+06  2.219e+06  1.617e+06  1.686e+06  1.883e+06   2.01e+06    1.7e+06  2.299e+06   2.72e+06  3.083e+06  1.883e+06  1.316e+06  2.818e+06  1.917e+06 -1.623e+06      -8619  6.345e+05 -1.079e+05  4.379e+05  1.021e+06  -1.07e+06  7.215e+05 -1.197e+05  7.409e+05 -7.755e+05  6.457e+05  7.757e+05   6.57e+05  5.333e+05  5.799e+05 -4.247e+05  6.475e+05 -1.109e+05  2.058e+05 -1.127e+05 -6.332e+05 -7.695e+04  1.168e+06  1.594e+06 -3.008e+05   5.18e+05  2.249e+05   2.96e+05 -6.921e+05  7.678e+05  1.199e+06  5.695e+05  1.506e+06  5.724e+05  1.076e+06 -1.422e+05  5.773e+05 -1.456e+06  1.109e+06  1.325e+06  1.836e+06  1.243e+05  2.435e+05  4.583e+05  1.308e+06  1.182e+06  8.077e+05
 -4.399e+05  1.769e+06   1.58e+06   1.29e+06  1.716e+06 -1.688e+06 -2.655e+08 -1.681e+07 -2.357e+06 -6.701e+06 -3.589e+07 -1.051e+06 -1.912e+07  -1.99e+06 -4.721e+06  -6.54e+08 -1.612e+07 -2.919e+06 -6.462e+05 -6.382e+05 -1.736e+07 -6.267e+06  -1.65e+06 -5.412e+05 -2.484e+07 -8.097e+06 -3.897e+06 -2.056e+06 -7.123e+05  3.196e+06 -4.008e+05 -6.561e+06 -2.271e+06 -5.736e+06 -2.004e+06 -1.402e+06 -1.763e+07 -3.411e+06 -8.113e+06 -6.883e+05 -8.525e+06 -2.338e+06 -6.337e+06  -9.78e+05 -3.534e+06   8.52e+04 -8.641e+05  2.778e+06  1.143e+06 -1.927e+07 -1.143e+07 -2.042e+06  -1.31e+07 -4.035e+06 -9.777e+05 -5.949e+05 -9.089e+06 -2.499e+06  -1.12e+07 -4.169e+06 -5.663e+05  1.602e+06  7.558e+05 -5.501e+05  6.542e+05  3.968e+06  3.974e+06 -1.769e+04  7.196e+05  4.831e+05 -7.596e+06 -6.063e+05 -4.301e+06   9.69e+04 -3.087e+06   3.91e+05 -5.916e+05 -1.625e+05  1.749e+05   1.38e+06  2.422e+05  7.331e+05  1.039e+05  8.304e+05  3.867e+05  2.067e+05  1.048e+06  1.102e+06  2.206e+06   2.28e+06  2.345e+06  1.843e+06  6.129e+05 -1.245e+07 -7.327e+06 -1.901e+06 -5.542e+06 -1.693e+06 -3.603e+06 -1.384e+07 -2.388e+06 -6.852e+06  -3.19e+06 -6.482e+05  8.679e+05   3.96e+05   4.18e+05  -3.01e+05 -8.253e+04 -2.067e+06 -1.626e+05  1.142e+06 -1.283e+06 -5.117e+04 -1.313e+06  3.224e+06  2.505e+06  2.485e+06 -1.408e+06  1.128e+06  3.524e+06  3.695e+06  4.435e+06  9.404e+05  7.195e+05  6.026e+05  1.287e+06  3.686e+05  2.341e+06 -1.733e+06  1.386e+06 -4.871e+06  4.261e+05 -1.471e+06  1.727e+06 -3.888e+06 -2.301e+06  3.106e+06  1.473e+06  1.031e+06  8.387e+05
   9.16e+05  2.156e+06  2.499e+06  2.076e+06  2.717e+06  2.624e+05 -1.212e+07 -5.646e+06 -9.574e+05 -2.704e+06 -7.297e+06 -7.319e+05 -4.542e+06 -6.945e+05 -1.821e+05 -1.612e+07 -7.748e+08  4.853e+05  4.468e+05  3.318e+05  -3.36e+08 -6.785e+06 -2.204e+06 -1.224e+06 -1.313e+08 -1.671e+07 -7.083e+06 -2.237e+06 -2.962e+06  1.495e+06 -1.918e+06 -1.024e+07 -4.536e+06 -9.693e+06 -4.146e+06 -2.433e+06 -3.537e+07 -7.291e+06  -1.63e+07  -1.22e+06 -1.454e+07 -3.373e+06 -1.134e+07 -1.924e+06 -5.061e+06 -3.018e+05  -1.66e+06  2.515e+06  1.645e+06 -7.043e+07 -2.118e+07 -3.022e+06 -1.725e+07 -6.182e+06 -1.448e+06 -6.581e+05 -1.607e+07 -4.568e+06 -1.502e+07 -5.113e+06  -6.09e+05  1.145e+06  1.105e+06 -1.666e+06 -1.809e+05  2.235e+06  3.953e+06 -1.947e+06 -1.804e+05  2.312e+05 -9.561e+06 -8.147e+05 -6.062e+06 -1.705e+05  -4.55e+06  3.054e+05 -1.286e+06   4.56e+05  5.644e+05   1.35e+06  1.767e+06 -1.262e+06   7.54e+05  6.523e+05  1.122e+06  2.578e+05  1.372e+06  1.963e+06   2.29e+06  2.399e+06  1.534e+06  3.072e+06  7.001e+05 -2.213e+07 -1.251e+07 -2.938e+06 -8.683e+06 -1.738e+06 -4.608e+06 -2.043e+07 -2.848e+06  -1.05e+07 -3.087e+06  2.182e+04  5.747e+05  7.818e+04 -1.491e+06 -1.154e+06 -1.833e+06 -5.608e+06 -1.958e+06 -2.776e+04  3.722e+05 -4.334e+06  5.866e+05  2.703e+06  2.852e+06  1.489e+06  2.832e+06 -4.082e+05  6.771e+05  2.568e+06  2.838e+06  1.226e+06 -3.062e+05  3.742e+05  8.257e+05  1.216e+06  3.012e+06 -2.956e+06  1.616e+06 -9.171e+05  1.981e+06  2.598e+05  1.944e+06 -2.916e+06   2.03e+06  2.955e+06  3.851e+06  2.539e+06  1.085e+06
   9.58e+05  1.552e+06  1.663e+06  1.238e+06  1.564e+06  6.248e+05 -3.693e+06 -4.281e+05  4.565e+05  1.233e+05  -2.58e+06 -6.158e+05 -4.745e+05  2.025e+05  1.072e+06 -2.919e+06  4.853e+05 -1.109e+08 -1.317e+07 -2.084e+07 -1.224e+07 -3.434e+06  -9.98e+05 -6.305e+05  -6.87e+06 -3.059e+06 -1.886e+06 -8.672e+05 -7.679e+05  1.929e+06 -7.069e+04 -2.914e+06 -1.134e+06 -3.644e+06  -1.07e+06   6.27e+04 -7.034e+06   -1.1e+06 -4.888e+06 -4.461e+05 -5.473e+06 -1.131e+06  -2.81e+06  3.778e+04 -2.045e+06  4.652e+05 -7.199e+05  1.511e+06  1.115e+06 -2.815e+06 -9.309e+06 -1.125e+06 -7.349e+06 -2.363e+06 -5.089e+04 -2.998e+05 -4.122e+06 -7.082e+05 -5.741e+06 -1.376e+06  2.252e+05  1.239e+06  1.118e+06 -1.387e+05  6.271e+05  1.778e+06  2.157e+06  2.316e+04  1.357e+05  6.276e+05 -3.442e+06 -3.759e+05 -2.125e+06  2.086e+05 -1.313e+06  4.469e+05 -1.956e+05  7.417e+05  2.401e+05  7.031e+05  1.131e+06    9.5e+04  3.596e+05  4.915e+05  3.683e+05  2.947e+05  1.229e+06  6.387e+05  1.132e+06  1.717e+06   1.16e+06  2.034e+06  7.302e+05  -3.15e+06 -2.025e+06  7.727e+04  -1.17e+06  2.934e+05 -7.114e+05 -4.128e+06 -8.366e+05  -1.68e+06   -3.5e+05 -1.522e+06  1.441e+06  1.098e+06 -4.672e+05  9.248e+05  1.243e+06 -1.866e+05  5.767e+05  6.467e+05  9.617e+05  1.261e+06  2.122e+06  1.944e+06  2.576e+06  1.718e+06   1.88e+06   1.34e+06  1.304e+06  7.491e+05  2.824e+06  2.387e+06  1.559e+06  7.081e+05  1.439e+06  2.302e+06  2.113e+06  6.974e+05  1.367e+06  -6.07e+05  1.035e+06  1.217e+06  2.225e+06  1.675e+06  1.976e+06  2.925e+06  9.779e+05  1.775e+06  6.662e+05
  7.335e+05  1.016e+06  1.043e+06  9.576e+05   9.98e+05  5.623e+05 -6.276e+05  2.251e+05  5.222e+05  3.337e+05 -5.423e+05      -1154  2.724e+05  4.267e+05  9.226e+05 -6.462e+05  4.468e+05 -1.317e+07 -2.946e+07  1.076e+06 -2.008e+06 -9.053e+05     -67.53  4.029e+04 -1.997e+06 -5.397e+05 -2.881e+05  3.306e+05  3.362e+05  1.172e+06  9.849e+05 -7.541e+05  4.171e+04 -8.954e+05 -1.111e+05   1.95e+05 -2.067e+06  5.135e+04 -1.506e+06   1.56e+05 -1.468e+06 -1.882e+05 -7.329e+05   5.48e+05 -4.742e+05  7.096e+05   4.54e+05  1.096e+06  9.767e+05 -6.778e+05 -2.941e+06 -8.272e+04 -1.989e+06 -6.006e+05  1.166e+05  7.174e+04 -9.397e+05  1.982e+05 -1.662e+06 -2.063e+05  6.181e+05  7.645e+05  8.289e+05  1.025e+05  5.553e+05  1.547e+06  1.449e+06  2.542e+05  5.024e+05   4.72e+05  -7.38e+05  1.854e+05 -2.104e+05  4.114e+05 -1.913e+05  6.351e+05  2.598e+05  6.562e+05  5.753e+05  6.586e+05  8.068e+05  1.953e+05   3.88e+05  6.673e+05  6.438e+05  2.782e+05  8.059e+05  7.868e+05  7.682e+05  1.312e+06  8.872e+05  1.413e+06  7.719e+05 -5.427e+05 -2.045e+05  4.928e+05   1.19e+05  7.326e+05  7.589e+04  -9.96e+05  1.246e+05 -1.276e+05  5.292e+05  9.099e+05  1.259e+06   1.03e+06   1.48e+05  7.652e+05  1.053e+06  7.364e+05  8.998e+05  6.001e+05  1.329e+06  8.237e+05  1.343e+06  1.373e+06  1.375e+06  1.842e+06  1.162e+06  4.551e+05  1.177e+06   7.63e+05  2.031e+06  1.953e+06  9.498e+05  1.194e+06  1.265e+06  1.695e+06  1.889e+06  9.452e+05  1.083e+06  5.983e+05  1.062e+06  7.546e+05  1.083e+06  5.387e+05  1.393e+06  1.933e+06  1.563e+06  1.075e+06  4.113e+05
   7.86e+05  1.095e+06  1.182e+06  9.488e+05  1.052e+06    6.1e+05 -7.241e+05  1.661e+05  4.079e+05  5.487e+05  -5.22e+05  2.062e+05  1.715e+05  4.408e+05  9.071e+05 -6.382e+05  3.318e+05 -2.084e+07  1.076e+06 -3.805e+07 -3.716e+06 -9.507e+05 -2.058e+04   3.19e+05 -2.467e+06  -9.31e+05 -3.001e+05 -1.125e+05  3.007e+05  1.528e+06  6.035e+05 -6.802e+05 -5.314e+04 -9.444e+05  -1.35e+05  6.034e+05 -2.996e+06       9830 -1.243e+06  2.002e+05 -1.537e+06  2.897e+04 -1.138e+06  5.141e+05 -3.696e+05  6.791e+05  2.125e+05  1.285e+06  1.413e+06 -9.534e+05 -3.145e+06 -3.187e+04 -2.655e+06 -5.142e+05   4.46e+05  2.732e+05 -1.326e+06       7391 -2.047e+06 -1.952e+05  5.574e+05  9.009e+05  8.737e+05  3.316e+05  7.506e+05  1.306e+06  1.465e+06   5.51e+05  6.386e+05  7.164e+05 -9.885e+05  1.897e+05  -5.47e+05  5.073e+05 -1.791e+05  6.247e+05  3.524e+05  6.233e+05  7.369e+05  9.457e+05   9.78e+05  6.006e+05   7.88e+05  5.221e+05  7.251e+05  7.695e+05  1.014e+06  7.883e+05  1.007e+06  1.308e+06  8.724e+05  8.162e+05  9.262e+05 -1.031e+06 -4.586e+05  4.344e+05 -4.795e+04  7.339e+05  1.511e+05 -1.116e+06  1.271e+05 -4.424e+05   1.53e+05 -1.359e+04  1.132e+06  8.741e+05  5.388e+05  7.628e+05  9.376e+05  1.071e+05  5.261e+05  1.156e+06  8.384e+05  7.679e+05  1.531e+06    1.4e+06  1.575e+06  1.552e+06  1.759e+06   1.24e+06  1.573e+06   2.32e+06  1.981e+06  1.324e+06   1.26e+06  8.523e+05  1.038e+06  1.251e+06  1.872e+06  1.049e+06  1.164e+06  4.186e+04  1.177e+06  9.567e+05  1.126e+06  9.371e+05  1.001e+06  1.944e+06  1.852e+06  1.133e+06  5.109e+05
  4.905e+05  2.047e+06  2.141e+06  2.061e+06  2.719e+06 -2.552e+05 -1.607e+07 -7.255e+06 -1.651e+06 -3.716e+06 -9.187e+06 -6.365e+05 -7.964e+06 -5.885e+05 -2.218e+06 -1.736e+07  -3.36e+08 -1.224e+07 -2.008e+06 -3.716e+06 -1.583e+09 -1.463e+07 -4.171e+06 -2.214e+06 -3.061e+08  -2.58e+07 -9.948e+06 -4.565e+06 -4.816e+06 -1.294e+06 -2.996e+06 -1.465e+07 -7.078e+06 -1.456e+07 -6.336e+06 -5.227e+06 -6.938e+07 -1.372e+07 -2.659e+07 -2.502e+06 -2.294e+07 -6.562e+06  -1.85e+07 -3.653e+06  -8.35e+06 -2.442e+05 -3.378e+06   1.59e+06  4.506e+05 -6.108e+07 -2.875e+07 -2.867e+06 -2.118e+07 -5.713e+06 -1.734e+06  1.123e+05 -1.722e+07 -5.186e+06  -1.83e+07 -4.963e+06 -1.609e+06  1.011e+06   3.46e+05 -2.349e+06 -1.342e+04  3.869e+06  4.143e+06 -2.652e+06 -2.919e+05  1.127e+06 -8.439e+06 -6.269e+05 -6.961e+06  1.905e+04 -5.371e+06   3.98e+05 -1.006e+06  7.189e+05  7.825e+05  1.474e+06  1.355e+06 -1.852e+06 -6.018e+05   4.22e+05  1.276e+06  1.016e+06  2.222e+06  2.406e+06  3.403e+06  3.257e+06  1.157e+06  8.913e+05  4.867e+04 -3.102e+07 -1.611e+07 -3.307e+06 -1.048e+07 -5.021e+06 -4.786e+06 -2.372e+07  -3.33e+06 -1.367e+07 -3.417e+06 -5.864e+05  1.185e+06 -4.737e+04 -4.275e+05 -1.598e+06 -1.245e+06 -1.011e+07 -1.688e+06 -3.884e+06  2.883e+05 -3.786e+06 -1.063e+07  9.552e+05 -3.019e+06  2.107e+06   3.08e+06 -5.046e+06  5.661e+06  4.064e+06  1.577e+06  1.187e+06 -1.477e+06  7.016e+05  2.001e+05 -2.981e+06  2.315e+06 -5.441e+06  6.115e+05 -5.021e+06        916  4.528e+05 -1.084e+06  2.166e+06 -1.343e+06  5.077e+06   6.81e+06  7.775e+05  1.213e+06
  1.488e+06  2.549e+06  2.733e+06  1.705e+06  2.625e+06  1.126e+06 -8.181e+06 -2.193e+06 -1.084e+05 -9.166e+05 -5.729e+06 -1.386e+05 -3.351e+06 -7.241e+05  2.567e+05 -6.267e+06 -6.785e+06 -3.434e+06 -9.053e+05 -9.507e+05 -1.463e+07 -3.497e+08 -4.029e+07 -1.678e+07 -5.818e+07 -1.119e+07 -5.625e+06 -2.613e+06 -2.608e+06  2.723e+06 -1.521e+06 -9.011e+06 -2.856e+06  -6.06e+06 -3.584e+06 -1.951e+06 -1.754e+07 -4.768e+06 -1.301e+07 -1.518e+06 -1.254e+07  -3.75e+06 -8.234e+06 -2.353e+06 -4.379e+06 -8.158e+05 -1.002e+06  1.764e+06  8.082e+04 -9.042e+06 -1.525e+07 -1.688e+06 -1.204e+07 -3.415e+06 -1.366e+05 -1.074e+05 -9.578e+06 -2.561e+06 -1.136e+07 -2.892e+06 -2.896e+05   1.49e+06   1.56e+06 -6.913e+05  7.323e+05  3.594e+06  3.525e+06 -1.265e+06   6.26e+05  8.741e+05 -5.281e+06 -6.209e+05   -2.8e+06  6.094e+05 -1.984e+06   8.81e+05 -4.958e+04  1.233e+06  9.404e+05  1.512e+06   1.77e+06 -2.225e+05  1.514e+06  1.082e+06    1.3e+06  8.549e+05  1.434e+06   2.14e+06  2.905e+06  2.101e+06  1.276e+06  8.448e+05  1.421e+06 -1.053e+07 -6.591e+06 -1.609e+06 -5.148e+06  -6.76e+05 -2.848e+06 -8.879e+06 -9.686e+05 -4.925e+06 -1.771e+06  4.245e+04  1.618e+06  9.467e+05 -1.936e+05  7.525e+04  1.798e+05 -2.247e+06 -9.439e+05 -1.104e+06 -3.572e+05 -5.752e+05  2.684e+06  3.024e+06  1.726e+05  3.532e+06  2.453e+06  1.381e+06  1.802e+06  1.862e+06   2.12e+06 -1.483e+06  9.152e+04  6.499e+05  2.069e+06  3.236e+06  3.683e+06 -1.409e+06  2.073e+06 -1.077e+06  1.258e+06 -3.528e+05  1.495e+06 -2.381e+06  2.002e+06  2.917e+06  1.602e+06  3.551e+06  9.547e+05
